500000,-47.3555107116699,,,
501269.035532995,-47.4698295593262,,,
502538.07106599,-47.5841369628906,,,
503807.106598985,-47.6984558105469,,,
505076.14213198,-47.8127517700195,,,
506345.177664975,-47.9270706176758,,,
507614.21319797,-48.0068435668945,,,
508883.248730964,-47.7372512817383,,,
510152.284263959,-47.4676780700684,,,
511421.319796954,-47.1981048583984,,,
512690.355329949,-46.928524017334,,,
513959.390862944,-46.6589546203613,,,
515228.426395939,-46.399356842041,,,
516497.461928934,-46.1851844787598,,,
517766.497461929,-45.9710350036621,,,
519035.532994924,-45.7568702697754,,,
520304.568527919,-45.5426940917969,,,
521573.604060914,-45.3285446166992,,,
522842.639593909,-45.0961647033691,,,
524111.675126904,-44.8145370483398,,,
525380.710659898,-44.5329093933105,,,
526649.746192893,-44.2512855529785,,,
527918.781725888,-43.9696502685547,,,
529187.817258883,-43.6880111694336,,,
530456.852791878,-43.6447830200195,,,
531725.888324873,-44.0253715515137,,,
532994.923857868,-44.4059638977051,,,
534263.959390863,-44.7865524291992,,,
535532.994923858,-45.1671447753906,,,
536802.030456853,-45.547737121582,,,
538071.065989848,-45.8357772827148,,,
539340.101522843,-46.0107269287109,,,
540609.137055838,-46.1856918334961,,,
541878.172588832,-46.3606414794922,,,
543147.208121827,-46.5355758666992,,,
544416.243654822,-46.7105178833008,,,
545685.279187817,-46.6615371704102,,,
546954.314720812,-46.4217796325684,,,
548223.350253807,-46.1820182800293,,,
549492.385786802,-45.9422645568848,,,
550761.421319797,-45.7024955749512,,,
552030.456852792,-45.4627456665039,,,
553299.492385787,-45.2541351318359,,,
554568.527918782,-45.0638198852539,,,
555837.563451777,-44.8734931945801,,,
557106.598984772,-44.683162689209,,,
558375.634517767,-44.4928436279297,,,
559644.670050761,-44.3025245666504,,,
560913.705583756,-44.5016860961914,,,
562182.741116751,-44.8523254394531,,,
563451.776649746,-45.2029495239258,,,
564720.812182741,-45.553581237793,,,
565989.847715736,-45.9042205810547,,,
567258.883248731,-46.2548561096191,,,
568527.918781726,-46.4185256958008,,,
569796.954314721,-46.5383262634277,,,
571065.989847716,-46.658130645752,,,
572335.025380711,-46.7779426574707,,,
573604.060913706,-46.8977546691895,,,
574873.096446701,-47.0175476074219,,,
576142.131979695,-46.7127075195313,,,
577411.16751269,-46.3606834411621,,,
578680.203045685,-46.0086517333984,,,
579949.23857868,-45.6566162109375,,,
581218.274111675,-45.3045883178711,,,
582487.30964467,-44.9525489807129,,,
583756.345177665,-44.8630447387695,,,
585025.38071066,-44.7761840820313,,,
586294.416243655,-44.6893119812012,,,
587563.45177665,-44.6024436950684,,,
588832.487309645,-44.5155830383301,,,
590101.52284264,-44.4520492553711,,,
591370.558375634,-44.6569747924805,,,
592639.593908629,-44.8619079589844,,,
593908.629441624,-45.066822052002,,,
595177.664974619,-45.2717514038086,,,
596446.700507614,-45.4766731262207,,,
597715.736040609,-45.5937843322754,,,
598984.771573604,-45.2822341918945,,,
600253.807106599,-44.9706802368164,,,
601522.842639594,-44.6591377258301,,,
602791.878172589,-44.3475799560547,,,
604060.913705584,-44.0360260009766,,,
605329.949238579,-43.8175811767578,,,
606598.984771574,-43.8640747070313,,,
607868.020304569,-43.910587310791,,,
609137.055837563,-43.9570999145508,,,
610406.091370558,-44.0035934448242,,,
611675.126903553,-44.0501022338867,,,
612944.162436548,-43.9698638916016,,,
614213.197969543,-43.6542663574219,,,
615482.233502538,-43.3386688232422,,,
616751.269035533,-43.0230598449707,,,
618020.304568528,-42.7074394226074,,,
619289.340101523,-42.3918495178223,,,
620558.375634518,-42.2012939453125,,,
621827.411167513,-42.1698837280273,,,
623096.446700508,-42.1384773254395,,,
624365.482233503,-42.1070709228516,,,
625634.517766497,-42.0756607055664,,,
626903.553299492,-42.044246673584,,,
628172.588832487,-41.9255790710449,,,
629441.624365482,-41.7294998168945,,,
630710.659898477,-41.5334167480469,,,
631979.695431472,-41.3373489379883,,,
633248.730964467,-41.1412811279297,,,
634517.766497462,-40.9452018737793,,,
635786.802030457,-41.0701217651367,,,
637055.837563452,-41.3917617797852,,,
638324.873096447,-41.7134017944336,,,
639593.908629442,-42.035026550293,,,
640862.944162437,-42.3566703796387,,,
642131.979695431,-42.6782913208008,,,
643401.015228426,-42.733024597168,,,
644670.050761421,-42.6787338256836,,,
645939.086294416,-42.6244087219238,,,
647208.121827411,-42.5701141357422,,,
648477.157360406,-42.5158271789551,,,
649746.192893401,-42.4615211486816,,,
651015.228426396,-42.1325836181641,,,
652284.263959391,-41.7350158691406,,,
653553.299492386,-41.3374404907227,,,
654822.335025381,-40.939868927002,,,
656091.370558376,-40.5423049926758,,,
657360.406091371,-40.1447296142578,,,
658629.441624366,-40.4784088134766,,,
659898.47715736,-40.902458190918,,,
661167.512690355,-41.3265037536621,,,
662436.54822335,-41.7505722045898,,,
663705.583756345,-42.1746292114258,,,
664974.61928934,-42.5986709594727,,,
666243.654822335,-42.2530746459961,,,
667512.69035533,-41.8917808532715,,,
668781.725888325,-41.5304641723633,,,
670050.76142132,-41.1691741943359,,,
671319.796954315,-40.8078842163086,,,
672588.83248731,-40.4678268432617,,,
673857.868020305,-40.4101600646973,,,
675126.903553299,-40.3524856567383,,,
676395.939086294,-40.2948150634766,,,
677664.974619289,-40.2371482849121,,,
678934.010152284,-40.1794738769531,,,
680203.045685279,-40.086555480957,,,
681472.081218274,-39.8085746765137,,,
682741.116751269,-39.5305976867676,,,
684010.152284264,-39.2526321411133,,,
685279.187817259,-38.9746627807617,,,
686548.223350254,-38.6966934204102,,,
687817.258883249,-38.5488891601563,,,
689086.294416244,-38.791618347168,,,
690355.329949239,-39.034351348877,,,
691624.365482233,-39.2770690917969,,,
692893.401015228,-39.5197982788086,,,
694162.436548223,-39.762523651123,,,
695431.472081218,-40.017204284668,,,
696700.507614213,-40.2950630187988,,,
697969.543147208,-40.5729141235352,,,
699238.578680203,-40.8507804870605,,,
700507.614213198,-41.1286392211914,,,
701776.649746193,-41.4064979553223,,,
703045.685279188,-41.3521194458008,,,
704314.720812183,-40.8573112487793,,,
705583.756345178,-40.3624954223633,,,
706852.791878173,-39.8676948547363,,,
708121.827411168,-39.3729095458984,,,
709390.862944162,-38.8780937194824,,,
710659.898477157,-38.6455001831055,,,
711928.934010152,-38.6549263000488,,,
713197.969543147,-38.6643676757813,,,
714467.005076142,-38.6738243103027,,,
715736.040609137,-38.6832313537598,,,
717005.076142132,-38.6926651000977,,,
718274.111675127,-38.6522445678711,,,
719543.147208122,-38.579906463623,,,
720812.182741117,-38.5075759887695,,,
722081.218274112,-38.4352493286133,,,
723350.253807107,-38.3629264831543,,,
724619.289340102,-38.2905921936035,,,
725888.324873096,-38.0485458374023,,,
727157.360406091,-37.7337608337402,,,
728426.395939086,-37.4189758300781,,,
729695.431472081,-37.1041984558105,,,
730964.467005076,-36.7893943786621,,,
732233.502538071,-36.4746131896973,,,
733502.538071066,-36.6313438415527,,,
734771.573604061,-36.9134178161621,,,
736040.609137056,-37.1954917907715,,,
737309.644670051,-37.4775772094727,,,
738578.680203046,-37.7596664428711,,,
739847.715736041,-38.0417251586914,,,
741116.751269036,-37.7471313476563,,,
742385.78680203,-37.373908996582,,,
743654.822335025,-37.0006790161133,,,
744923.85786802,-36.6274490356445,,,
746192.893401015,-36.2542190551758,,,
747461.92893401,-35.8810043334961,,,
748730.964467005,-35.8672561645508,,,
750000,-35.8646125793457,,,
751269.035532995,-35.8619918823242,,,
752538.07106599,-35.8593788146973,,,
753807.106598985,-35.856746673584,,,
755076.14213198,-35.8613204956055,,,
756345.177664975,-35.9784736633301,,,
757614.21319797,-36.0956230163574,,,
758883.248730964,-36.2128028869629,,,
760152.284263959,-36.3299446105957,,,
761421.319796954,-36.4471015930176,,,
762690.355329949,-36.5415191650391,,,
763959.390862944,-36.5071182250977,,,
765228.426395939,-36.4727172851563,,,
766497.461928934,-36.4383125305176,,,
767766.497461929,-36.4039077758789,,,
769035.532994924,-36.369499206543,,,
770304.568527919,-36.3514823913574,,,
771573.604060914,-36.3854293823242,,,
772842.639593909,-36.4193572998047,,,
774111.675126904,-36.4532890319824,,,
775380.710659898,-36.4872169494629,,,
776649.746192893,-36.5211563110352,,,
777918.781725888,-36.475040435791,,,
779187.817258883,-36.266414642334,,,
780456.852791878,-36.0577850341797,,,
781725.888324873,-35.8491630554199,,,
782994.923857868,-35.6405334472656,,,
784263.959390863,-35.4319076538086,,,
785532.994923858,-35.0032577514648,,,
786802.030456853,-34.270751953125,,,
788071.065989848,-33.5382308959961,,,
789340.101522843,-32.8057174682617,,,
790609.137055838,-32.0732116699219,,,
791878.172588832,-31.3407039642334,,,
793147.208121827,-31.3044033050537,,,
794416.243654822,-31.9370269775391,,,
795685.279187817,-32.5696678161621,,,
796954.314720812,-33.2023086547852,,,
798223.350253807,-33.8349380493164,,,
799492.385786802,-34.4675636291504,,,
800761.421319797,-34.4469795227051,,,
802030.456852792,-33.9909477233887,,,
803299.492385787,-33.5348968505859,,,
804568.527918782,-33.0788497924805,,,
805837.563451777,-32.6227912902832,,,
807106.598984772,-32.1667556762695,,,
808375.634517767,-31.9788360595703,,,
809644.670050761,-31.9114036560059,,,
810913.705583756,-31.84397315979,,,
812182.741116751,-31.7765312194824,,,
813451.776649746,-31.7090950012207,,,
814720.812182741,-31.6416511535645,,,
815989.847715736,-31.5687828063965,,,
817258.883248731,-31.4943809509277,,,
818527.918781726,-31.4199733734131,,,
819796.954314721,-31.3455772399902,,,
821065.989847716,-31.2711734771729,,,
822335.025380711,-31.1967735290527,,,
823604.060913706,-30.9739017486572,,,
824873.096446701,-30.7288627624512,,,
826142.131979696,-30.4838047027588,,,
827411.16751269,-30.2387542724609,,,
828680.203045685,-29.9936943054199,,,
829949.23857868,-29.7486476898193,,,
831218.274111675,-30.0661315917969,,,
832487.30964467,-30.4070434570313,,,
833756.345177665,-30.7479648590088,,,
835025.38071066,-31.0888919830322,,,
836294.416243655,-31.4298038482666,,,
837563.45177665,-31.74827003479,,,
838832.487309645,-31.6402492523193,,,
840101.52284264,-31.5322170257568,,,
841370.558375634,-31.4241981506348,,,
842639.593908629,-31.3161678314209,,,
843908.629441624,-31.2081356048584,,,
845177.664974619,-31.0983333587646,,,
846446.700507614,-30.9776802062988,,,
847715.736040609,-30.8570137023926,,,
848984.771573604,-30.7363471984863,,,
850253.807106599,-30.6156730651855,,,
851522.842639594,-30.4950065612793,,,
852791.878172589,-30.3899898529053,,,
854060.913705584,-30.3373680114746,,,
855329.949238579,-30.2847328186035,,,
856598.984771574,-30.232105255127,,,
857868.020304569,-30.179479598999,,,
859137.055837563,-30.1268501281738,,,
860406.091370558,-30.0152282714844,,,
861675.126903553,-29.7782192230225,,,
862944.162436548,-29.5412101745605,,,
864213.197969543,-29.304220199585,,,
865482.233502538,-29.0671997070313,,,
866751.269035533,-28.8302116394043,,,
868020.304568528,-28.7614498138428,,,
869289.340101523,-28.9348201751709,,,
870558.375634518,-29.1081695556641,,,
871827.411167513,-29.2815284729004,,,
873096.446700508,-29.4548854827881,,,
874365.482233503,-29.6282444000244,,,
875634.517766497,-29.6028594970703,,,
876903.553299492,-29.3787288665771,,,
878172.588832487,-29.1546211242676,,,
879441.624365482,-28.930477142334,,,
880710.659898477,-28.7063598632813,,,
881979.695431472,-28.4822292327881,,,
883248.730964467,-28.4372043609619,,,
884517.766497462,-28.5166416168213,,,
885786.802030457,-28.5960636138916,,,
887055.837563452,-28.6754970550537,,,
888324.873096447,-28.7549247741699,,,
889593.908629442,-28.8343544006348,,,
890862.944162437,-28.9769897460938,,,
892131.979695431,-29.1493721008301,,,
893401.015228426,-29.321756362915,,,
894670.050761421,-29.4941215515137,,,
895939.086294416,-29.6665096282959,,,
897208.121827411,-29.8389015197754,,,
898477.157360406,-29.5723533630371,,,
899746.192893401,-29.1746978759766,,,
901015.228426396,-28.7770595550537,,,
902284.263959391,-28.3793983459473,,,
903553.299492386,-27.9817600250244,,,
904822.335025381,-27.5841026306152,,,
906091.370558376,-27.9475517272949,,,
907360.406091371,-28.4349308013916,,,
908629.441624366,-28.9222831726074,,,
909898.47715736,-29.4096527099609,,,
911167.512690355,-29.8970069885254,,,
912436.54822335,-30.3843784332275,,,
913705.583756345,-30.3872928619385,,,
914974.61928934,-30.364709854126,,,
916243.654822335,-30.3421268463135,,,
917512.69035533,-30.3195495605469,,,
918781.725888325,-30.2969551086426,,,
920050.76142132,-30.2740669250488,,,
921319.796954315,-30.2434959411621,,,
922588.83248731,-30.2129306793213,,,
923857.868020305,-30.1823692321777,,,
925126.903553299,-30.1517906188965,,,
926395.939086295,-30.1212310791016,,,
927664.974619289,-30.0947513580322,,,
928934.010152284,-30.0955905914307,,,
930203.045685279,-30.096435546875,,,
931472.081218274,-30.0972957611084,,,
932741.116751269,-30.0981254577637,,,
934010.152284264,-30.0989723205566,,,
935279.187817259,-30.111572265625,,,
936548.223350254,-30.1658668518066,,,
937817.258883249,-30.220178604126,,,
939086.294416244,-30.2744846343994,,,
940355.329949239,-30.328784942627,,,
941624.365482233,-30.3830814361572,,,
942893.401015228,-30.6060428619385,,,
944162.436548223,-31.2043952941895,,,
945431.472081218,-31.802734375,,,
946700.507614213,-32.4010887145996,,,
947969.543147208,-32.9994277954102,,,
949238.578680203,-33.5977783203125,,,
950507.614213198,-33.9032783508301,,,
951776.649746193,-33.7694778442383,,,
953045.685279188,-33.6356887817383,,,
954314.720812183,-33.5018920898438,,,
955583.756345178,-33.3681106567383,,,
956852.791878173,-33.2343101501465,,,
958121.827411168,-32.9941635131836,,,
959390.862944162,-32.6433219909668,,,
960659.898477157,-32.2924728393555,,,
961928.934010152,-31.9416313171387,,,
963197.969543147,-31.5907936096191,,,
964467.005076142,-31.2399349212646,,,
965736.040609137,-31.4036254882813,,,
967005.076142132,-31.9398860931396,,,
968274.111675127,-32.4761543273926,,,
969543.147208122,-33.0124206542969,,,
970812.182741117,-33.5486946105957,,,
972081.218274112,-34.0849533081055,,,
973350.253807107,-34.3818283081055,,,
974619.289340102,-34.5608177185059,,,
975888.324873096,-34.7397689819336,,,
977157.360406091,-34.9187545776367,,,
978426.395939086,-35.097728729248,,,
979695.431472081,-35.2766952514648,,,
980964.467005076,-34.8555755615234,,,
982233.502538071,-34.244945526123,,,
983502.538071066,-33.6343154907227,,,
984771.573604061,-33.0237045288086,,,
986040.609137056,-32.4130783081055,,,
987309.644670051,-31.8024387359619,,,
988578.680203046,-32.4194602966309,,,
989847.715736041,-33.2531089782715,,,
991116.751269036,-34.086784362793,,,
992385.78680203,-34.9204406738281,,,
993654.822335025,-35.7540969848633,,,
994923.85786802,-36.587776184082,,,
996192.893401015,-36.266716003418,,,
997461.92893401,-35.8719482421875,,,
998730.964467005,-35.477180480957,,,
1000000,-35.0824203491211,,,
1001269.03553299,-34.6876602172852,,,
1002538.07106599,-34.3043098449707,,,
1003807.10659898,-34.2895317077637,,,
1005076.14213198,-34.2747573852539,,,
1006345.17766497,-34.2599945068359,,,
1007614.21319797,-34.2452201843262,,,
1008883.24873096,-34.2304611206055,,,
1010152.28426396,-34.2321968078613,,,
1011421.31979695,-34.3548889160156,,,
1012690.35532995,-34.4775924682617,,,
1013959.39086294,-34.6002922058105,,,
1015228.42639594,-34.7229881286621,,,
1016497.46192893,-34.8456993103027,,,
1017766.49746193,-34.9965629577637,,,
1019035.53299492,-35.2533187866211,,,
1020304.56852792,-35.5101089477539,,,
1021573.60406091,-35.7668685913086,,,
1022842.63959391,-36.0236434936523,,,
1024111.6751269,-36.2804222106934,,,
1025380.7106599,-36.5107879638672,,,
1026649.74619289,-36.6795501708984,,,
1027918.78172589,-36.8483200073242,,,
1029187.81725888,-37.0170860290527,,,
1030456.85279188,-37.1858520507813,,,
1031725.88832487,-37.3546104431152,,,
1032994.92385787,-37.2992973327637,,,
1034263.95939086,-36.8934860229492,,,
1035532.99492386,-36.4876403808594,,,
1036802.03045685,-36.0818405151367,,,
1038071.06598985,-35.6760177612305,,,
1039340.10152284,-35.270206451416,,,
1040609.13705584,-35.352409362793,,,
1041878.17258883,-35.963306427002,,,
1043147.20812183,-36.5741882324219,,,
1044416.24365482,-37.1850891113281,,,
1045685.27918782,-37.7959976196289,,,
1046954.31472081,-38.4068984985352,,,
1048223.35025381,-38.619945526123,,,
1049492.3857868,-38.5328750610352,,,
1050761.4213198,-38.4457931518555,,,
1052030.45685279,-38.3587265014648,,,
1053299.49238579,-38.2716445922852,,,
1054568.52791878,-38.1845893859863,,,
1055837.56345178,-38.1074523925781,,,
1057106.59898477,-38.0354423522949,,,
1058375.63451777,-37.963436126709,,,
1059644.67005076,-37.891429901123,,,
1060913.70558376,-37.8194160461426,,,
1062182.74111675,-37.7474060058594,,,
1063451.77664975,-37.8260536193848,,,
1064720.81218274,-37.9549179077148,,,
1065989.84771574,-38.0837783813477,,,
1067258.88324873,-38.2126502990723,,,
1068527.91878173,-38.3415107727051,,,
1069796.95431472,-38.4703903198242,,,
1071065.98984772,-38.3426361083984,,,
1072335.02538071,-38.1660346984863,,,
1073604.06091371,-37.9894332885742,,,
1074873.0964467,-37.8128204345703,,,
1076142.1319797,-37.6362190246582,,,
1077411.16751269,-37.4596061706543,,,
1078680.20304569,-37.7717514038086,,,
1079949.23857868,-38.1206855773926,,,
1081218.27411168,-38.469612121582,,,
1082487.30964467,-38.818546295166,,,
1083756.34517766,-39.1674880981445,,,
1085025.38071066,-39.5072250366211,,,
1086294.41624365,-39.3964500427246,,,
1087563.45177665,-39.2856788635254,,,
1088832.48730964,-39.1749076843262,,,
1090101.52284264,-39.0641250610352,,,
1091370.55837563,-38.9533653259277,,,
1092639.59390863,-38.8605995178223,,,
1093908.62944162,-38.9135360717773,,,
1095177.66497462,-38.9664916992188,,,
1096446.70050761,-39.0194282531738,,,
1097715.73604061,-39.0723686218262,,,
1098984.7715736,-39.1253089904785,,,
1100253.8071066,-39.1018524169922,,,
1101522.84263959,-38.772777557373,,,
1102791.87817259,-38.443717956543,,,
1104060.91370558,-38.1146545410156,,,
1105329.94923858,-37.7855758666992,,,
1106598.98477157,-37.4565124511719,,,
1107868.02030457,-37.3127136230469,,,
1109137.05583756,-37.6225318908691,,,
1110406.09137056,-37.9323501586914,,,
1111675.12690355,-38.2421722412109,,,
1112944.16243655,-38.5519943237305,,,
1114213.19796954,-38.8618125915527,,,
1115482.23350254,-39.1603050231934,,,
1116751.26903553,-39.4403457641602,,,
1118020.30456853,-39.7203826904297,,,
1119289.34010152,-40.0004081726074,,,
1120558.37563452,-40.2804374694824,,,
1121827.41116751,-40.5604591369629,,,
1123096.44670051,-40.5335388183594,,,
1124365.4822335,-40.1604537963867,,,
1125634.5177665,-39.7873649597168,,,
1126903.55329949,-39.4142837524414,,,
1128172.58883249,-39.041202545166,,,
1129441.62436548,-38.6681098937988,,,
1130710.65989848,-38.651008605957,,,
1131979.69543147,-38.9135894775391,,,
1133248.73096447,-39.1761817932129,,,
1134517.76649746,-39.4387702941895,,,
1135786.80203046,-39.701358795166,,,
1137055.83756345,-39.9639511108398,,,
1138324.87309645,-40.2084732055664,,,
1139593.90862944,-40.4432830810547,,,
1140862.94416244,-40.6780776977539,,,
1142131.97969543,-40.912899017334,,,
1143401.01522843,-41.1477012634277,,,
1144670.05076142,-41.382511138916,,,
1145939.08629442,-41.2614212036133,,,
1147208.12182741,-41.015251159668,,,
1148477.15736041,-40.7691116333008,,,
1149746.1928934,-40.5229530334473,,,
1151015.2284264,-40.2768096923828,,,
1152284.26395939,-40.0306587219238,,,
1153553.29949239,-40.0279655456543,,,
1154822.33502538,-40.0751419067383,,,
1156091.37055838,-40.1223297119141,,,
1157360.40609137,-40.1695022583008,,,
1158629.44162437,-40.216682434082,,,
1159898.47715736,-40.2638626098633,,,
1161167.51269036,-40.3232612609863,,,
1162436.54822335,-40.3837051391602,,,
1163705.58375635,-40.4441528320313,,,
1164974.61928934,-40.5046043395996,,,
1166243.65482234,-40.565055847168,,,
1167512.69035533,-40.625804901123,,,
1168781.72588832,-40.7159271240234,,,
1170050.76142132,-40.8060493469238,,,
1171319.79695431,-40.8961982727051,,,
1172588.83248731,-40.9863166809082,,,
1173857.8680203,-41.0764541625977,,,
1175126.9035533,-41.1638870239258,,,
1176395.93908629,-41.2270927429199,,,
1177664.97461929,-41.2903099060059,,,
1178934.01015228,-41.3535232543945,,,
1180203.04568528,-41.4167366027832,,,
1181472.08121827,-41.4799423217773,,,
1182741.11675127,-41.5189208984375,,,
1184010.15228426,-41.4546394348145,,,
1185279.18781726,-41.3903427124023,,,
1186548.22335025,-41.3260612487793,,,
1187817.25888325,-41.2617683410645,,,
1189086.29441624,-41.1974601745605,,,
1190355.32994924,-41.1603202819824,,,
1191624.36548223,-41.1929550170898,,,
1192893.40101523,-41.2255935668945,,,
1194162.43654822,-41.2582206726074,,,
1195431.47208122,-41.2908554077148,,,
1196700.50761421,-41.3234939575195,,,
1197969.54314721,-41.3291435241699,,,
1199238.5786802,-41.288875579834,,,
1200507.6142132,-41.2486038208008,,,
1201776.64974619,-41.2083396911621,,,
1203045.68527919,-41.1680717468262,,,
1204314.72081218,-41.1277961730957,,,
1205583.75634518,-41.2076301574707,,,
1206852.79187817,-41.4284477233887,,,
1208121.82741117,-41.6492767333984,,,
1209390.86294416,-41.8701095581055,,,
1210659.89847716,-42.090934753418,,,
1211928.93401015,-42.3117599487305,,,
1213197.96954315,-42.4165306091309,,,
1214467.00507614,-42.4263381958008,,,
1215736.04060914,-42.436164855957,,,
1217005.07614213,-42.4459686279297,,,
1218274.11167513,-42.4558029174805,,,
1219543.14720812,-42.4656105041504,,,
1220812.18274112,-42.3306846618652,,,
1222081.21827411,-42.1143264770508,,,
1223350.25380711,-41.8980026245117,,,
1224619.2893401,-41.6816635131836,,,
1225888.3248731,-41.4653205871582,,,
1227157.36040609,-41.2489776611328,,,
1228426.39593909,-41.3799896240234,,,
1229695.43147208,-41.6394691467285,,,
1230964.46700508,-41.8989524841309,,,
1232233.50253807,-42.1584396362305,,,
1233502.53807107,-42.4179153442383,,,
1234771.57360406,-42.6773910522461,,,
1236040.60913706,-42.5435409545898,,,
1237309.64467005,-42.3233413696289,,,
1238578.68020305,-42.1031379699707,,,
1239847.71573604,-41.882942199707,,,
1241116.75126904,-41.662727355957,,,
1242385.78680203,-41.4425354003906,,,
1243654.82233503,-41.7627983093262,,,
1244923.85786802,-42.1365356445313,,,
1246192.89340102,-42.5102462768555,,,
1247461.92893401,-42.8839797973633,,,
1248730.96446701,-43.2576942443848,,,
1250000,-43.6314086914063,,,
1251269.03553299,-43.3281021118164,,,
1252538.07106599,-43.0247993469238,,,
1253807.10659898,-42.7214965820313,,,
1255076.14213198,-42.4181938171387,,,
1256345.17766497,-42.1148948669434,,,
1257614.21319797,-41.8287696838379,,,
1258883.24873096,-41.716381072998,,,
1260152.28426396,-41.6040000915527,,,
1261421.31979695,-41.4916191101074,,,
1262690.35532995,-41.3792457580566,,,
1263959.39086294,-41.2668647766113,,,
1265228.42639594,-41.2230606079102,,,
1266497.46192893,-41.4917411804199,,,
1267766.49746193,-41.7603874206543,,,
1269035.53299492,-42.029052734375,,,
1270304.56852792,-42.297721862793,,,
1271573.60406091,-42.5663681030273,,,
1272842.63959391,-42.692253112793,,,
1274111.6751269,-42.4320640563965,,,
1275380.7106599,-42.1718826293945,,,
1276649.74619289,-41.9117126464844,,,
1277918.78172589,-41.6515350341797,,,
1279187.81725888,-41.391357421875,,,
1280456.85279188,-41.4206352233887,,,
1281725.88832487,-41.9645309448242,,,
1282994.92385787,-42.5084190368652,,,
1284263.95939086,-43.0523109436035,,,
1285532.99492386,-43.5962066650391,,,
1286802.03045685,-44.1401023864746,,,
1288071.06598985,-44.2990798950195,,,
1289340.10152284,-43.9876136779785,,,
1290609.13705584,-43.6761283874512,,,
1291878.17258883,-43.3646621704102,,,
1293147.20812183,-43.0531921386719,,,
1294416.24365482,-42.7417259216309,,,
1295685.27918782,-42.5172920227051,,,
1296954.31472081,-42.3669929504395,,,
1298223.35025381,-42.216682434082,,,
1299492.3857868,-42.0663833618164,,,
1300761.4213198,-41.9160690307617,,,
1302030.45685279,-41.7657775878906,,,
1303299.49238579,-41.9248123168945,,,
1304568.52791878,-42.2655258178711,,,
1305837.56345178,-42.6062469482422,,,
1307106.59898477,-42.9469528198242,,,
1308375.63451777,-43.2876586914063,,,
1309644.67005076,-43.6283721923828,,,
1310913.70558376,-43.6899871826172,,,
1312182.74111675,-43.6430740356445,,,
1313451.77664975,-43.5961685180664,,,
1314720.81218274,-43.549259185791,,,
1315989.84771574,-43.5023422241211,,,
1317258.88324873,-43.4554290771484,,,
1318527.91878173,-43.4675178527832,,,
1319796.95431472,-43.4934387207031,,,
1321065.98984772,-43.519359588623,,,
1322335.02538071,-43.5452842712402,,,
1323604.06091371,-43.5711975097656,,,
1324873.0964467,-43.5971298217773,,,
1326142.1319797,-43.7200241088867,,,
1327411.16751269,-43.853687286377,,,
1328680.20304569,-43.9873542785645,,,
1329949.23857868,-44.1210098266602,,,
1331218.27411168,-44.2546882629395,,,
1332487.30964467,-44.3883590698242,,,
1333756.34517766,-44.3917121887207,,,
1335025.38071066,-44.3937301635742,,,
1336294.41624365,-44.3957710266113,,,
1337563.45177665,-44.3978080749512,,,
1338832.48730964,-44.3998374938965,,,
1340101.52284264,-44.391429901123,,,
1341370.55837563,-44.2628364562988,,,
1342639.59390863,-44.1342391967773,,,
1343908.62944162,-44.0056381225586,,,
1345177.66497462,-43.8770446777344,,,
1346446.70050761,-43.7484588623047,,,
1347715.73604061,-43.6177062988281,,,
1348984.7715736,-43.4764442443848,,,
1350253.8071066,-43.3351821899414,,,
1351522.84263959,-43.1939163208008,,,
1352791.87817259,-43.0526466369629,,,
1354060.91370558,-42.9113998413086,,,
1355329.94923858,-42.8449325561523,,,
1356598.98477157,-42.9914093017578,,,
1357868.02030457,-43.1378631591797,,,
1359137.05583756,-43.2843322753906,,,
1360406.09137056,-43.430793762207,,,
1361675.12690355,-43.5772514343262,,,
1362944.16243655,-43.6352157592773,,,
1364213.19796954,-43.5288696289063,,,
1365482.23350254,-43.4225082397461,,,
1366751.26903553,-43.3161392211914,,,
1368020.30456853,-43.2097778320313,,,
1369289.34010152,-43.1034049987793,,,
1370558.37563452,-43.0844383239746,,,
1371827.41116751,-43.1766738891602,,,
1373096.44670051,-43.2689208984375,,,
1374365.4822335,-43.3611831665039,,,
1375634.5177665,-43.4534225463867,,,
1376903.55329949,-43.5456695556641,,,
1378172.58883249,-43.5623245239258,,,
1379441.62436548,-43.5119400024414,,,
1380710.65989848,-43.461555480957,,,
1381979.69543147,-43.4111595153809,,,
1383248.73096447,-43.3607788085938,,,
1384517.76649746,-43.3103904724121,,,
1385786.80203046,-43.4359970092773,,,
1387055.83756345,-43.6694755554199,,,
1388324.87309645,-43.9029541015625,,,
1389593.90862944,-44.136417388916,,,
1390862.94416244,-44.3698959350586,,,
1392131.97969543,-44.6033744812012,,,
1393401.01522843,-44.7527542114258,,,
1394670.05076142,-44.8677787780762,,,
1395939.08629442,-44.9828071594238,,,
1397208.12182741,-45.0978469848633,,,
1398477.15736041,-45.212890625,,,
1399746.1928934,-45.3279190063477,,,
1401015.2284264,-45.215030670166,,,
1402284.26395939,-45.0451698303223,,,
1403553.29949239,-44.8753280639648,,,
1404822.33502538,-44.7054557800293,,,
1406091.37055838,-44.5356025695801,,,
1407360.40609137,-44.3657341003418,,,
1408629.44162437,-44.4160919189453,,,
1409898.47715736,-44.4936599731445,,,
1411167.51269036,-44.5712356567383,,,
1412436.54822335,-44.6488075256348,,,
1413705.58375635,-44.726375579834,,,
1414974.61928934,-44.8039436340332,,,
1416243.65482234,-44.7022171020508,,,
1417512.69035533,-44.5968208312988,,,
1418781.72588832,-44.4914283752441,,,
1420050.76142132,-44.3860397338867,,,
1421319.79695431,-44.2806549072266,,,
1422588.83248731,-44.2080001831055,,,
1423857.8680203,-44.5703773498535,,,
1425126.9035533,-44.9327621459961,,,
1426395.93908629,-45.2951431274414,,,
1427664.97461929,-45.6575202941895,,,
1428934.01015228,-46.019905090332,,,
1430203.04568528,-46.3123016357422,,,
1431472.08121827,-46.2373733520508,,,
1432741.11675127,-46.1624450683594,,,
1434010.15228426,-46.0875282287598,,,
1435279.18781726,-46.0125885009766,,,
1436548.22335025,-45.9376525878906,,,
1437817.25888325,-45.8661117553711,,,
1439086.29441624,-45.8047180175781,,,
1440355.32994924,-45.743335723877,,,
1441624.36548223,-45.681941986084,,,
1442893.40101523,-45.6205596923828,,,
1444162.43654822,-45.5591659545898,,,
1445431.47208122,-45.4743232727051,,,
1446700.50761421,-45.3439102172852,,,
1447969.54314721,-45.2135238647461,,,
1449238.5786802,-45.083137512207,,,
1450507.6142132,-44.9527359008789,,,
1451776.64974619,-44.8223342895508,,,
1453045.68527919,-44.810791015625,,,
1454314.72081218,-44.9567756652832,,,
1455583.75634518,-45.1027488708496,,,
1456852.79187817,-45.2487182617188,,,
1458121.82741117,-45.3947067260742,,,
1459390.86294416,-45.5406723022461,,,
1460659.89847716,-45.5351028442383,,,
1461928.93401015,-45.3896369934082,,,
1463197.96954315,-45.2441825866699,,,
1464467.00507614,-45.0987319946289,,,
1465736.04060914,-44.953254699707,,,
1467005.07614213,-44.807804107666,,,
1468274.11167513,-44.947208404541,,,
1469543.14720812,-45.2687644958496,,,
1470812.18274112,-45.5903091430664,,,
1472081.21827411,-45.911865234375,,,
1473350.25380711,-46.2334022521973,,,
1474619.2893401,-46.5549507141113,,,
1475888.3248731,-46.4824600219727,,,
1477157.36040609,-46.2411117553711,,,
1478426.39593909,-45.9997634887695,,,
1479695.43147208,-45.758415222168,,,
1480964.46700508,-45.5170478820801,,,
1482233.50253807,-45.2757034301758,,,
1483502.53807107,-45.4521865844727,,,
1484771.57360406,-45.7397422790527,,,
1486040.60913706,-46.0273170471191,,,
1487309.64467005,-46.3148651123047,,,
1488578.68020305,-46.6024208068848,,,
1489847.71573604,-46.8899841308594,,,
1491116.75126904,-46.7869415283203,,,
1492385.78680203,-46.6306343078613,,,
1493654.82233503,-46.4743118286133,,,
1494923.85786802,-46.3180084228516,,,
1496192.89340102,-46.1617050170898,,,
1497461.92893401,-46.0053939819336,,,
1498730.96446701,-45.6244735717773,,,
1500000,-45.2366104125977,,,
1501269.03553299,-44.8487434387207,,,
1502538.07106599,-44.4608764648438,,,
1503807.10659898,-44.0730094909668,,,
1505076.14213198,-43.7363777160645,,,
1506345.17766497,-44.202278137207,,,
1507614.21319797,-44.6681823730469,,,
1508883.24873096,-45.1340789794922,,,
1510152.28426396,-45.5999984741211,,,
1511421.31979695,-46.0658950805664,,,
1512690.35532995,-46.474494934082,,,
1513959.39086294,-46.5583457946777,,,
1515228.42639594,-46.6422233581543,,,
1516497.46192893,-46.7260818481445,,,
1517766.49746193,-46.809944152832,,,
1519035.53299492,-46.8937911987305,,,
1520304.56852792,-46.9237518310547,,,
1521573.60406091,-46.7830390930176,,,
1522842.63959391,-46.6423225402832,,,
1524111.6751269,-46.5016250610352,,,
1525380.7106599,-46.360897064209,,,
1526649.74619289,-46.2201919555664,,,
1527918.78172589,-46.1454658508301,,,
1529187.81725888,-46.2047653198242,,,
1530456.85279188,-46.2640800476074,,,
1531725.88832487,-46.3233947753906,,,
1532994.92385787,-46.382682800293,,,
1534263.95939086,-46.4420013427734,,,
1535532.99492386,-46.5661163330078,,,
1536802.03045685,-46.7797622680664,,,
1538071.06598985,-46.9933967590332,,,
1539340.10152284,-47.2070274353027,,,
1540609.13705584,-47.4206771850586,,,
1541878.17258883,-47.6343154907227,,,
1543147.20812183,-47.5634765625,,,
1544416.24365482,-47.2193145751953,,,
1545685.27918782,-46.875171661377,,,
1546954.31472081,-46.531005859375,,,
1548223.35025381,-46.1868553161621,,,
1549492.3857868,-45.8426933288574,,,
1550761.4213198,-46.0615158081055,,,
1552030.45685279,-46.655647277832,,,
1553299.49238579,-47.2497749328613,,,
1554568.52791878,-47.8439102172852,,,
1555837.56345178,-48.438045501709,,,
1557106.59898477,-49.032169342041,,,
1558375.63451777,-48.8882942199707,,,
1559644.67005076,-48.4128646850586,,,
1560913.70558376,-47.937427520752,,,
1562182.74111675,-47.4619827270508,,,
1563451.77664975,-46.9865570068359,,,
1564720.81218274,-46.5111122131348,,,
1565989.84771574,-46.2665328979492,,,
1567258.88324873,-46.0870475769043,,,
1568527.91878173,-45.9075698852539,,,
1569796.95431472,-45.7280883789063,,,
1571065.98984772,-45.5486221313477,,,
1572335.02538071,-45.3691329956055,,,
1573604.06091371,-45.4211349487305,,,
1574873.0964467,-45.5077095031738,,,
1576142.1319797,-45.5942802429199,,,
1577411.16751269,-45.6808662414551,,,
1578680.20304569,-45.7674407958984,,,
1579949.23857868,-45.8540153503418,,,
1581218.27411168,-45.7048530578613,,,
1582487.30964467,-45.5458641052246,,,
1583756.34517766,-45.3868675231934,,,
1585025.38071066,-45.2278785705566,,,
1586294.41624365,-45.0688934326172,,,
1587563.45177665,-44.9287338256836,,,
1588832.48730964,-45.1464462280273,,,
1590101.52284264,-45.3641815185547,,,
1591370.55837563,-45.5818862915039,,,
1592639.59390863,-45.7996025085449,,,
1593908.62944162,-46.0173110961914,,,
1595177.66497462,-46.2396697998047,,,
1596446.70050761,-46.4904632568359,,,
1597715.73604061,-46.7412643432617,,,
1598984.7715736,-46.9920387268066,,,
1600253.8071066,-47.2428359985352,,,
1601522.84263959,-47.4936256408691,,,
1602791.87817259,-47.6695785522461,,,
1604060.91370558,-47.5949630737305,,,
1605329.94923858,-47.5203475952148,,,
1606598.98477157,-47.4457473754883,,,
1607868.02030457,-47.3711433410645,,,
1609137.05583756,-47.296516418457,,,
1610406.09137056,-47.2151565551758,,,
1611675.12690355,-47.1194267272949,,,
1612944.16243655,-47.0236854553223,,,
1614213.19796954,-46.9279556274414,,,
1615482.23350254,-46.8322334289551,,,
1616751.26903553,-46.7364883422852,,,
1618020.30456853,-46.9151992797852,,,
1619289.34010152,-47.4888534545898,,,
1620558.37563452,-48.0624771118164,,,
1621827.41116751,-48.6361465454102,,,
1623096.44670051,-49.2097778320313,,,
1624365.4822335,-49.7834243774414,,,
1625634.5177665,-49.7742385864258,,,
1626903.55329949,-49.1822052001953,,,
1628172.58883249,-48.5901832580566,,,
1629441.62436548,-47.9981575012207,,,
1630710.65989848,-47.4061279296875,,,
1631979.69543147,-46.8141059875488,,,
1633248.73096447,-46.538158416748,,,
1634517.76649746,-46.4818878173828,,,
1635786.80203046,-46.4256057739258,,,
1637055.83756345,-46.3693313598633,,,
1638324.87309645,-46.3130569458008,,,
1639593.90862944,-46.2567863464355,,,
1640862.94416244,-46.3788681030273,,,
1642131.97969543,-46.5849151611328,,,
1643401.01522843,-46.790943145752,,,
1644670.05076142,-46.9969787597656,,,
1645939.08629442,-47.2030143737793,,,
1647208.12182741,-47.4090538024902,,,
1648477.15736041,-47.2075119018555,,,
1649746.1928934,-46.884204864502,,,
1651015.2284264,-46.560905456543,,,
1652284.26395939,-46.2376136779785,,,
1653553.29949239,-45.9143142700195,,,
1654822.33502538,-45.5910263061523,,,
1656091.37055838,-45.7202682495117,,,
1657360.40609137,-45.9231872558594,,,
1658629.44162437,-46.1260948181152,,,
1659898.47715736,-46.3290138244629,,,
1661167.51269036,-46.5319213867188,,,
1662436.54822335,-46.7348403930664,,,
1663705.58375635,-46.5813217163086,,,
1664974.61928934,-46.409049987793,,,
1666243.65482234,-46.2367782592773,,,
1667512.69035533,-46.0645027160645,,,
1668781.72588832,-45.8922157287598,,,
1670050.76142132,-45.7320251464844,,,
1671319.79695431,-45.8614273071289,,,
1672588.83248731,-45.9908218383789,,,
1673857.8680203,-46.120231628418,,,
1675126.9035533,-46.2496337890625,,,
1676395.93908629,-46.379020690918,,,
1677664.97461929,-46.476375579834,,,
1678934.01015228,-46.3591537475586,,,
1680203.04568528,-46.2419548034668,,,
1681472.08121827,-46.1247329711914,,,
1682741.11675127,-46.0075187683105,,,
1684010.15228426,-45.8903045654297,,,
1685279.18781726,-45.8604393005371,,,
1686548.22335025,-46.1402587890625,,,
1687817.25888325,-46.4200782775879,,,
1689086.29441624,-46.6998977661133,,,
1690355.32994924,-46.9796981811523,,,
1691624.36548223,-47.2595138549805,,,
1692893.40101523,-47.4593963623047,,,
1694162.43654822,-47.481315612793,,,
1695431.47208122,-47.5032501220703,,,
1696700.50761421,-47.5251655578613,,,
1697969.54314721,-47.5470809936523,,,
1699238.5786802,-47.569019317627,,,
1700507.6142132,-47.5890083312988,,,
1701776.64974619,-47.6061325073242,,,
1703045.68527919,-47.6232528686523,,,
1704314.72081218,-47.6403732299805,,,
1705583.75634518,-47.6575088500977,,,
1706852.79187817,-47.674617767334,,,
1708121.82741117,-47.6187362670898,,,
1709390.86294416,-47.4868469238281,,,
1710659.89847716,-47.3549728393555,,,
1711928.93401015,-47.2231063842773,,,
1713197.96954315,-47.0912208557129,,,
1714467.00507614,-46.9593353271484,,,
1715736.04060914,-47.051383972168,,,
1717005.07614213,-47.3055610656738,,,
1718274.11167513,-47.559757232666,,,
1719543.14720812,-47.8139305114746,,,
1720812.18274112,-48.0681304931641,,,
1722081.21827411,-48.322322845459,,,
1723350.25380711,-48.2239227294922,,,
1724619.2893401,-47.9518661499023,,,
1725888.3248731,-47.6797943115234,,,
1727157.36040609,-47.4077529907227,,,
1728426.39593909,-47.1356887817383,,,
1729695.43147208,-46.863639831543,,,
1730964.46700508,-47.1508255004883,,,
1732233.50253807,-47.6146087646484,,,
1733502.53807107,-48.0784111022949,,,
1734771.57360406,-48.5422134399414,,,
1736040.60913706,-49.0060043334961,,,
1737309.64467005,-49.4698066711426,,,
1738578.68020305,-49.3205528259277,,,
1739847.71573604,-49.0631408691406,,,
1741116.75126904,-48.8057250976563,,,
1742385.78680203,-48.5483016967773,,,
1743654.82233503,-48.2908706665039,,,
1744923.85786802,-48.033447265625,,,
1746192.89340102,-47.8589057922363,,,
1747461.92893401,-47.689640045166,,,
1748730.96446701,-47.520378112793,,,
1750000,-47.3511238098145,,,
1751269.03553299,-47.1818656921387,,,
1752538.07106599,-47.0236701965332,,,
1753807.10659898,-47.2236862182617,,,
1755076.14213198,-47.4236831665039,,,
1756345.17766497,-47.6236839294434,,,
1757614.21319797,-47.8236923217773,,,
1758883.24873096,-48.0236930847168,,,
1760152.28426396,-48.160774230957,,,
1761421.31979695,-47.8364334106445,,,
1762690.35532995,-47.512092590332,,,
1763959.39086294,-47.1877593994141,,,
1765228.42639594,-46.8634262084961,,,
1766497.46192893,-46.5390739440918,,,
1767766.49746193,-46.3160705566406,,,
1769035.53299492,-46.4743118286133,,,
1770304.56852792,-46.6325416564941,,,
1771573.60406091,-46.7907676696777,,,
1772842.63959391,-46.9489974975586,,,
1774111.6751269,-47.1072273254395,,,
1775380.7106599,-47.3279190063477,,,
1776649.74619289,-47.6943130493164,,,
1777918.78172589,-48.0607070922852,,,
1779187.81725888,-48.4271011352539,,,
1780456.85279188,-48.7934837341309,,,
1781725.88832487,-49.1598815917969,,,
1782994.92385787,-49.3721885681152,,,
1784263.95939086,-49.3434753417969,,,
1785532.99492386,-49.3147468566895,,,
1786802.03045685,-49.2860336303711,,,
1788071.06598985,-49.2572860717773,,,
1789340.10152284,-49.228572845459,,,
1790609.13705584,-49.070426940918,,,
1791878.17258883,-48.7720413208008,,,
1793147.20812183,-48.4736709594727,,,
1794416.24365482,-48.1753005981445,,,
1795685.27918782,-47.8769378662109,,,
1796954.31472081,-47.5785789489746,,,
1798223.35025381,-47.4395980834961,,,
1799492.3857868,-47.4209213256836,,,
1800761.4213198,-47.402214050293,,,
1802030.45685279,-47.3835220336914,,,
1803299.49238579,-47.3648262023926,,,
1804568.52791878,-47.3461227416992,,,
1805837.56345178,-47.6471786499023,,,
1807106.59898477,-48.1129455566406,,,
1808375.63451777,-48.5787315368652,,,
1809644.67005076,-49.0444984436035,,,
1810913.70558376,-49.5102691650391,,,
1812182.74111675,-49.9760513305664,,,
1813451.77664975,-49.6695785522461,,,
1814720.81218274,-49.1057052612305,,,
1815989.84771574,-48.541820526123,,,
1817258.88324873,-47.9779281616211,,,
1818527.91878173,-47.4140548706055,,,
1819796.95431472,-46.8501853942871,,,
1821065.98984772,-46.9028282165527,,,
1822335.02538071,-47.0729293823242,,,
1823604.06091371,-47.2430191040039,,,
1824873.0964467,-47.4131164550781,,,
1826142.1319797,-47.5832023620605,,,
1827411.16751269,-47.753303527832,,,
1828680.20304569,-48.0236587524414,,,
1829949.23857868,-48.3015518188477,,,
1831218.27411168,-48.579460144043,,,
1832487.30964467,-48.8573532104492,,,
1833756.34517766,-49.13525390625,,,
1835025.38071066,-49.4022521972656,,,
1836294.41624365,-49.1352272033691,,,
1837563.45177665,-48.8681716918945,,,
1838832.48730964,-48.601131439209,,,
1840101.52284264,-48.3340873718262,,,
1841370.55837563,-48.0670509338379,,,
1842639.59390863,-47.8008651733398,,,
1843908.62944162,-47.5415878295898,,,
1845177.66497462,-47.2823257446289,,,
1846446.70050761,-47.0230522155762,,,
1847715.73604061,-46.7637825012207,,,
1848984.7715736,-46.504508972168,,,
1850253.8071066,-46.3358573913574,,,
1851522.84263959,-46.5296363830566,,,
1852791.87817259,-46.7234077453613,,,
1854060.91370558,-46.9171829223633,,,
1855329.94923858,-47.1109619140625,,,
1856598.98477157,-47.3047409057617,,,
1857868.02030457,-47.4964256286621,,,
1859137.05583756,-47.682975769043,,,
1860406.09137056,-47.8695373535156,,,
1861675.12690355,-48.0560836791992,,,
1862944.16243655,-48.2426452636719,,,
1864213.19796954,-48.42919921875,,,
1865482.23350254,-48.5268402099609,,,
1866751.26903553,-48.4794006347656,,,
1868020.30456853,-48.4319610595703,,,
1869289.34010152,-48.384521484375,,,
1870558.37563452,-48.3370780944824,,,
1871827.41116751,-48.2896308898926,,,
1873096.44670051,-48.3192825317383,,,
1874365.4822335,-48.4358596801758,,,
1875634.5177665,-48.5524291992188,,,
1876903.55329949,-48.6689987182617,,,
1878172.58883249,-48.785572052002,,,
1879441.62436548,-48.9021415710449,,,
1880710.65989848,-49.0973892211914,,,
1881979.69543147,-49.3544387817383,,,
1883248.73096447,-49.6114959716797,,,
1884517.76649746,-49.8685531616211,,,
1885786.80203046,-50.1256103515625,,,
1887055.83756345,-50.3826713562012,,,
1888324.87309645,-50.241382598877,,,
1889593.90862944,-49.8856163024902,,,
1890862.94416244,-49.5298233032227,,,
1892131.97969543,-49.1740531921387,,,
1893401.01522843,-48.8182716369629,,,
1894670.05076142,-48.4624824523926,,,
1895939.08629442,-48.3542900085449,,,
1897208.12182741,-48.3330917358398,,,
1898477.15736041,-48.311897277832,,,
1899746.1928934,-48.2906951904297,,,
1901015.2284264,-48.2694854736328,,,
1902284.26395939,-48.2482872009277,,,
1903553.29949239,-48.4271430969238,,,
1904822.33502538,-48.6469802856445,,,
1906091.37055838,-48.8668098449707,,,
1907360.40609137,-49.0866622924805,,,
1908629.44162437,-49.3064956665039,,,
1909898.47715736,-49.5263328552246,,,
1911167.51269036,-49.3750534057617,,,
1912436.54822335,-49.1914863586426,,,
1913705.58375635,-49.0079345703125,,,
1914974.61928934,-48.824390411377,,,
1916243.65482234,-48.6408271789551,,,
1917512.69035533,-48.4629364013672,,,
1918781.72588832,-48.8459205627441,,,
1920050.76142132,-49.2289199829102,,,
1921319.79695431,-49.6119232177734,,,
1922588.83248731,-49.9949150085449,,,
1923857.8680203,-50.3779067993164,,,
1925126.9035533,-50.6665077209473,,,
1926395.93908629,-50.1055068969727,,,
1927664.97461929,-49.5445022583008,,,
1928934.01015228,-48.9835014343262,,,
1930203.04568528,-48.422492980957,,,
1931472.08121827,-47.861499786377,,,
1932741.11675127,-47.4811363220215,,,
1934010.15228426,-47.8708686828613,,,
1935279.18781726,-48.2606201171875,,,
1936548.22335025,-48.6503524780273,,,
1937817.25888325,-49.0400810241699,,,
1939086.29441624,-49.4298400878906,,,
1940355.32994924,-49.7206764221191,,,
1941624.36548223,-49.7572059631348,,,
1942893.40101523,-49.7937393188477,,,
1944162.43654822,-49.8302841186523,,,
1945431.47208122,-49.866813659668,,,
1946700.50761421,-49.9033393859863,,,
1947969.54314721,-49.9550704956055,,,
1949238.5786802,-50.032642364502,,,
1950507.6142132,-50.1102180480957,,,
1951776.64974619,-50.1877975463867,,,
1953045.68527919,-50.265380859375,,,
1954314.72081218,-50.3429412841797,,,
1955583.75634518,-50.4069900512695,,,
1956852.79187817,-50.4551048278809,,,
1958121.82741117,-50.503246307373,,,
1959390.86294416,-50.5513687133789,,,
1960659.89847716,-50.5995025634766,,,
1961928.93401015,-50.6476440429688,,,
1963197.96954315,-50.5961036682129,,,
1964467.00507614,-50.4630241394043,,,
1965736.04060914,-50.329948425293,,,
1967005.07614213,-50.1968574523926,,,
1968274.11167513,-50.0637741088867,,,
1969543.14720812,-49.9306983947754,,,
1970812.18274112,-49.8632926940918,,,
1972081.21827411,-49.832836151123,,,
1973350.25380711,-49.8023796081543,,,
1974619.2893401,-49.7719306945801,,,
1975888.3248731,-49.7414817810059,,,
1977157.36040609,-49.7110176086426,,,
1978426.39593909,-49.8028793334961,,,
1979695.43147208,-49.9399871826172,,,
1980964.46700508,-50.0770835876465,,,
1982233.50253807,-50.2141761779785,,,
1983502.53807107,-50.3512649536133,,,
1984771.57360406,-50.4883499145508,,,
1986040.60913706,-50.1171379089355,,,
1987309.64467005,-49.6343269348145,,,
1988578.68020305,-49.1515312194824,,,
1989847.71573604,-48.6687240600586,,,
1991116.75126904,-48.185920715332,,,
1992385.78680203,-47.7031135559082,,,
1993654.82233503,-47.6218605041504,,,
1994923.85786802,-47.5803413391113,,,
1996192.89340102,-47.5387992858887,,,
1997461.92893401,-47.4972801208496,,,
1998730.96446701,-47.4557495117188,,,
2000000,-47.4142189025879,,,
