5000,-49.6905288696289,,,
5164.97461928934,-50.0354843139648,,,
5329.94923857868,-50.3804359436035,,,
5494.92385786802,-50.7254104614258,,,
5659.89847715736,-51.0703582763672,,,
5824.8730964467,-51.4153366088867,,,
5989.84771573604,-51.7298049926758,,,
6154.82233502538,-51.7353553771973,,,
6319.79695431472,-51.7409744262695,,,
6484.77157360406,-51.7465553283691,,,
6649.7461928934,-51.752140045166,,,
6814.72081218274,-51.7577018737793,,,
6979.69543147208,-51.773509979248,,,
7144.67005076142,-51.8355827331543,,,
7309.64467005076,-51.8976249694824,,,
7474.6192893401,-51.9596748352051,,,
7639.59390862944,-52.0217514038086,,,
7804.56852791878,-52.0838317871094,,,
7969.54314720812,-52.204517364502,,,
8134.51776649746,-52.4838027954102,,,
8299.4923857868,-52.7630844116211,,,
8464.46700507614,-53.0423545837402,,,
8629.44162436548,-53.3216247558594,,,
8794.41624365482,-53.6008605957031,,,
8959.39086294416,-53.771671295166,,,
9124.3654822335,-53.7495231628418,,,
9289.34010152284,-53.7274284362793,,,
9454.31472081218,-53.7053184509277,,,
9619.28934010152,-53.6831970214844,,,
9784.26395939086,-53.6611099243164,,,
9949.2385786802,-53.6511573791504,,,
10114.2131979695,-53.6562271118164,,,
10279.1878172589,-53.6613121032715,,,
10444.1624365482,-53.6664047241211,,,
10609.1370558376,-53.671459197998,,,
10774.1116751269,-53.6765327453613,,,
10939.0862944162,-53.8044204711914,,,
11104.0609137056,-54.0368614196777,,,
11269.0355329949,-54.2693710327148,,,
11434.0101522843,-54.501838684082,,,
11598.9847715736,-54.7342758178711,,,
11763.9593908629,-54.9667930603027,,,
11928.9340101523,-55.1608467102051,,,
12093.9086294416,-55.3323860168457,,,
12258.883248731,-55.5039100646973,,,
12423.8578680203,-55.6754150390625,,,
12588.8324873096,-55.8469276428223,,,
12753.807106599,-56.0184783935547,,,
12918.7817258883,-56.2260475158691,,,
13083.7563451777,-56.4476051330566,,,
13248.730964467,-56.6691551208496,,,
13413.7055837563,-56.8906898498535,,,
13578.6802030457,-57.1122665405273,,,
13743.654822335,-57.3337860107422,,,
13908.6294416244,-57.4691734313965,,,
14073.6040609137,-57.5843353271484,,,
14238.578680203,-57.6995086669922,,,
14403.5532994924,-57.8146438598633,,,
14568.5279187817,-57.929801940918,,,
14733.5025380711,-58.0449562072754,,,
14898.4771573604,-58.171215057373,,,
15063.4517766497,-58.2987899780273,,,
15228.4263959391,-58.4262809753418,,,
15393.4010152284,-58.5538101196289,,,
15558.3756345178,-58.6813049316406,,,
15723.3502538071,-58.8088531494141,,,
15888.3248730964,-58.8959503173828,,,
16053.2994923858,-58.982723236084,,,
16218.2741116751,-59.0694122314453,,,
16383.2487309645,-59.1561279296875,,,
16548.2233502538,-59.2429351806641,,,
16713.1979695431,-59.3302688598633,,,
16878.1725888325,-59.4247894287109,,,
17043.1472081218,-59.519344329834,,,
17208.1218274112,-59.6139221191406,,,
17373.0964467005,-59.7084312438965,,,
17538.0710659898,-59.8029975891113,,,
17703.0456852792,-59.9425086975098,,,
17868.0203045685,-60.301456451416,,,
18032.9949238579,-60.6604042053223,,,
18197.9695431472,-61.019344329834,,,
18362.9441624366,-61.3782691955566,,,
18527.9187817259,-61.7372169494629,,,
18692.8934010152,-62.0252151489258,,,
18857.8680203046,-62.1112632751465,,,
19022.8426395939,-62.1972923278809,,,
19187.8172588832,-62.2833557128906,,,
19352.7918781726,-62.3693656921387,,,
19517.7664974619,-62.455394744873,,,
19682.7411167513,-62.5189056396484,,,
19847.7157360406,-62.5405044555664,,,
20012.6903553299,-62.5620765686035,,,
20177.6649746193,-62.5836448669434,,,
20342.6395939086,-62.6052589416504,,,
20507.614213198,-62.6268615722656,,,
20672.5888324873,-62.6837310791016,,,
20837.5634517766,-62.7855415344238,,,
21002.538071066,-62.8873405456543,,,
21167.5126903553,-62.9891548156738,,,
21332.4873096447,-63.0909690856934,,,
21497.461928934,-63.1927375793457,,,
21662.4365482234,-63.2961082458496,,,
21827.4111675127,-63.4008903503418,,,
21992.385786802,-63.5056610107422,,,
22157.3604060914,-63.6103744506836,,,
22322.3350253807,-63.715160369873,,,
22487.3096446701,-63.8199729919434,,,
22652.2842639594,-63.9394035339355,,,
22817.2588832487,-64.0678939819336,,,
22982.2335025381,-64.1964263916016,,,
23147.2081218274,-64.3249206542969,,,
23312.1827411168,-64.4533920288086,,,
23477.1573604061,-64.5818405151367,,,
23642.1319796954,-64.7354583740234,,,
23807.1065989848,-64.8991928100586,,,
23972.0812182741,-65.06298828125,,,
24137.0558375635,-65.2267837524414,,,
24302.0304568528,-65.3905487060547,,,
24467.0050761421,-65.5542755126953,,,
24631.9796954315,-65.6308670043945,,,
24796.9543147208,-65.6855163574219,,,
24961.9289340102,-65.7402496337891,,,
25126.9035532995,-65.7949600219727,,,
25291.8781725888,-65.8496551513672,,,
25456.8527918782,-65.9043502807617,,,
25621.8274111675,-66.0183334350586,,,
25786.8020304569,-66.139778137207,,,
25951.7766497462,-66.2611846923828,,,
26116.7512690355,-66.3824615478516,,,
26281.7258883249,-66.5038604736328,,,
26446.7005076142,-66.625244140625,,,
26611.6751269036,-66.6013717651367,,,
26776.6497461929,-66.5745391845703,,,
26941.6243654822,-66.5477066040039,,,
27106.5989847716,-66.5209121704102,,,
27271.5736040609,-66.4940338134766,,,
27436.5482233503,-66.4702606201172,,,
27601.5228426396,-66.4857559204102,,,
27766.4974619289,-66.5013198852539,,,
27931.4720812183,-66.5169448852539,,,
28096.4467005076,-66.5324935913086,,,
28261.421319797,-66.5480346679688,,,
28426.3959390863,-66.5862426757813,,,
28591.3705583756,-66.7431716918945,,,
28756.345177665,-66.9001617431641,,,
28921.3197969543,-67.0570449829102,,,
29086.2944162437,-67.2139739990234,,,
29251.269035533,-67.3709487915039,,,
29416.2436548223,-67.532829284668,,,
29581.2182741117,-67.7095718383789,,,
29746.192893401,-67.8862609863281,,,
29911.1675126904,-68.0629806518555,,,
30076.1421319797,-68.2397079467773,,,
30241.116751269,-68.4164581298828,,,
30406.0913705584,-68.4928588867188,,,
30571.0659898477,-68.3746185302734,,,
30736.0406091371,-68.2563781738281,,,
30901.0152284264,-68.1381530761719,,,
31065.9898477157,-68.0198745727539,,,
31230.9644670051,-67.901611328125,,,
31395.9390862944,-67.9345321655273,,,
31560.9137055838,-68.1679306030273,,,
31725.8883248731,-68.4012603759766,,,
31890.8629441624,-68.6345825195313,,,
32055.8375634518,-68.8679580688477,,,
32220.8121827411,-69.1012954711914,,,
32385.7868020305,-69.1681671142578,,,
32550.7614213198,-69.0813217163086,,,
32715.7360406091,-68.9945449829102,,,
32880.7106598985,-68.9077529907227,,,
33045.6852791878,-68.8209609985352,,,
33210.6598984772,-68.7340927124023,,,
33375.6345177665,-68.823616027832,,,
33540.6091370558,-69.0258941650391,,,
33705.5837563452,-69.2281188964844,,,
33870.5583756345,-69.4303207397461,,,
34035.5329949239,-69.6325912475586,,,
34200.5076142132,-69.8347854614258,,,
34365.4822335025,-69.7513656616211,,,
34530.4568527919,-69.5454788208008,,,
34695.4314720812,-69.3396377563477,,,
34860.4060913706,-69.1337356567383,,,
35025.3807106599,-68.9278411865234,,,
35190.3553299492,-68.7220458984375,,,
35355.3299492386,-68.8183517456055,,,
35520.3045685279,-68.9948959350586,,,
35685.2791878173,-69.1714935302734,,,
35850.2538071066,-69.3481063842773,,,
36015.2284263959,-69.5246353149414,,,
36180.2030456853,-69.7012634277344,,,
36345.1776649746,-69.8238372802734,,,
36510.152284264,-69.939079284668,,,
36675.1269035533,-70.0542984008789,,,
36840.1015228426,-70.169563293457,,,
37005.076142132,-70.2847366333008,,,
37170.0507614213,-70.3999862670898,,,
37335.0253807107,-70.3673934936523,,,
37500,-70.3302459716797,,,
37664.9746192893,-70.2930068969727,,,
37829.9492385787,-70.2558288574219,,,
37994.923857868,-70.2187042236328,,,
38159.8984771574,-70.1941757202148,,,
38324.8730964467,-70.3686065673828,,,
38489.847715736,-70.5429382324219,,,
38654.8223350254,-70.7173690795898,,,
38819.7969543147,-70.8917541503906,,,
38984.7715736041,-71.0661239624023,,,
39149.7461928934,-71.1982727050781,,,
39314.7208121827,-71.0913391113281,,,
39479.6954314721,-70.9844055175781,,,
39644.6700507614,-70.8775253295898,,,
39809.6446700508,-70.7706069946289,,,
39974.6192893401,-70.6636428833008,,,
40139.5939086294,-70.6059265136719,,,
40304.5685279188,-70.7038726806641,,,
40469.5431472081,-70.8018264770508,,,
40634.5177664975,-70.8997573852539,,,
40799.4923857868,-70.997688293457,,,
40964.4670050761,-71.0956497192383,,,
41129.4416243655,-71.1443099975586,,,
41294.4162436548,-71.0929718017578,,,
41459.3908629442,-71.0415725708008,,,
41624.3654822335,-70.9902420043945,,,
41789.3401015228,-70.9388732910156,,,
41954.3147208122,-70.8875122070313,,,
42119.2893401015,-70.9096221923828,,,
42284.2639593909,-71.0331726074219,,,
42449.2385786802,-71.1567459106445,,,
42614.2131979695,-71.2803497314453,,,
42779.1878172589,-71.4038696289063,,,
42944.1624365482,-71.5274887084961,,,
43109.1370558376,-71.6433029174805,,,
43274.1116751269,-71.7518310546875,,,
43439.0862944162,-71.8602752685547,,,
43604.0609137056,-71.9687805175781,,,
43769.0355329949,-72.0771789550781,,,
43934.0101522843,-72.1856918334961,,,
44098.9847715736,-72.3047180175781,,,
44263.9593908629,-72.4307403564453,,,
44428.9340101523,-72.556755065918,,,
44593.9086294416,-72.6828155517578,,,
44758.883248731,-72.8088836669922,,,
44923.8578680203,-72.934928894043,,,
45088.8324873096,-72.9506378173828,,,
45253.807106599,-72.9168853759766,,,
45418.7817258883,-72.8830718994141,,,
45583.7563451777,-72.8492889404297,,,
45748.730964467,-72.8155212402344,,,
45913.7055837563,-72.7816925048828,,,
46078.6802030457,-72.7873001098633,,,
46243.654822335,-72.8039932250977,,,
46408.6294416244,-72.8206558227539,,,
46573.6040609137,-72.8374252319336,,,
46738.578680203,-72.8541412353516,,,
46903.5532994924,-72.8707885742188,,,
47068.5279187817,-72.8105087280273,,,
47233.5025380711,-72.7388076782227,,,
47398.4771573604,-72.6669998168945,,,
47563.4517766497,-72.5952529907227,,,
47728.4263959391,-72.523551940918,,,
47893.4010152284,-72.4517593383789,,,
48058.3756345178,-72.3715133666992,,,
48223.3502538071,-72.2909698486328,,,
48388.3248730964,-72.2103729248047,,,
48553.2994923858,-72.1297912597656,,,
48718.2741116751,-72.0491714477539,,,
48883.2487309645,-71.9666519165039,,,
49048.2233502538,-71.8465118408203,,,
49213.1979695431,-71.7264556884766,,,
49378.1725888325,-71.6063537597656,,,
49543.1472081218,-71.4862823486328,,,
49708.1218274112,-71.3661880493164,,,
49873.0964467005,-71.2711639404297,,,
50038.0710659898,-71.3300933837891,,,
50203.0456852792,-71.3890533447266,,,
50368.0203045685,-71.4480285644531,,,
50532.9949238579,-71.506965637207,,,
50697.9695431472,-71.5659255981445,,,
50862.9441624366,-71.6745834350586,,,
51027.9187817259,-71.9493865966797,,,
51192.8934010152,-72.2242431640625,,,
51357.8680203046,-72.4990844726563,,,
51522.8426395939,-72.7739486694336,,,
51687.8172588832,-73.0487976074219,,,
51852.7918781726,-73.230827331543,,,
52017.7664974619,-73.2156753540039,,,
52182.7411167513,-73.2005157470703,,,
52347.7157360406,-73.1853713989258,,,
52512.6903553299,-73.1702270507813,,,
52677.6649746193,-73.1550674438477,,,
52842.6395939086,-73.1273956298828,,,
53007.614213198,-73.0816650390625,,,
53172.5888324873,-73.0359649658203,,,
53337.5634517767,-72.9902114868164,,,
53502.538071066,-72.9445571899414,,,
53667.5126903553,-72.8988342285156,,,
53832.4873096447,-72.9220657348633,,,
53997.461928934,-73.0141906738281,,,
54162.4365482233,-73.1063766479492,,,
54327.4111675127,-73.1985168457031,,,
54492.385786802,-73.2906723022461,,,
54657.3604060914,-73.3828659057617,,,
54822.3350253807,-73.4492645263672,,,
54987.3096446701,-73.4978103637695,,,
55152.2842639594,-73.5463104248047,,,
55317.2588832487,-73.594841003418,,,
55482.2335025381,-73.6434173583984,,,
55647.2081218274,-73.6919326782227,,,
55812.1827411167,-73.5106353759766,,,
55977.1573604061,-73.2211227416992,,,
56142.1319796954,-72.9316329956055,,,
56307.1065989848,-72.6421737670898,,,
56472.0812182741,-72.3526458740234,,,
56637.0558375635,-72.0631942749023,,,
56802.0304568528,-72.2662963867188,,,
56967.0050761421,-72.6164779663086,,,
57131.9796954315,-72.966682434082,,,
57296.9543147208,-73.3169555664063,,,
57461.9289340102,-73.6671295166016,,,
57626.9035532995,-74.0173950195313,,,
57791.8781725888,-74.0708465576172,,,
57956.8527918782,-74.0761108398438,,,
58121.8274111675,-74.0812759399414,,,
58286.8020304568,-74.0865478515625,,,
58451.7766497462,-74.0917053222656,,,
58616.7512690355,-74.0969467163086,,,
58781.7258883249,-74.0596466064453,,,
58946.7005076142,-74.020149230957,,,
59111.6751269036,-73.9805679321289,,,
59276.6497461929,-73.9410934448242,,,
59441.6243654822,-73.9015884399414,,,
59606.5989847716,-73.8639678955078,,,
59771.5736040609,-73.8716201782227,,,
59936.5482233503,-73.8792343139648,,,
60101.5228426396,-73.8868865966797,,,
60266.4974619289,-73.8945159912109,,,
60431.4720812183,-73.9021453857422,,,
60596.4467005076,-73.9076995849609,,,
60761.421319797,-73.8992385864258,,,
60926.3959390863,-73.890754699707,,,
61091.3705583756,-73.8822555541992,,,
61256.345177665,-73.873779296875,,,
61421.3197969543,-73.8653030395508,,,
61586.2944162437,-73.8861846923828,,,
61751.269035533,-74.0109710693359,,,
61916.2436548223,-74.1358184814453,,,
62081.2182741117,-74.2605667114258,,,
62246.192893401,-74.3854141235352,,,
62411.1675126904,-74.5102233886719,,,
62576.1421319797,-74.5028839111328,,,
62741.116751269,-74.201416015625,,,
62906.0913705584,-73.8999710083008,,,
63071.0659898477,-73.5985107421875,,,
63236.0406091371,-73.2970123291016,,,
63401.0152284264,-72.9955596923828,,,
63565.9898477157,-72.8514709472656,,,
63730.9644670051,-72.9432678222656,,,
63895.9390862944,-73.0351257324219,,,
64060.9137055838,-73.1270446777344,,,
64225.8883248731,-73.2188110351563,,,
64390.8629441624,-73.3106536865234,,,
64555.8375634518,-73.3922958374023,,,
64720.8121827411,-73.4630889892578,,,
64885.7868020305,-73.5339584350586,,,
65050.7614213198,-73.6047973632813,,,
65215.7360406091,-73.675651550293,,,
65380.7106598985,-73.7464828491211,,,
65545.6852791878,-73.7788162231445,,,
65710.6598984772,-73.7832641601563,,,
65875.6345177665,-73.787727355957,,,
66040.6091370558,-73.7921447753906,,,
66205.5837563452,-73.7965545654297,,,
66370.5583756345,-73.8010635375977,,,
66535.5329949239,-73.8406829833984,,,
66700.5076142132,-73.8976211547852,,,
66865.4822335025,-73.9546051025391,,,
67030.4568527919,-74.0115966796875,,,
67195.4314720812,-74.0686340332031,,,
67360.4060913706,-74.1255722045898,,,
67525.3807106599,-74.0828628540039,,,
67690.3553299492,-74.0086517333984,,,
67855.3299492386,-73.9345016479492,,,
68020.3045685279,-73.8601913452148,,,
68185.2791878173,-73.7860565185547,,,
68350.2538071066,-73.7118453979492,,,
68515.2284263959,-73.5427856445313,,,
68680.2030456853,-73.3570404052734,,,
68845.1776649746,-73.171272277832,,,
69010.152284264,-72.9854965209961,,,
69175.1269035533,-72.7997131347656,,,
69340.1015228426,-72.6139526367188,,,
69505.076142132,-72.7879409790039,,,
69670.0507614213,-72.9848937988281,,,
69835.0253807107,-73.1817474365234,,,
70000,-73.3786926269531,,,
70164.9746192893,-73.5756378173828,,,
70329.9492385787,-73.7620010375977,,,
70494.923857868,-73.6082916259766,,,
70659.8984771574,-73.4546203613281,,,
70824.8730964467,-73.3008499145508,,,
70989.847715736,-73.1471557617188,,,
71154.8223350254,-72.9934310913086,,,
71319.7969543147,-72.8649597167969,,,
71484.7715736041,-72.9219207763672,,,
71649.7461928934,-72.9788055419922,,,
71814.7208121827,-73.0356903076172,,,
71979.6954314721,-73.0926055908203,,,
72144.6700507614,-73.1494827270508,,,
72309.6446700508,-73.2165756225586,,,
72474.6192893401,-73.3219985961914,,,
72639.5939086294,-73.4274139404297,,,
72804.5685279188,-73.5327758789063,,,
72969.5431472081,-73.6382064819336,,,
73134.5177664975,-73.7436141967773,,,
73299.4923857868,-73.7910766601563,,,
73464.4670050761,-73.7031326293945,,,
73629.4416243655,-73.6151809692383,,,
73794.4162436548,-73.5272674560547,,,
73959.3908629442,-73.439323425293,,,
74124.3654822335,-73.3513870239258,,,
74289.3401015228,-73.2854156494141,,,
74454.3147208122,-73.253662109375,,,
74619.2893401015,-73.2219848632813,,,
74784.2639593909,-73.1902694702148,,,
74949.2385786802,-73.1585083007813,,,
75114.2131979695,-73.1268081665039,,,
75279.1878172589,-73.1725692749023,,,
75444.1624365482,-73.3022918701172,,,
75609.1370558376,-73.4320373535156,,,
75774.1116751269,-73.5616989135742,,,
75939.0862944162,-73.6914291381836,,,
76104.0609137056,-73.8211898803711,,,
76269.0355329949,-73.6748123168945,,,
76434.0101522843,-73.3202819824219,,,
76598.9847715736,-72.9656753540039,,,
76763.9593908629,-72.6111068725586,,,
76928.9340101523,-72.2565994262695,,,
77093.9086294416,-71.9020080566406,,,
77258.883248731,-71.7584838867188,,,
77423.8578680203,-71.7235946655273,,,
77588.8324873096,-71.6887588500977,,,
77753.807106599,-71.653938293457,,,
77918.7817258883,-71.6190719604492,,,
78083.7563451777,-71.5842132568359,,,
78248.730964467,-71.7062149047852,,,
78413.7055837563,-71.8804779052734,,,
78578.6802030457,-72.0547714233398,,,
78743.654822335,-72.2290267944336,,,
78908.6294416244,-72.4032745361328,,,
79073.6040609137,-72.5774917602539,,,
79238.578680203,-72.4709320068359,,,
79403.5532994924,-72.3107528686523,,,
79568.5279187817,-72.1506271362305,,,
79733.5025380711,-71.990478515625,,,
79898.4771573604,-71.8302917480469,,,
80063.4517766497,-71.6701431274414,,,
80228.4263959391,-71.6978607177734,,,
80393.4010152284,-71.7397003173828,,,
80558.3756345178,-71.7815551757813,,,
80723.3502538071,-71.8234024047852,,,
80888.3248730964,-71.8653030395508,,,
81053.2994923858,-71.9063720703125,,,
81218.2741116751,-71.9101867675781,,,
81383.2487309645,-71.9140167236328,,,
81548.2233502538,-71.9177856445313,,,
81713.1979695432,-71.9215698242188,,,
81878.1725888325,-71.9253997802734,,,
82043.1472081218,-71.9132537841797,,,
82208.1218274112,-71.7723922729492,,,
82373.0964467005,-71.6316146850586,,,
82538.0710659898,-71.4907302856445,,,
82703.0456852792,-71.349967956543,,,
82868.0203045685,-71.2090759277344,,,
83032.9949238579,-71.1163635253906,,,
83197.9695431472,-71.2159652709961,,,
83362.9441624365,-71.3156661987305,,,
83527.9187817259,-71.4152526855469,,,
83692.8934010152,-71.5148849487305,,,
83857.8680203046,-71.6146011352539,,,
84022.8426395939,-71.6629791259766,,,
84187.8172588833,-71.5856628417969,,,
84352.7918781726,-71.5084228515625,,,
84517.7664974619,-71.4312133789063,,,
84682.7411167513,-71.3539047241211,,,
84847.7157360406,-71.2766723632813,,,
85012.6903553299,-71.2029190063477,,,
85177.6649746193,-71.1347579956055,,,
85342.6395939086,-71.0666885375977,,,
85507.614213198,-70.9985885620117,,,
85672.5888324873,-70.9304428100586,,,
85837.5634517766,-70.8623809814453,,,
86002.538071066,-70.8013916015625,,,
86167.5126903553,-70.7485427856445,,,
86332.4873096447,-70.6956024169922,,,
86497.461928934,-70.6427764892578,,,
86662.4365482234,-70.5898818969727,,,
86827.4111675127,-70.5370483398438,,,
86992.385786802,-68.5368041992188,,,
87157.3604060914,-68.7922897338867,,,
87322.3350253807,-68.0477752685547,,,
87487.3096446701,-68.3032913208008,,,
87652.2842639594,-68.5587577819824,,,
87817.2588832487,-68.8142433166504,,,
87982.2335025381,-68.8142433166504,,,
88147.2081218274,-68.8142433166504,,,
88312.1827411167,-68.8142433166504,,,
88477.1573604061,-68.8142433166504,,,
88642.1319796954,-68.8142433166504,,,
88807.1065989848,-68.8142433166504,,,
88972.0812182741,-68.8142433166504,,,
89137.0558375634,-68.8142433166504,,,
89302.0304568528,-68.8142433166504,,,
89467.0050761421,-68.8142433166504,,,
89631.9796954315,-68.8142433166504,,,
89796.9543147208,-68.8962631225586,,,
89961.9289340102,-68.8962631225586,,,
90126.9035532995,-68.8962631225586,,,
90291.8781725888,-68.8962631225586,,,
90456.8527918782,-68.8962631225586,,,
90621.8274111675,-68.8962631225586,,,
90786.8020304568,-68.8962631225586,,,
90951.7766497462,-68.8962631225586,,,
91116.7512690355,-68.8962631225586,,,
91281.7258883249,-68.8962631225586,,,
91446.7005076142,-68.8962631225586,,,
91611.6751269035,-68.8962631225586,,,
91776.6497461929,-68.8962631225586,,,
91941.6243654822,-68.8598098754883,,,
92106.5989847716,-68.8232879638672,,,
92271.5736040609,-68.7868423461914,,,
92436.5482233503,-68.7503509521484,,,
92601.5228426396,-68.7138977050781,,,
92766.4974619289,-68.6833724975586,,,
92931.4720812183,-68.706672668457,,,
93096.4467005076,-68.7300033569336,,,
93261.421319797,-68.7533874511719,,,
93426.3959390863,-68.7766571044922,,,
93591.3705583756,-68.7999877929688,,,
93756.345177665,-68.792724609375,,,
93921.3197969543,-68.6552581787109,,,
94086.2944162436,-68.5177612304688,,,
94251.269035533,-68.3803100585938,,,
94416.2436548223,-68.242805480957,,,
94581.2182741117,-68.1052932739258,,,
94746.192893401,-68.0048446655273,,,
94911.1675126904,-67.9995956420898,,,
95076.1421319797,-67.9944152832031,,,
95241.116751269,-67.989143371582,,,
95406.0913705584,-67.9838790893555,,,
95571.0659898477,-67.978645324707,,,
95736.0406091371,-67.8933715820313,,,
95901.0152284264,-67.6719512939453,,,
96065.9898477157,-67.450439453125,,,
96230.9644670051,-67.2289581298828,,,
96395.9390862944,-67.0074691772461,,,
96560.9137055837,-66.7860260009766,,,
96725.8883248731,-66.4596557617188,,,
96890.8629441624,-66.0102615356445,,,
97055.8375634518,-65.5608520507813,,,
97220.8121827411,-65.111457824707,,,
97385.7868020305,-64.6620178222656,,,
97550.7614213198,-64.2125854492188,,,
97715.7360406091,-63.8731002807617,,,
97880.7106598985,-63.623462677002,,,
98045.6852791878,-63.3738098144531,,,
98210.6598984772,-63.1241760253906,,,
98375.6345177665,-62.8745346069336,,,
98540.6091370558,-62.6249160766602,,,
98705.5837563452,-62.2463340759277,,,
98870.5583756345,-61.7952117919922,,,
99035.5329949239,-61.344066619873,,,
99200.5076142132,-60.8929061889648,,,
99365.4822335025,-60.4418182373047,,,
99530.4568527919,-59.9906997680664,,,
99695.4314720812,-59.531078338623,,,
99860.4060913706,-59.0683746337891,,,
100025.38071066,-58.605655670166,,,
100190.355329949,-58.1429634094238,,,
100355.329949239,-57.6802139282227,,,
100520.304568528,-57.2175445556641,,,
100685.279187817,-57.3486595153809,,,
100850.253807107,-57.6101531982422,,,
101015.228426396,-57.8716697692871,,,
101180.203045685,-58.1331977844238,,,
101345.177664975,-58.3946952819824,,,
101510.152284264,-58.6562232971191,,,
101675.126903553,-58.9401893615723,,,
101840.101522843,-59.2264099121094,,,
102005.076142132,-59.5125961303711,,,
102170.050761421,-59.7987670898438,,,
102335.025380711,-60.0850143432617,,,
102500,-60.3712425231934,,,
102664.974619289,-60.4520645141602,,,
102829.949238579,-60.5328483581543,,,
102994.923857868,-60.6136360168457,,,
103159.898477157,-60.694450378418,,,
103324.873096447,-60.7752265930176,,,
103489.847715736,-60.8611030578613,,,
103654.822335025,-60.9973068237305,,,
103819.796954315,-61.1335296630859,,,
103984.771573604,-61.2698059082031,,,
104149.746192893,-61.4060478210449,,,
104314.720812183,-61.542293548584,,,
104479.695431472,-61.6015968322754,,,
104644.670050761,-61.3104057312012,,,
104809.644670051,-61.0192451477051,,,
104974.61928934,-60.7281036376953,,,
105139.593908629,-60.4368858337402,,,
105304.568527919,-60.1457290649414,,,
105469.543147208,-59.9668617248535,,,
105634.517766497,-60.0914878845215,,,
105799.492385787,-60.2161331176758,,,
105964.467005076,-60.3407936096191,,,
106129.441624365,-60.4654426574707,,,
106294.416243655,-60.5900840759277,,,
106459.390862944,-60.5892639160156,,,
106624.365482233,-60.3654441833496,,,
106789.340101523,-60.1415748596191,,,
106954.314720812,-59.9177055358887,,,
107119.289340102,-59.6939010620117,,,
107284.263959391,-59.4700660705566,,,
107449.23857868,-59.1500434875488,,,
107614.21319797,-58.712574005127,,,
107779.187817259,-58.2749938964844,,,
107944.162436548,-57.8374557495117,,,
108109.137055838,-57.3998680114746,,,
108274.111675127,-56.9623680114746,,,
108439.086294416,-56.6269416809082,,,
108604.060913706,-56.3785781860352,,,
108769.035532995,-56.1302299499512,,,
108934.010152284,-55.8818206787109,,,
109098.984771574,-55.6334915161133,,,
109263.959390863,-55.3850936889648,,,
109428.934010152,-55.053783416748,,,
109593.908629442,-54.6737632751465,,,
109758.883248731,-54.2937812805176,,,
109923.85786802,-53.9137382507324,,,
110088.83248731,-53.5336799621582,,,
110253.807106599,-53.1536293029785,,,
110418.781725888,-52.928825378418,,,
110583.756345178,-52.7642250061035,,,
110748.730964467,-52.5997085571289,,,
110913.705583756,-52.4351844787598,,,
111078.680203046,-52.2706413269043,,,
111243.654822335,-52.1061172485352,,,
111408.629441624,-51.9633827209473,,,
111573.604060914,-51.8257675170898,,,
111738.578680203,-51.6881866455078,,,
111903.553299492,-51.5505714416504,,,
112068.527918782,-51.4129371643066,,,
112233.502538071,-51.2753410339355,,,
112398.47715736,-51.1103782653809,,,
112563.45177665,-50.9423713684082,,,
112728.426395939,-50.7743873596191,,,
112893.401015228,-50.6064300537109,,,
113058.375634518,-50.4384307861328,,,
113223.350253807,-50.2704238891602,,,
113388.324873096,-50.2025756835938,,,
113553.299492386,-50.1357269287109,,,
113718.274111675,-50.0688438415527,,,
113883.248730964,-50.0019989013672,,,
114048.223350254,-49.9351348876953,,,
114213.197969543,-49.8863639831543,,,
114378.172588832,-50.0457077026367,,,
114543.147208122,-50.205078125,,,
114708.121827411,-50.3644676208496,,,
114873.096446701,-50.5238380432129,,,
115038.07106599,-50.6831970214844,,,
115203.045685279,-50.8661499023438,,,
115368.020304569,-51.1640281677246,,,
115532.994923858,-51.4619026184082,,,
115697.969543147,-51.7597618103027,,,
115862.944162437,-52.0576171875,,,
116027.918781726,-52.3555068969727,,,
116192.893401015,-52.704174041748,,,
116357.868020305,-53.197338104248,,,
116522.842639594,-53.6905212402344,,,
116687.817258883,-54.1836700439453,,,
116852.791878173,-54.6768569946289,,,
117017.766497462,-55.1700134277344,,,
117182.741116751,-55.5953903198242,,,
117347.715736041,-55.8947677612305,,,
117512.69035533,-56.1941833496094,,,
117677.664974619,-56.4935646057129,,,
117842.639593909,-56.7929306030273,,,
118007.614213198,-57.0923194885254,,,
118172.588832487,-57.272289276123,,,
118337.563451777,-57.3002967834473,,,
118502.538071066,-57.3282279968262,,,
118667.512690355,-57.3562316894531,,,
118832.487309645,-57.384204864502,,,
118997.461928934,-57.4121360778809,,,
119162.436548223,-57.4988975524902,,,
119327.411167513,-57.6377487182617,,,
119492.385786802,-57.7765426635742,,,
119657.360406091,-57.9153938293457,,,
119822.335025381,-58.05419921875,,,
119987.30964467,-58.1930046081543,,,
120152.284263959,-58.4258842468262,,,
120317.258883249,-58.716423034668,,,
120482.233502538,-59.0069770812988,,,
120647.208121827,-59.297550201416,,,
120812.182741117,-59.588077545166,,,
120977.157360406,-59.8786582946777,,,
121142.131979695,-60.1092987060547,,,
121307.106598985,-60.3155937194824,,,
121472.081218274,-60.5218734741211,,,
121637.055837563,-60.7281112670898,,,
121802.030456853,-60.9343452453613,,,
121967.005076142,-61.1406097412109,,,
122131.979695431,-61.1579055786133,,,
122296.954314721,-61.1278076171875,,,
122461.92893401,-61.0978355407715,,,
122626.903553299,-61.0678253173828,,,
122791.878172589,-61.037769317627,,,
122956.852791878,-61.0077476501465,,,
123121.827411168,-61.2776069641113,,,
123286.802030457,-61.5845108032227,,,
123451.776649746,-61.8914794921875,,,
123616.751269036,-62.1984519958496,,,
123781.725888325,-62.5053253173828,,,
123946.700507614,-62.8122749328613,,,
124111.675126904,-62.8930511474609,,,
124276.649746193,-62.9692268371582,,,
124441.624365482,-63.0454330444336,,,
124606.598984772,-63.1215782165527,,,
124771.573604061,-63.1977767944336,,,
124936.54822335,-63.2775840759277,,,
125101.52284264,-63.4058990478516,,,
125266.497461929,-63.5342254638672,,,
125431.472081218,-63.6626014709473,,,
125596.446700508,-63.7909317016602,,,
125761.421319797,-63.9192047119141,,,
125926.395939086,-64.0490036010742,,,
126091.370558376,-64.1864547729492,,,
126256.345177665,-64.3238906860352,,,
126421.319796954,-64.4613571166992,,,
126586.294416244,-64.5987854003906,,,
126751.269035533,-64.7362594604492,,,
126916.243654822,-64.831298828125,,,
127081.218274112,-64.7992172241211,,,
127246.192893401,-64.7671585083008,,,
127411.16751269,-64.7350311279297,,,
127576.14213198,-64.7029418945313,,,
127741.116751269,-64.6708755493164,,,
127906.091370558,-64.6012268066406,,,
128071.065989848,-64.4586029052734,,,
128236.040609137,-64.3159637451172,,,
128401.015228426,-64.1733932495117,,,
128565.989847716,-64.0307922363281,,,
128730.964467005,-63.8881797790527,,,
128895.939086294,-63.7050933837891,,,
129060.913705584,-63.4683609008789,,,
129225.888324873,-63.2316856384277,,,
129390.862944162,-62.9949760437012,,,
129555.837563452,-62.7582511901855,,,
129720.812182741,-62.5215759277344,,,
129885.78680203,-62.5480041503906,,,
130050.76142132,-62.8173942565918,,,
130215.736040609,-63.086799621582,,,
130380.710659898,-63.3561706542969,,,
130545.685279188,-63.6255149841309,,,
130710.659898477,-63.8949165344238,,,
130875.634517766,-64.1818618774414,,,
131040.609137056,-64.47998046875,,,
131205.583756345,-64.7781829833984,,,
131370.558375635,-65.0763092041016,,,
131535.532994924,-65.3744430541992,,,
131700.507614213,-65.6725997924805,,,
131865.482233503,-65.7892303466797,,,
132030.456852792,-65.8281707763672,,,
132195.431472081,-65.8670349121094,,,
132360.406091371,-65.905891418457,,,
132525.38071066,-65.9448089599609,,,
132690.355329949,-65.9836959838867,,,
132855.329949239,-65.9233703613281,,,
133020.304568528,-65.8366928100586,,,
133185.279187817,-65.7500534057617,,,
133350.253807107,-65.6633529663086,,,
133515.228426396,-65.5766906738281,,,
133680.203045685,-65.489990234375,,,
133845.177664975,-65.3957290649414,,,
134010.152284264,-65.3003921508789,,,
134175.126903553,-65.2050323486328,,,
134340.101522843,-65.1097564697266,,,
134505.076142132,-65.0143661499023,,,
134670.050761421,-64.9190139770508,,,
134835.025380711,-65.3174514770508,,,
135000,-65.7310791015625,,,
135164.974619289,-66.1447448730469,,,
135329.949238579,-66.5584106445313,,,
135494.923857868,-66.9720764160156,,,
135659.898477157,-67.3775405883789,,,
135824.873096447,-67.6551513671875,,,
135989.847715736,-67.9327850341797,,,
136154.822335025,-68.2103805541992,,,
136319.796954315,-68.4879989624023,,,
136484.771573604,-68.7656326293945,,,
136649.746192893,-68.9794692993164,,,
136814.720812183,-68.831901550293,,,
136979.695431472,-68.6843338012695,,,
137144.670050761,-68.5367660522461,,,
137309.644670051,-68.3891677856445,,,
137474.61928934,-68.2416458129883,,,
137639.593908629,-68.1684646606445,,,
137804.568527919,-68.3307876586914,,,
137969.543147208,-68.4931869506836,,,
138134.517766497,-68.6555404663086,,,
138299.492385787,-68.8179016113281,,,
138464.467005076,-68.9803085327148,,,
138629.441624365,-69.1222915649414,,,
138794.416243655,-69.2229766845703,,,
138959.390862944,-69.3236541748047,,,
139124.365482233,-69.4243469238281,,,
139289.340101523,-69.5250091552734,,,
139454.314720812,-69.6257171630859,,,
139619.289340102,-69.6503219604492,,,
139784.263959391,-69.5698623657227,,,
139949.23857868,-69.4894256591797,,,
140114.21319797,-69.4089736938477,,,
140279.187817259,-69.328498840332,,,
140444.162436548,-69.2480773925781,,,
140609.137055838,-69.2421112060547,,,
140774.111675127,-69.3075866699219,,,
140939.086294416,-69.3731155395508,,,
141104.060913706,-69.4386596679688,,,
141269.035532995,-69.504150390625,,,
141434.010152284,-69.5696411132813,,,
141598.984771574,-69.6186447143555,,,
141763.959390863,-69.6566314697266,,,
141928.934010152,-69.6946411132813,,,
142093.908629442,-69.7326278686523,,,
142258.883248731,-69.770637512207,,,
142423.85786802,-69.8086395263672,,,
142588.83248731,-69.7910690307617,,,
142753.807106599,-69.7486038208008,,,
142918.781725888,-69.7060623168945,,,
143083.756345178,-69.6636047363281,,,
143248.730964467,-69.6211090087891,,,
143413.705583756,-69.5786437988281,,,
143578.680203046,-69.6078414916992,,,
143743.654822335,-69.6572570800781,,,
143908.629441624,-69.706672668457,,,
144073.604060914,-69.7560958862305,,,
144238.578680203,-69.805534362793,,,
144403.553299492,-69.8549499511719,,,
144568.527918782,-69.6686172485352,,,
144733.502538071,-69.4470977783203,,,
144898.47715736,-69.2255630493164,,,
145063.45177665,-69.0039978027344,,,
145228.426395939,-68.7824096679688,,,
145393.401015228,-68.5609130859375,,,
145558.375634518,-68.1721801757813,,,
145723.350253807,-67.7765579223633,,,
145888.324873096,-67.3809127807617,,,
146053.299492386,-66.9851989746094,,,
146218.274111675,-66.5895919799805,,,
146383.248730964,-66.2274169921875,,,
146548.223350254,-66.5022048950195,,,
146713.197969543,-66.776985168457,,,
146878.172588832,-67.0517730712891,,,
147043.147208122,-67.3266143798828,,,
147208.121827411,-67.6013565063477,,,
147373.096446701,-67.8299789428711,,,
147538.07106599,-67.7750701904297,,,
147703.045685279,-67.7200698852539,,,
147868.020304569,-67.6651077270508,,,
148032.994923858,-67.6101150512695,,,
148197.969543147,-67.5551300048828,,,
148362.944162437,-67.5274887084961,,,
148527.918781726,-67.5912857055664,,,
148692.893401015,-67.6550140380859,,,
148857.868020305,-67.718879699707,,,
149022.842639594,-67.7826461791992,,,
149187.817258883,-67.8463973999023,,,
149352.791878173,-67.8325500488281,,,
149517.766497462,-67.653694152832,,,
149682.741116751,-67.4749298095703,,,
149847.715736041,-67.2960662841797,,,
150012.69035533,-67.1172409057617,,,
150177.664974619,-66.9384460449219,,,
150342.639593909,-66.9218292236328,,,
150507.614213198,-67.138801574707,,,
150672.588832487,-67.3557357788086,,,
150837.563451777,-67.5727081298828,,,
151002.538071066,-67.7896728515625,,,
151167.512690355,-68.0066146850586,,,
151332.487309645,-68.2782516479492,,,
151497.461928934,-68.6045303344727,,,
151662.436548223,-68.9308547973633,,,
151827.411167513,-69.257194519043,,,
151992.385786802,-69.5834884643555,,,
152157.360406091,-69.9098052978516,,,
152322.335025381,-69.9098739624023,,,
152487.30964467,-69.683235168457,,,
152652.284263959,-69.4565505981445,,,
152817.258883249,-69.229850769043,,,
152982.233502538,-69.0032119750977,,,
153147.208121827,-68.7765502929688,,,
153312.182741117,-68.8634033203125,,,
153477.157360406,-69.0977478027344,,,
153642.131979695,-69.3320846557617,,,
153807.106598985,-69.5664520263672,,,
153972.081218274,-69.8008041381836,,,
154137.055837563,-70.0351715087891,,,
154302.030456853,-70.2326583862305,,,
154467.005076142,-70.4191589355469,,,
154631.979695431,-70.6056365966797,,,
154796.954314721,-70.792121887207,,,
154961.92893401,-70.9786758422852,,,
155126.903553299,-71.1650695800781,,,
155291.878172589,-71.3349685668945,,,
155456.852791878,-71.5020523071289,,,
155621.827411168,-71.6692123413086,,,
155786.802030457,-71.8363418579102,,,
155951.776649746,-72.0034790039063,,,
156116.751269036,-72.1705932617188,,,
156281.725888325,-72.395637512207,,,
156446.700507614,-72.6237182617188,,,
156611.675126904,-72.8518295288086,,,
156776.649746193,-73.0799102783203,,,
156941.624365482,-73.3080062866211,,,
157106.598984772,-73.5273666381836,,,
157271.573604061,-73.5361251831055,,,
157436.54822335,-73.5449142456055,,,
157601.52284264,-73.5536727905273,,,
157766.497461929,-73.5624923706055,,,
157931.472081218,-73.5712738037109,,,
158096.446700508,-73.5575332641602,,,
158261.421319797,-73.3933410644531,,,
158426.395939086,-73.2291030883789,,,
158591.370558376,-73.0648727416992,,,
158756.345177665,-72.9007186889648,,,
158921.319796954,-72.7364959716797,,,
159086.294416244,-72.590576171875,,,
159251.269035533,-72.5094604492188,,,
159416.243654822,-72.4283676147461,,,
159581.218274112,-72.3472290039063,,,
159746.192893401,-72.2661209106445,,,
159911.16751269,-72.1850357055664,,,
160076.14213198,-72.2418060302734,,,
160241.116751269,-72.6055221557617,,,
160406.091370558,-72.9691619873047,,,
160571.065989848,-73.3328399658203,,,
160736.040609137,-73.6964721679688,,,
160901.015228426,-74.0601272583008,,,
161065.989847716,-74.268180847168,,,
161230.964467005,-74.2427444458008,,,
161395.939086294,-74.217399597168,,,
161560.913705584,-74.1920166015625,,,
161725.888324873,-74.1666107177734,,,
161890.862944162,-74.1412963867188,,,
162055.837563452,-74.0646591186523,,,
162220.812182741,-73.9348297119141,,,
162385.78680203,-73.8050537109375,,,
162550.76142132,-73.6752853393555,,,
162715.736040609,-73.5454025268555,,,
162880.710659898,-73.4156494140625,,,
163045.685279188,-73.4158477783203,,,
163210.659898477,-73.5101623535156,,,
163375.634517767,-73.6045684814453,,,
163540.609137056,-73.6988906860352,,,
163705.583756345,-73.7933120727539,,,
163870.558375635,-73.8876571655273,,,
164035.532994924,-73.926513671875,,,
164200.507614213,-73.9379806518555,,,
164365.482233503,-73.9495010375977,,,
164530.456852792,-73.9609832763672,,,
164695.431472081,-73.9724731445313,,,
164860.406091371,-73.9839401245117,,,
165025.38071066,-74.2137908935547,,,
165190.355329949,-74.5125885009766,,,
165355.329949239,-74.8113555908203,,,
165520.304568528,-75.1101150512695,,,
165685.279187817,-75.4089126586914,,,
165850.253807107,-75.7077178955078,,,
166015.228426396,-75.6199493408203,,,
166180.203045685,-75.4639511108398,,,
166345.177664975,-75.307975769043,,,
166510.152284264,-75.151969909668,,,
166675.126903553,-74.9960098266602,,,
166840.101522843,-74.8399887084961,,,
167005.076142132,-74.9193572998047,,,
167170.050761421,-75.0137100219727,,,
167335.025380711,-75.1080780029297,,,
167500,-75.2024383544922,,,
167664.974619289,-75.2968673706055,,,
167829.949238579,-75.3805160522461,,,
167994.923857868,-75.1185455322266,,,
168159.898477157,-74.8565368652344,,,
168324.873096447,-74.5945281982422,,,
168489.847715736,-74.3325500488281,,,
168654.822335025,-74.0705490112305,,,
168819.796954315,-73.8690185546875,,,
168984.771573604,-74.110595703125,,,
169149.746192893,-74.3522109985352,,,
169314.720812183,-74.5938186645508,,,
169479.695431472,-74.8354110717773,,,
169644.670050761,-75.0770492553711,,,
169809.644670051,-75.2767715454102,,,
169974.61928934,-75.3188781738281,,,
170139.593908629,-75.3609466552734,,,
170304.568527919,-75.4030456542969,,,
170469.543147208,-75.4452209472656,,,
170634.517766497,-75.4872970581055,,,
170799.492385787,-75.5232086181641,,,
170964.467005076,-75.544677734375,,,
171129.441624365,-75.566162109375,,,
171294.416243655,-75.5876388549805,,,
171459.390862944,-75.6091537475586,,,
171624.365482233,-75.6306304931641,,,
171789.340101523,-75.5942153930664,,,
171954.314720812,-75.4672088623047,,,
172119.289340102,-75.3402862548828,,,
172284.263959391,-75.2132797241211,,,
172449.23857868,-75.0863647460938,,,
172614.21319797,-74.9594116210938,,,
172779.187817259,-74.9205780029297,,,
172944.162436548,-74.9773941040039,,,
173109.137055838,-75.0340728759766,,,
173274.111675127,-75.0908584594727,,,
173439.086294416,-75.1475830078125,,,
173604.060913706,-75.2042999267578,,,
173769.035532995,-75.2814483642578,,,
173934.010152284,-75.3738403320313,,,
174098.984771574,-75.4662704467773,,,
174263.959390863,-75.5587615966797,,,
174428.934010152,-75.6511535644531,,,
174593.908629442,-75.7436141967773,,,
174758.883248731,-75.8445816040039,,,
174923.85786802,-75.9500427246094,,,
175088.83248731,-76.0553207397461,,,
175253.807106599,-76.160774230957,,,
175418.781725888,-76.2661819458008,,,
175583.756345178,-76.3715362548828,,,
175748.730964467,-76.3968887329102,,,
175913.705583756,-76.3955230712891,,,
176078.680203046,-76.3942947387695,,,
176243.654822335,-76.3928604125977,,,
176408.629441624,-76.3915710449219,,,
176573.604060914,-76.3902206420898,,,
176738.578680203,-76.0637969970703,,,
176903.553299492,-75.6753768920898,,,
177068.527918782,-75.2870178222656,,,
177233.502538071,-74.8986358642578,,,
177398.47715736,-74.5102615356445,,,
177563.45177665,-74.1218719482422,,,
177728.426395939,-74.1460876464844,,,
177893.401015228,-74.9754867553711,,,
178058.375634518,-74.804931640625,,,
178223.350253807,-74.6343307495117,,,
178388.324873096,-74.4637260437012,,,
178553.299492386,-74.3616638183594,,,
178718.274111675,-74.6164207458496,,,
178883.248730964,-74.8711967468262,,,
179048.223350254,-74.1259498596191,,,
179213.197969543,-74.380687713623,,,
179378.172588832,-75.6354560852051,,,
179543.147208122,-75.2111854553223,,,
179708.121827411,-75.3836975097656,,,
179873.096446701,-75.5562019348145,,,
180038.07106599,-75.7287368774414,,,
180203.045685279,-75.9011993408203,,,
180368.020304569,-73.07373046875,,,
180532.994923858,-75.6359252929688,,,
180697.969543147,-75.7569961547852,,,
180862.944162437,-75.8779983520508,,,
181027.918781726,-75.9989776611328,,,
181192.893401015,-76.1200332641602,,,
181357.868020305,-76.2410659790039,,,
181522.842639594,-76.3641662597656,,,
181687.817258883,-76.4924850463867,,,
181852.791878173,-76.620735168457,,,
182017.766497462,-76.7490081787109,,,
182182.741116751,-76.8773040771484,,,
182347.715736041,-77.0055160522461,,,
182512.69035533,-77.0433654785156,,,
182677.664974619,-76.9335021972656,,,
182842.639593909,-76.8236999511719,,,
183007.614213198,-76.7138748168945,,,
183172.588832487,-76.6040725708008,,,
183337.563451777,-76.4942169189453,,,
183502.538071066,-76.4310607910156,,,
183667.512690355,-76.4204711914063,,,
183832.487309645,-76.4099273681641,,,
183997.461928934,-76.3992919921875,,,
184162.436548223,-76.3887405395508,,,
184327.411167513,-76.378173828125,,,
184492.385786802,-76.5257415771484,,,
184657.360406091,-76.7976150512695,,,
184822.335025381,-77.0694580078125,,,
184987.30964467,-77.34130859375,,,
185152.284263959,-77.6131896972656,,,
185317.258883249,-77.8850326538086,,,
185482.233502538,-77.8510818481445,,,
185647.208121827,-77.6524353027344,,,
185812.182741117,-77.4538192749023,,,
185977.157360406,-77.2551116943359,,,
186142.131979695,-77.0564193725586,,,
186307.106598985,-76.8577880859375,,,
186472.081218274,-76.7406845092773,,,
186637.055837563,-76.6522674560547,,,
186802.030456853,-76.5638961791992,,,
186967.005076142,-76.475456237793,,,
187131.979695431,-76.3870468139648,,,
187296.954314721,-76.298583984375,,,
187461.92893401,-76.3189239501953,,,
187626.903553299,-76.3615417480469,,,
187791.878172589,-76.4041137695313,,,
187956.852791878,-76.4466705322266,,,
188121.827411168,-76.4892654418945,,,
188286.802030457,-76.5318908691406,,,
188451.776649746,-76.4756546020508,,,
188616.751269036,-76.4109268188477,,,
188781.725888325,-76.3461608886719,,,
188946.700507614,-76.2813949584961,,,
189111.675126904,-76.2166519165039,,,
189276.649746193,-76.1540298461914,,,
189441.624365482,-76.3097381591797,,,
189606.598984772,-76.4653625488281,,,
189771.573604061,-76.6210098266602,,,
189936.54822335,-76.7766799926758,,,
190101.52284264,-76.9323806762695,,,
190266.497461929,-77.0671081542969,,,
190431.472081218,-77.0134506225586,,,
190596.446700508,-76.9598159790039,,,
190761.421319797,-76.9062271118164,,,
190926.395939086,-76.8525695800781,,,
191091.370558376,-76.7989730834961,,,
191256.345177665,-76.7839508056641,,,
191421.319796954,-76.9335861206055,,,
191586.294416244,-77.0831527709961,,,
191751.269035533,-77.2328033447266,,,
191916.243654822,-77.3824081420898,,,
192081.218274112,-77.5320281982422,,,
192246.192893401,-77.633903503418,,,
192411.16751269,-77.6130981445313,,,
192576.14213198,-77.5922241210938,,,
192741.116751269,-77.5714340209961,,,
192906.091370558,-77.5505599975586,,,
193071.065989848,-77.5297393798828,,,
193236.040609137,-77.5079803466797,,,
193401.015228426,-77.4844207763672,,,
193565.989847716,-77.4608917236328,,,
193730.964467005,-77.437385559082,,,
193895.939086294,-77.4138565063477,,,
194060.913705584,-77.3904037475586,,,
194225.888324873,-77.2821731567383,,,
194390.862944162,-77.0744476318359,,,
194555.837563452,-76.8668365478516,,,
194720.812182741,-76.6591339111328,,,
194885.78680203,-76.4514389038086,,,
195050.76142132,-76.2437973022461,,,
195215.736040609,-76.3176651000977,,,
195380.710659898,-76.6220245361328,,,
195545.685279188,-76.9262237548828,,,
195710.659898477,-77.2305526733398,,,
195875.634517767,-77.5347747802734,,,
196040.609137056,-77.8391036987305,,,
196205.583756345,-77.8859100341797,,,
196370.558375635,-77.7879791259766,,,
196535.532994924,-77.6900100708008,,,
196700.507614213,-77.5920639038086,,,
196865.482233503,-77.4941253662109,,,
197030.456852792,-77.3961791992188,,,
197195.431472081,-77.5008239746094,,,
197360.406091371,-77.6803588867188,,,
197525.38071066,-77.8600082397461,,,
197690.355329949,-78.0394897460938,,,
197855.329949239,-78.2190399169922,,,
198020.304568528,-78.398681640625,,,
198185.279187817,-78.2649536132813,,,
198350.253807107,-78.0625305175781,,,
198515.228426396,-77.8601226806641,,,
198680.203045685,-77.6576690673828,,,
198845.177664975,-77.4552230834961,,,
199010.152284264,-77.2527465820313,,,
199175.126903553,-77.3138580322266,,,
199340.101522843,-77.4009552001953,,,
199505.076142132,-77.4881057739258,,,
199670.050761421,-77.5752563476563,,,
199835.025380711,-77.6624298095703,,,
200000,-77.7495193481445,,,
