3227665512693
3227731702103
3227873043740
3228574977977
3228732809254
3228814696187
3229132371134
3229343647546
3229724821918
3229839092985
3230107002100
3230244272006
3230461771747
3230755904577
3230781908543
3231016492298
3231271191461
3231280928056
3231592191321
3231770993685
3232110194038
3232155803801
3232269262999
3232402756501
3232534221271
3232795674072
3232955120012
3232972334985
3233336496490
3233357678250
3233629519310
3233884501694
3233963785589
3234043600010
3234185578504
3234346948760
3234386894948
3234433183126
3234494550875
