2949242491272
2949245136445
2949271723510
2949329536045
2949346141782
2949386995456
2949387555885
2949388344244
2949390039061
2949390768519
2949451802654
2949467746700
2949538805972
2949564840834
2949589256183
2949600202028
2949618743575
2949644495666
2949708847261
2949709354147
2949721928564
2949728140292
2949762350246
2949772371981
2949779332872
2949792191517
2949808417048
2949842214884
2949859424052
2949890113386
2949898091216
2949948456269
2949962618265
2949965886752
2949968266844
2949973022367
2949992541017
2950005610466
2950005770152
2950070160590
2950083073304
2950087440853
2950108950741
2950128669760
2950146515286
2950155708200
2950173554393
2950176800208
2950185270707
2950198804540
2950204273180
2950209123039
2950221117545
2950243601486
2950268558412
2950274764512
2950276892526
2950278006769
2950282261115
2950315639213
2950316468910
2950319685212
2950338367656
2950342878763
2950350383286
2950362527540
2950376877965
2950431070843
2950456488480
2950515453671
2950523197737
2950570954780
2950578745225
2950592839622
2950596800974
2950641405775
2950668746853
2950670614382
2950672156758
2950685654574
2950696420153
2950714788379
2950725495488
2950731049196
2950736741290
2950753303161
2950795423064
2950822272409
2950834409292
2950834598251
2950907909565
2950927836692
2950930092283
2951139887034
2951163760189
2951185894664
2951187067900
2951197708104
2951248476199
2951248902936
2951252366365
2951260293338
2951282170337
2951312638645
2951326062410
2951346784036
2951350516650
2951351075682
2951439496907
2951452215305
2951455014015
2951456649960
2951491053454
2951495746356
2951567751224
2951569335679
2951573337838
2951609461398
2951620600975
2951654246104
2951658299133
2951666284835
2951684740202
2951728968560
2951752378724
2951784773438
2951790935557
2951838495023
2951859648440
2951863027394
2951884344726
2951951099762
2951965476738
2951967893004
2951999531394
2952067083168
2952139710965
2952171255701
2952185555845
2952188889280
2952251661669
2952291483821
2952345310973
2952438412101
2952506378685
2952520444104
2952526214763
2952568878381
2952577240360
2952589219119
2952607563706
2952660302716
2952662609270
2952680511493
2952682520015
2952699334930
2952759993241
2952763840575
2952776404807
2952784502427
2952789365106
2952797817462
2952801706906
2952849269838
2952869693047
2952911558149
2952920600201
2952956516297
2952958312828
2952959015907
2953044936282
2953048752624
2953055969766
2953065037272
2953074945177
2953075530993
2953080677788
2953089163560
2953091052908
2953093954397
2953114407765
2953119966396
2953129041740
2953138735702
2953140074262
2953159523719
2953167272993
2953231198287
2953231528704
2953233896086
2953247639609
2953268097688
2953281079700
2953282346234
2953304237199
2953307981231
2953309736540
2953365437470
2953380806728
2953483295766
2953515162488
2953534262702
2953568409457
2953581319995
2953584418407
2953590042339
2953593955506
2953616953100
2953625500269
2953637967351
2953679478526
2953684689048
2953688941890
2953691961541
2953711140701
2953711326449
2953713479464
2953730865260
2953735204145
2953755732052
2953794468030
2953801354811
2953820515842
2953831157298
2953834132908
2953840488450
2953849119299
2953852479158
2953868477335
2953917963444
2953927260999
2953934368619
2953963338652
2953981898825
2954004663600
2954058018526
2954116205283
2954124190117
2954141689352
2954151636236
2954202619695
2954234972269
2954238490417
2954272818825
2954278089266
2954314221550
2954328170846
2954387906100
2954410759985
2954413367286
2954467733837
2954530218298
2954535113682
2954554589010
2954578223933
2954584267837
2954588109053
2954591339738
2954618735082
2954638632368
2954645064369
2954650456880
2954655059972
2954673357951
2954679575748
2954695516383
2954699132774
2954702963900
2954717599687
2954770325145
2954776344397
2954809247478
2954828666099
2954872002867
2954873127198
2954879768680
2954886312037
2954930053823
2954930249900
2954956671318
2954982214418
2954996827923
2955019757223
2955021535634
2955093439537
2955094390705
2955133716665
2955176312895
2955216237581
2955222777552
2955227998590
2955234032221
2955309178931
2955327179431
2955399859715
2955432757186
2955458668927
2955461406964
2955475707688
2955477209866
2955477628634
2955481152843
2955492850835
2955547448202
2955549459104
2955561972688
2955571770175
2955595779046
2955603276009
2955619812144
2955625200387
2955632156287
2955632409924
2955642495303
2955674694223
2955696118842
2955696824755
2955723795869
2955744022798
2955772846960
2955795861222
2955842943158
2955863364073
2955868502513
2955886941572
2955888489116
2955891893240
2955943784244
2955946397494
2955956493896
2956010822362
2956064109133
2956071731048
2956104014201
2956163914614
2956172588638
2956223639558
2956236531940
