3227555554828
3227754386679
3228267871515
3228559175660
3228630494538
3228818668346
3229006138055
3229083560914
3229161418079
3229403335912
3229503439952
3229792165531
3229841461279
3230052190350
3230061260790
3230100730267
3230474512860
3230618331713
3230831120489
3230917069843
3231530460653
3231730032122
3232075853965
3232361643925
3232699157382
3232865277922
3233016988930
3233335558644
3233597725685
3233623398043
3233642861957
3233974992721
3233979006756
3234116676738
3234494384187
