1949179045420
1949212873120
1949235081228
1949279138795
1949309888125
1949317425409
1949397099055
1949477766389
1949612710289
1949621694136
1949663533090
1949673480968
1949747115037
1949749510645
1949753759434
1949772350865
1949800225178
1949897908617
1949905117665
1949912635725
1949938166932
1949985225138
1949994805696
1950020329799
1950028216229
1950061638064
1950068756233
1950096873809
1950204405175
1950246195647
1950298397058
1950298777321
1950301627189
1950316496038
1950341386521
1950396673194
1950411129307
1950420630799
1950477549186
1950582117012
1950602405846
1950612504973
1950707310752
1950717866149
1950761377088
1950825971165
1950836960995
1950858822540
1950894356481
1950942843789
1950950457182
1950954840547
1950962612579
1950973716930
1950983310571
1950996597795
1951010612739
1951018725417
1951023474195
1951100818295
1951111643464
1951133140444
1951193816213
1951224114443
1951228232894
1951272605947
1951315922038
1951320262717
1951326760902
1951357686487
1951391210075
1951404281525
1951406002917
1951419113679
1951426693911
1951460097632
1951464896063
1951483236230
1951484945361
1951495401573
1951520240160
1951526929954
1951527054897
1951547853130
1951570633672
1951571073130
1951662990360
1951671041085
1951756499869
1951763007295
1951795651265
1951811345318
1951868116693
1951889241607
1951957773466
1951982195004
1952001755555
1952018901606
1952035375979
1952041322554
1952081978758
1952097096710
1952160140952
1952185219658
1952211495126
1952212944571
1952225078720
1952233839866
1952262941194
1952264164727
1952277470292
1952313057118
1952318873606
1952368068660
1952382667281
1952404765998
1952433598469
1952500534087
1952549482575
1952554776529
1952561369671
1952586807381
1952595034612
1952662595096
1952695378998
1952712670815
1952722266423
1952779120451
1952792842791
1952816019486
1952841960833
1952867391259
1952872567015
1952953838021
1952995528799
1953004799226
1953049249895
1953074434030
1953104147537
1953112985255
1953148300519
1953150679731
1953161094194
1953215206625
1953224935616
1953249368784
1953268990745
1953287244072
1953361122984
1953380629740
1953381712234
1953417899182
1953441026707
1953484605218
1953549926049
1953594970519
1953617589276
1953623206602
1953646405570
1953674770394
1953702910051
1953711492335
1953731394120
1953738328832
1953787521851
1953791181464
1953819053738
1953824684272
1953883567977
1953888536212
1953896029228
1953896702753
1954006047196
1954025435224
1954035401756
1954083261035
1954125930868
1954237356007
1954247399713
1954250837925
1954269240761
1954269650605
1954292938333
1954340582483
1954350750723
1954377093424
1954400788798
1954412504639
1954422363701
1954450880474
1954457028440
1954480461077
1954484722565
1954496086456
1954536633013
1954538307892
1954547328393
1954611319487
1954718300546
1954758085293
1954834986238
1954840113891
1954882920589
1954887650848
1954973942962
1955033257504
1955067277652
1955070851143
1955103289911
1955158781789
1955215531958
1955269556434
1955294009018
1955300554078
1955321447464
1955349920888
1955418244801
1955460733171
1955463580862
1955541712100
1955567750519
1955651946478
1955657808457
1955667169968
1955700390691
1955733445149
1955746403846
1955797318713
1955810277105
1955826899038
1955841786275
1955866506328
1955868678665
1955878115251
1955888316292
1955906803696
1955911248765
1955948959031
1955999990797
1956006853741
1956044449257
1956111990917
1956115924973
