5949443612247
5949474429188
5949531585892
5949534225182
5949537825700
5949543798336
5949571272847
5949584205208
5949598295342
5949663155615
5949664965631
5949666967324
5949680438188
5949685625727
5949701519585
5949738453768
5949758432725
5949768673972
5949789187806
5949795387487
5949815933225
5949842275363
5949871777539
5949943124120
5949949715396
5949955721023
5949960262519
5950006458537
5950008380694
5950028238358
5950028288276
5950040363478
5950043104196
5950059855536
5950071293542
5950085270524
5950097936613
5950117641069
5950140821112
5950156458100
5950157312755
5950160994596
5950175020203
5950183432068
5950200012073
5950204046440
5950213352309
5950213398710
5950235238781
5950248719415
5950254595837
5950274122532
5950274680172
5950280723409
5950302605206
5950306450295
5950316308515
5950338833730
5950347882912
5950375686922
5950391604367
5950398420020
5950437389880
5950439217056
5950479301038
5950518932084
5950532454325
5950537699742
5950544915816
5950547067497
5950549407170
5950585849533
5950651115115
5950662519457
5950671413155
5950725116421
5950738727301
5950754613815
5950756565241
5950757095764
5950779481758
5950788495643
5950794644427
5950845886530
5950868295085
5950872513967
5950893691438
5950896978953
5950907996676
5950919407477
5950931636681
5950935278361
5950949445062
5950965929933
5951046062231
5951060093750
5951062432418
5951108666799
5951123567264
5951144502575
5951152321738
5951173166975
5951180936952
5951201447701
5951201507471
5951206240783
5951218062971
5951240016353
5951263250163
5951272736379
5951279041226
5951291459526
5951299362773
5951299846807
5951310212200
5951310307535
5951312264766
5951317684326
5951348139837
5951356624219
5951357865181
5951400769819
5951410613715
5951427824285
5951429344262
5951429419357
5951429522906
5951432219697
5951453881492
5951455860348
5951462714189
5951469170130
5951470117919
5951476871931
5951481662958
5951490969640
5951525800758
5951528715222
5951546387356
5951561034335
5951587310828
5951609948903
5951620400275
5951634766322
5951641625478
5951642352981
5951661082658
5951662969293
5951685040006
5951733812542
5951779765818
5951786297977
5951822749999
5951830223817
5951836348445
5951842497454
5951843471448
5951879879754
5951884442500
5951933394624
5951949349645
5951963078066
5951964391767
5951974592094
5952009625329
5952027669427
5952099725320
5952112476283
5952136908826
5952172089985
5952173374005
5952208018674
5952226425537
5952240279741
5952299683986
5952309536983
5952319654874
5952319700688
5952322480249
5952333064948
5952341969319
5952351040018
5952372423298
5952380032907
5952388849293
5952404400575
5952407273057
5952408247517
5952416402899
5952436683964
5952462120727
5952524610441
5952533105771
5952533416559
5952543561008
5952562630608
5952563977568
5952567864086
5952591018993
5952600471413
5952609912949
5952632418191
5952639814228
5952649917131
5952663639285
5952686265605
5952694151276
5952774178454
5952779119054
5952785506402
5952795138246
5952837173573
5952873649007
5952881723100
5952902155197
5952903335890
5952947103195
5952991845875
5953010720660
5953016148699
5953020621502
5953071929845
5953164241267
5953202643234
5953212049642
5953238677077
5953249867398
5953271471052
5953276197377
5953276487092
5953313826932
5953328522316
5953331983623
5953345787633
5953346110880
5953419417629
5953433137258
5953433980318
5953453266318
5953454928592
5953472078644
5953479010938
5953572716941
5953579925016
5953582080273
5953584374789
5953588878208
5953607297055
5953616258740
5953618617838
5953636610182
5953694981664
5953697345840
5953710213573
5953728368351
5953738955881
5953751189616
5953758460963
5953808103061
5953850019364
5953855292544
5953856278510
5953857093229
5953866802603
5953936879143
5953947500160
5953955229533
5953956183606
5954023615848
5954032841110
5954044668343
5954045687063
5954096463711
5954102463616
5954110116423
5954110703569
5954115145467
5954121579860
5954148069002
5954190020066
5954194340856
5954201488391
5954202818081
5954214860120
5954243235662
5954243925048
5954279861523
5954285153033
5954291483919
5954304849630
5954309661096
5954352836502
5954371904044
5954394189319
5954401889964
5954447357066
5954450578538
5954473316297
5954508538471
5954508683114
5954562451851
5954605118728
5954614878585
5954625904025
5954627843475
5954640126283
5954647101946
5954662008544
5954706218267
5954725231811
5954735111377
5954761083417
5954780836663
5954853670953
5954864134291
5954865403379
5954882222279
5954895204094
5954926107814
5954964217666
5954969445825
5954979032944
5955021696559
5955029616174
5955031073565
5955068687084
5955092471573
5955125485791
5955129275751
5955131138580
5955141098842
5955146864325
5955161003170
5955163546686
5955164036199
5955164127206
5955188731665
5955215959185
5955216613246
5955230121919
5955243407682
5955254482985
5955304796266
5955306924636
5955313103428
5955326491011
5955326538389
5955349537853
5955362219600
5955366039379
5955373724973
5955377535838
5955387925123
5955413583697
5955419053461
5955444926697
5955446500439
5955470135725
5955480235000
5955508012981
5955524443385
5955540869220
5955579671354
5955584070979
5955599774948
5955639774845
5955664769253
5955692028751
5955696729196
5955729109501
5955743759697
5955761043879
5955765808530
5955767980259
5955768408251
5955774993339
5955776657996
5955801179609
5955877792938
5955889254155
5955891773567
5955907751707
5955949526566
5955964702516
5955995435490
5955997194249
5956038796040
5956076534895
5956082180941
5956095726023
5956109748340
5956110536360
5956136316962
5956147177134
5956234890497
5956277927592
5956289284876
5956309356596
5956356907780
5956414082332
