5949432171036
5949440970507
5949488370687
5949496906693
5949507592023
5949520060169
5949532979896
5949537447847
5949537751756
5949579698020
5949600165391
5949620920627
5949667665823
5949719284940
5949781996616
5949811794058
5949814276264
5949826513560
5949842272217
5949892528122
5949893618369
5949963888097
5949967613307
5949992939896
5950043619512
5950044127243
5950097631713
5950174983038
5950188421582
5950247835944
5950280679148
5950301561671
5950321618874
5950348168616
5950353501245
5950362583248
5950379468642
5950390483557
5950433452115
5950437768386
5950452260042
5950472922605
5950527524107
5950527599627
5950531567504
5950548313715
5950548482657
5950575806067
5950604556768
5950605462661
5950619724020
5950642579171
5950642941929
5950670077222
5950680670986
5950854260721
5950855321219
5950886030763
5950889856790
5950927209924
5950979878121
5951042893241
5951077825509
5951078622657
5951087470811
5951105526214
5951131134678
5951198330258
5951221399243
5951289063657
5951375592486
5951376005419
5951385037079
5951402550234
5951412015856
5951456102410
5951468519410
5951486902924
5951499694253
5951541104253
5951559294900
5951573804820
5951601978833
5951626117870
5951647535039
5951688610302
5951745149678
5951748365092
5951826147237
5951862785223
5951867549194
5951868740982
5951874813966
5951884424682
5951897574930
5951934390167
5951949885279
5951952337709
5951967343664
5951971129272
5952051286184
5952051871145
5952055907317
5952073659511
5952131889386
5952132990885
5952155158171
5952164177819
5952186024423
5952237348619
5952258355321
5952273399768
5952292106266
5952310147765
5952311018984
5952312019521
5952335508214
5952378893740
5952464941620
5952468108928
5952515237679
5952524210390
5952588732900
5952630941079
5952651591507
5952692414216
5952735440397
5952745713601
5952754596041
5952810609085
5952849206602
5952869532086
5952907591832
5952922627930
5952923119951
5952967818621
5953066788331
5953106869215
5953162430358
5953177248327
5953195210962
5953234823792
5953245786320
5953262593306
5953280929843
5953282924929
5953287603218
5953299192756
5953320749690
5953373155706
5953378377179
5953392207849
5953404101391
5953425836494
5953523136837
5953612163267
5953708822816
5953715149226
5953725942408
5953800414849
5953825589412
5953832728218
5953839620022
5953883311803
5953886198752
5953934821717
5953973930928
5954002121825
5954034670722
5954082139692
5954116702364
5954172372397
5954204922835
5954216032318
5954267346873
5954300823402
5954353803834
5954394071199
5954417156411
5954429067944
5954453037398
5954481181083
5954518678516
5954522451064
5954543352070
5954564931796
5954568832134
5954614031415
5954630060795
5954631609122
5954634579165
5954659938539
5954713782739
5954855297168
5954859042483
5954862708374
5954886569332
5954892842202
5954936250761
5954950919612
5954962759765
5954966706932
5954983008833
5954995760883
5955035759275
5955049514117
5955061441051
5955069524836
5955082683224
5955091032886
5955095283224
5955117605910
5955176105409
5955182377334
5955199930056
5955255282347
5955270042832
5955280767914
5955297441656
5955306278076
5955313411815
5955319681115
5955352707305
5955380994745
5955394235075
5955398140846
5955473438731
5955482002907
5955530133376
5955575389130
5955657697945
5955753087479
5955861907993
5955865953562
5955879190383
5955888729826
5955892983108
5955899585097
5955921811210
5955923380741
5955947630645
5955949567109
5955976324385
5956042042144
5956085801483
5956122904444
5956145978870
5956199181122
5956207130507
5956229120584
5956249763900
5956258771217
5956281432237
5956326475436
5956348397588
5956354768452
5956413809308
5956420542514
