2227282593159
2227701169669
2227800065533
2227844635587
2228130892715
2228137386274
2228235932601
2228296333463
2228465969179
2228628958099
2228703789018
2228939669492
2229046609924
2229064700779
2229141203419
2229148079629
2229148406972
2229214166266
2229268915055
2229390340819
2231062078974
2231213063180
2231435654586
2231451929211
2231922385757
2232035893733
2232142298716
2232212047072
2232249036835
2232582494388
2232671125791
2232711782844
2232852302298
2232933224733
2233196139002
2233410218520
2233444019241
2233511470868
2233599010287
2233746654969
2233824198252
2233872445175
2233935165285
2233965265364
2234004128137
