1949270793868
1949272691195
1949275086735
1949291750351
1949292960890
1949335764522
1949338596590
1949359475457
1949390585895
1949395041712
1949396314359
1949436351371
1949437884784
1949439887770
1949468657408
1949541790429
1949542222787
1949544669620
1949565980525
1949624212285
1949635481691
1949647320621
1949658588538
1949663700382
1949676219944
1949679540669
1949698964136
1949713560008
1949716746943
1949725828636
1949762646780
1949772043999
1949772986420
1949779806458
1949805838738
1949824905048
1949834334831
1949863953577
1949869720266
1949876043307
1949901296916
1949956051957
1949991777750
1950033198827
1950037744101
1950050806745
1950065878089
1950088058010
1950103710360
1950111579055
1950115590877
1950124267647
1950151911497
1950155124528
1950211081025
1950237141078
1950243627592
1950243982202
1950295380266
1950298674136
1950327930192
1950331695709
1950333087075
1950359373281
1950369496950
1950376909637
1950394267746
1950415198155
1950416964323
1950421103970
1950426311390
1950445099171
1950483580725
1950488638347
1950524080617
1950544285035
1950548920016
1950550149675
1950585312320
1950595903380
1950612171599
1950617554057
1950651737929
1950667976155
1950670689611
1950675504068
1950679598809
1950683202746
1950726602960
1950744147541
1950748592062
1950799184954
1950831984558
1950837098199
1950837143908
1950849247792
1950873782958
1950875328118
1950910492323
1950911904665
1950948406679
1950961541467
1950972559116
1950980069150
1951011271239
1951023784359
1951054762376
1951060364915
1951064629846
1951080674361
1951083712196
1951103067760
1951104677883
1951108854340
1951110997557
1951112891704
1951116858942
1951157367929
1951157435830
1951187845574
1951198062249
1951220576048
1951234303720
1951235906658
1951236032549
1951262244073
1951262854542
1951288706686
1951290757401
1951328665206
1951332565603
1951337066578
1951350045617
1951356209201
1951428454751
1951442594415
1951474365281
1951476807050
1951506755132
1951516315551
1951543003438
1951571123768
1951577112626
1951590035789
1951603972651
1951608544216
1951621767660
1951642881623
1951654334661
1951659858396
1951661460805
1951706825992
1951711918159
1951733835799
1951745085800
1951763810573
1951770278877
1951829482434
1951833837200
1951843519838
1951897856942
1951914260668
1951919349384
1951932874266
1951974709044
1952045625324
1952071063012
1952078292528
1952078689716
1952087250909
1952118378928
1952121658280
1952131922989
1952140171580
1952179631817
1952202944049
1952203251618
1952228697952
1952228908117
1952232910492
1952295570626
1952296487672
1952297639761
1952307122588
1952329995709
1952374134476
1952428564451
1952458513261
1952477038763
1952487832920
1952501230844
1952521673576
1952534560805
1952553492173
1952563680690
1952563728060
1952567422334
1952588358207
1952590922056
1952608265380
1952628972545
1952633602359
1952652775041
1952657384393
1952657453886
1952677515969
1952682655706
1952712902109
1952735190003
1952745686618
1952806242047
1952834126146
1952841240563
1952882185617
1952903591634
1952909410041
1952909863982
1952913062869
1952959256912
1952961722715
1952972825994
1952980741610
1952987612935
1952990240997
1953006871808
1953063312978
1953096957984
1953103819439
1953121979788
1953142356013
1953154995127
1953188293712
1953194483048
1953228618381
1953255154991
1953278492289
1953285024897
1953287865441
1953291189705
1953318268529
1953326286629
1953352264943
1953373487017
1953384641831
1953385109696
1953390940468
1953396667510
1953460557547
1953486544595
1953571619905
1953576976648
1953593571574
1953605761672
1953623339133
1953646083723
1953660380274
1953666632572
1953674272784
1953677833517
1953692127407
1953694089260
1953705541607
1953710443863
1953743869105
1953767417757
1953780927266
1953824150867
1953840480560
1953853230765
1953861787861
1953886791430
1953915874086
1953937023208
1953944669556
1953952536284
1953963547187
1953989519468
1954022383646
1954043535780
1954047316777
1954065801220
1954086292540
1954094465862
1954101952587
1954122906009
1954161303205
1954202026923
1954227909180
1954236517061
1954256425288
1954291093550
1954300975311
1954309292113
1954309496000
1954316536462
1954320803959
1954343583171
1954345124774
1954356108972
1954360545965
1954382426557
1954392102547
1954400832990
1954417912945
1954465795814
1954466562171
1954473500790
1954482783731
1954509944190
1954524699082
1954536935077
1954540101367
1954565101301
1954580057954
1954585535128
1954601873067
1954614806157
1954631102224
1954650201749
1954650568323
1954667367970
1954700100385
1954712013947
1954730168424
1954747526028
1954842076027
1954862460231
1954874831392
1954885956735
1954917720695
1954918541590
1954922479759
1954949906408
1954954815090
1954972815388
1954987866360
1955005215325
1955006681714
1955047940105
1955094572140
1955104391587
1955146726943
1955181562922
1955256556897
1955277027898
1955282769686
1955300172653
1955336617950
1955341600377
1955394971635
1955402174214
1955414783438
1955437602402
1955441131738
1955444740822
1955455925501
1955461432021
1955497345790
1955501152423
1955502512376
1955518799009
1955535816919
1955537408140
1955549691652
1955597807897
1955610273914
1955624366600
1955665688042
1955669435725
1955674456608
1955694976094
1955713427252
1955718157152
1955722145619
1955753460328
1955754173151
1955798173815
1955807893924
1955807941402
1955872311559
1955905951475
1955919336691
1955921092022
1955934736888
1955968577044
1955981471330
1955989844922
1956005022070
1956026465222
1956027843611
1956040416071
1956048859960
1956063729382
1956075638218
1956081006723
1956128492520
1956142459283
1956157392930
1956158238334
1956164571093
1956169307965
1956223431498
1956232995578
1956241080191
1956252157088
1956257764897
1956267296772
