4949346711987
4949348015773
4949415033209
4949484771837
4949508106909
4949571904293
4949601026135
4949606858900
4949611685650
4949611781235
4949614050608
4949634522278
4949672553313
4949681512534
4949690889271
4949713982602
4949742250921
4949743072404
4949745354876
4949747411660
4949757237461
4949807252864
4949819580160
4949823554529
4949841159621
4949843221217
4949851350514
4949866868641
4949927860991
4949942419117
4949951877799
4949986981622
4950000325287
4950012789738
4950038549346
4950068430383
4950084091812
4950084222264
4950134183886
4950163994382
4950167293749
4950187961961
4950213227726
4950244705359
4950264950590
4950268905962
4950292321021
4950299245803
4950300704387
4950302898392
4950325095902
4950331482045
4950347442777
4950394885936
4950407009757
4950410526943
4950414282166
4950421158014
4950424178602
4950439361257
4950443336376
4950513641493
4950560860397
4950569143801
4950576450076
4950591941974
4950660255485
4950663731738
4950731317707
4950739675616
4950743212641
4950746638156
4950760222213
4950822585046
4950835676942
4950841235867
4950889168940
4950915661920
4950935243569
4950941611003
4950949276063
4950960546946
4950963695903
4950964755467
4950969647027
4950984539019
4950991237293
4951029248641
4951039456958
4951054930918
4951066734277
4951102420179
4951106481572
4951113207473
4951117503424
4951150735168
4951193435319
4951234000502
4951244390952
4951248782753
4951266437438
4951277032322
4951283208478
4951302477882
4951325874588
4951328198968
4951360310168
4951364954338
4951379495569
4951444666646
4951484142792
4951488180697
4951489418261
4951504599121
4951537920990
4951585405338
4951587383723
4951618036055
4951627024019
4951631186143
4951674039134
4951693957025
4951704531817
4951708948180
4951751761343
4951784261272
4951825104371
4951850639301
4951879977777
4951898876248
4951929942242
4951946516892
4951954804101
4951976053435
4951994068994
4952028610001
4952028963100
4952084709969
4952087303931
4952124715176
4952125933031
4952168745670
4952177131267
4952199174005
4952208826729
4952223205385
4952227096609
4952259078229
4952259836719
4952308446133
4952331499767
4952351324972
4952354228573
4952365904244
4952398397138
4952401931002
4952456280263
4952472805077
4952482555249
4952482896792
4952486611030
4952494053244
4952540287872
4952569826332
4952581293167
4952583586536
4952591216345
4952618063908
4952632298585
4952639602137
4952666871964
4952688060018
4952713851978
4952727651303
4952755164837
4952756569917
4952775942946
4952795156551
4952803248291
4952828058170
4952850382525
4952862474792
4952867358058
4952908025571
4952912933135
4952945345731
4952957691327
4953010991073
4953038017212
4953038649077
4953040499115
4953044602145
4953088559786
4953108378131
4953110427908
4953133341247
4953209118454
4953211861298
4953245941141
4953251478311
4953262357422
4953281088060
4953290905505
4953298054871
4953307722808
4953372175584
4953380443212
4953385140757
4953389971268
4953413413619
4953425780342
4953446876739
4953449516037
4953459511698
4953493406243
4953541656810
4953543976056
4953564934111
4953586951466
4953599164484
4953639935938
4953644705537
4953663148052
4953679692368
4953680684315
4953708850216
4953741669786
4953755369637
4953771142407
4953782133976
4953805289066
4953816110870
4953822097064
4953834349286
4953836353327
4953848325742
4953849703075
4953884754827
4953918101074
4953919981353
4953968042845
4953983133627
4953987718576
4953991489400
4954020846434
4954097855292
4954109607568
4954113692961
4954117117658
4954207991889
4954208321160
4954228308130
4954231534487
4954249477970
4954260569153
4954263868060
4954271517852
4954275033128
4954287372246
4954291061829
4954303149585
4954320008863
4954330321491
4954334930935
4954351633900
4954352958552
4954363533066
4954419290127
4954439088020
4954454163477
4954466090238
4954468658697
4954514640228
4954518903509
4954524324297
4954531401675
4954535795207
4954549266832
4954587501132
4954589642774
4954589926989
4954632576607
4954658954406
4954686984993
4954699055965
4954707370400
4954730261617
4954787700955
4954788162647
4954788655093
4954793291227
4954840075306
4954933519638
4954941424913
4954947329011
4954956841305
4954973280304
4955000293021
4955008353025
4955015593848
4955022918183
4955028850423
4955052100843
4955064824003
4955065213734
4955072322388
4955084741674
4955127285225
4955128312295
4955158857845
4955177126966
4955181832624
4955200933454
4955204006250
4955204616526
4955207015823
4955217378291
4955220726051
4955231114097
4955258593649
4955261952174
4955301262233
4955324547381
4955329942859
4955351694112
4955389207360
4955394696475
4955397422185
4955406186110
4955419444605
4955462505545
4955470771188
4955473109308
4955486481134
4955511825051
4955530055058
4955531221422
4955543826573
4955547601155
4955559264568
4955560201375
4955565219494
4955605075368
4955606476788
4955617668785
4955648630158
4955656662842
4955713253988
4955724867855
4955749754154
4955758238678
4955787293990
4955806441015
4955806796956
4955816329166
4955878472723
4955880785876
4955909466053
4955931940507
4955934699555
4955936199746
4955939222629
4955969196517
4955983626312
4956035508585
4956035835243
4956050642353
4956108276441
4956147237172
4956153974663
4956160523700
4956161116717
4956170860478
4956175687305
4956226240934
4956271440399
4956303579006
4956313701270
4956325669448
4956326421681
4956334577917
4956338385266
4956340033921
