4949360795163
4949405581088
4949503046263
4949512679266
4949515648642
4949624109776
4949635447080
4949680462348
4949836239583
4949867272046
4949872537316
4949893559039
4949924890828
4949926904793
4949927316733
4949953965652
4949954421343
4949996474108
4950003704120
4950048071785
4950068597019
4950115765945
4950184213842
4950195740450
4950195959149
4950219416483
4950323493901
4950362811633
4950447243199
4950501517586
4950549270763
4950550370117
4950556251724
4950557909500
4950610671015
4950617036113
4950620189490
4950627765867
4950721781179
4950734577268
4950737476034
4950792140324
4950857002931
4950918686945
4950961323030
4951019796711
4951040185975
4951116773819
4951126482661
4951141911009
4951177030397
4951208004778
4951213787966
4951225703507
4951250020305
4951299842017
4951315360815
4951315525939
4951340345591
4951342518088
4951349289895
4951349507595
4951394008743
4951405062618
4951415480246
4951426162459
4951445508864
4951457697090
4951462694829
4951476350355
4951539554825
4951618734339
4951624836909
4951633308479
4951649013273
4951659284299
4951673352593
4951760122184
4951826149503
4951862251042
4951869952831
4951890045547
4951899676626
4951950167373
4951960985940
4952052079324
4952088448633
4952100432582
4952100676780
4952131514055
4952136297465
4952163962902
4952178099320
4952204760068
4952245707242
4952265221442
4952306972283
4952331759519
4952407293620
4952467702360
4952504892763
4952651490123
4952653625176
4952687175007
4952689839219
4952703519349
4952722403532
4952816703632
4952817809738
4952822301643
4952866753986
4952892596345
4952916524726
4952926112324
4952932677358
4952948059600
4953098972309
4953106046608
4953107302195
4953110840834
4953115569574
4953135955799
4953205530787
4953238074769
4953292195158
4953303541615
4953328577678
4953335319025
4953364234708
4953387962128
4953403671741
4953414994514
4953424202322
4953445338018
4953452014669
4953464210150
4953492296890
4953515944676
4953529157427
4953550205514
4953552015669
4953567986526
4953623138180
4953638844501
4953662959123
4953669742639
4953701319829
4953813443167
4953875479567
4953913943923
4953928309133
4953935967248
4953969383966
4953978030740
4954031012783
4954062915602
4954064346770
4954086604638
4954115850233
4954121378600
4954134967434
4954147691523
4954147778639
4954149985081
4954184463498
4954278933612
4954369290545
4954416571199
4954422856397
4954434627840
4954459173937
4954473788730
4954563887157
4954572943463
4954642074764
4954650297999
4954687665476
4954688240778
4954689790326
4954693323206
4954737710770
4954738475725
4954858410107
4954883288869
4954921267075
4954928712886
4954950493469
4954977297397
4954980439304
4954999236763
4955029599082
4955068249218
4955069969107
4955081595901
4955099746991
4955117281222
4955183258033
4955188619370
4955226459195
4955254062566
4955262345145
4955296584655
4955321677274
4955357074238
4955362095213
4955367602516
4955382827995
4955395983857
4955403943716
4955438083472
4955458853613
4955507262812
4955518906468
4955519776508
4955595490930
4955620502589
4955706641862
4955729002316
4955731386467
4955748668918
4955788341878
4955832435648
4955846943178
4955852173835
4955925380017
4955942180654
4955975750869
4955986709635
4955992618933
4956037999128
4956045375370
4956070144344
4956079502562
4956088466676
4956091427437
4956122515146
4956124555040
4956142406861
4956158703553
4956171379060
4956233308584
4956234907267
4956243372216
4956265320350
4956269341073
4956269916353
4956327837957
