2949250373587
2949326669934
2949417139962
2949487223806
2949487285881
2949487292113
2949492153320
2949508482455
2949517739076
2949534730804
2949600183113
2949600258132
2949620199925
2949622314709
2949626714102
2949639183954
2949683918523
2949727954284
2949742580453
2949764247621
2949812091588
2949816168049
2949818754782
2949947213739
2949953430381
2949984250679
2950007162186
2950102080397
2950103673211
2950104825719
2950114003935
2950122183792
2950130430208
2950134892906
2950139999826
2950147366255
2950157341209
2950165497180
2950188989603
2950255857720
2950275727686
2950318911348
2950337402335
2950365012608
2950366695919
2950398955721
2950411206172
2950431998740
2950502126260
2950549714797
2950664556116
2950693992669
2950714717450
2950730449617
2950749122640
2950756853885
2950775335874
2950811417528
2950813587024
2950917270934
2950940735471
2950972028963
2951000947711
2951034186432
2951075262411
2951087108849
2951102126772
2951129615980
2951139318723
2951160158848
2951166976107
2951232473759
2951234358863
2951253664053
2951271273748
2951272217995
2951278452501
2951354765790
2951356569512
2951356950470
2951427765342
2951435551363
2951502496595
2951504073349
2951517802286
2951521758797
2951526260928
2951544654425
2951585909609
2951625214181
2951635202991
2951645509083
2951667946853
2951693618443
2951757948535
2951804153093
2951819763241
2951837480967
2951841707127
2951854641025
2951883185868
2951891122003
2951929595718
2951938131377
2951947043154
2951966552514
2951986956161
2951988424888
2952030288658
2952030997387
2952042361067
2952050270910
2952068602486
2952081769381
2952084322624
2952116073389
2952139465890
2952284439194
2952292131733
2952307094629
2952328595593
2952331515877
2952354668410
2952437749653
2952448337663
2952469340966
2952480702506
2952493731600
2952609178354
2952627607038
2952653199581
2952653429563
2952683449189
2952765659448
2952816562382
2952864835364
2952869347461
2952876769699
2952882654566
2952884756910
2952890874904
2952903358551
2952931472188
2952994991330
2953000933265
2953059264211
2953069827662
2953076853056
2953125037127
2953163636097
2953165276212
2953203832108
2953240412734
2953301791152
2953383046972
2953427215379
2953431367816
2953457286879
2953475873362
2953480425830
2953516789141
2953525051126
2953542868065
2953548439265
2953548497694
2953552422106
2953567305022
2953613085950
2953613338614
2953672331850
2953728942310
2953754734501
2953794591706
2953820113684
2953820996529
2953862732494
2953874549617
2953883741226
2953902565011
2953907794108
2953988981441
2954005073701
2954029211069
2954075093159
2954098729591
2954106281951
2954133915739
2954145607250
2954157982549
2954179060179
2954189898356
2954207694589
2954247202788
2954312780027
2954354765371
2954382186790
2954401307865
2954441250405
2954489813877
2954529779196
2954532762131
2954643085048
2954653290958
2954676983371
2954680508313
2954720517893
2954755506728
2954788095221
2954869665558
2954886280053
2954892705245
2954916117553
2954949307728
2954989468071
2954994185643
2955002757554
2955037847748
2955038411154
2955052556628
2955053621687
2955084261536
2955108350212
2955127828290
2955165297199
2955174724786
2955175760816
2955203229685
2955215448023
2955258341039
2955258494255
2955363585394
2955388052452
2955408635293
2955421540270
2955432885235
2955453132574
2955467233831
2955488235052
2955520462482
2955566635109
2955568165517
2955575479570
2955579138966
2955603100327
2955622644849
2955624044564
2955658722819
2955671502941
2955698434090
2955708338099
2955723720333
2955733995943
2955778391970
2955829945089
2955846186135
2955859274013
2955872322211
2955906847760
2955924957254
2956057955850
2956058974601
2956070945005
2956167648249
2956190567790
2956249059080
