5227646832415
5227665767404
5227671165221
5227754395922
5227761520227
5228152232726
5228353150766
5228479244902
5228710509769
5228768432491
5228811043410
5228911238747
5229107736084
5229154352928
5229346547249
5229372209016
5229476419937
5229927098049
5230136123657
5230159729687
5230381782932
5230415392841
5230554169969
5230753344195
5230893848838
5230919132955
5230945861092
5231111390181
5231219402858
5231635279693
5231726420604
5232552089344
5232991014790
5233110479770
5233494976319
5234166780191
5234496223491
5234514706041
