5227827399328
5227886693430
5227997389407
5228067712815
5228193524374
5228210929120
5228338330704
5228454929932
5228884774844
5228989435903
5229012800836
5229090656439
5229523378758
5229535351844
5229841898186
5229917018837
5230214346539
5230401897665
5230646326094
5230726509299
5230975272605
5231107915753
5231636622701
5232327023661
5232645839934
5232658087026
5232699548033
5232844567269
5233145161062
5233437112501
5233879914663
5233917158320
5234082492679
5234214349778
5234459945482
5234509176955
5234557181513
5234618730006
5234697134750
5234802829978
