-0.9512411242921879
-0.5882689023528997
-0.0005979542393967597
0.27635005493623027
0.7884670495401095
0.829178019492085
0.9993820284927781
0.7878560703550459
0.2753958715846146
-0.33124456500189314
-0.8225842781156509
-0.9997247556005264
-0.7950043558406826
-0.28661931335391405
0.33124456500189303
0.8225842781156508
0.9997247556005264
0.7950043558406826
0.28661931335391416
-0.3312445650018929
-0.8225842781156508
-0.9997247556005264
-0.7950043558406816
-0.286619313353916
0.33124456500189114
0.8225842781156497
0.9997247556005264
0.7950043558406839
0.2866193133539161
-0.33124456500189103
-0.8225842781156497
-0.9997247556005264
-0.795004355840684
-0.2866193133539162
0.3312445650018909
0.8225842781156496
0.9997247556005264
0.7950043558406841
0.7788967559594352
0.26150991633091847
-0.3557648229408623
-0.8371494918508274
-0.9987715085384764
-0.778896755959433
-0.26150991633091514
-0.9483476070215839
-0.953694246622608
-0.5947620988890187
-0.008651044600047819
0.5807644146879501
0.9483476070215828
0.9536942466226069
0.5947620988890159
0.008651044600044388
-0.5807644146879414
-0.9483476070215839
-0.9536942466226059
-0.5947620988890132
-0.008651044600040958
0.5807644146879442
0.948347607021585
0.9536942466226049
0.5947620988890104
0.008651044600051738
-0.5807644146879469
-0.948347607021586
-0.9536942466226082
-0.5947620988890191
-0.9080242944978155
-0.9808406201517902
-0.6790091664543078
-0.11781928984401199
0.48837355095632157
0.908024294497817
0.9808406201517895
0.6790091664543157
0.1178192898440227
-0.4883735509563122
-0.9080242944978125
-0.9808406201517887
-0.44243303027253283
0.16919088287598044
0.7161896293524611
0.9896282798065041
0.8850625636025463
0.4424330302725298
-0.7755104193489081
-0.2563118425871442
0.3607891463238061
0.8400809441111201
0.9984903745490836
0.775510419348906
0.25631184258714085
-0.3607891463238226
-0.840080944111122
-0.9984903745490842
-0.7755104193489127
-0.2563118425871375
0.36078914632381254
0.8400809441111239
0.9984903745490832
0.7755104193489106
0.2563118425871205
-0.36078914632382897
-0.840080944111118
-0.9984903745490838
-0.7755104193489084
-0.2563118425871309
0.8473316235777638
0.3733540144459898
-0.24323213836790697
-0.7669118814816243
-0.9976573522454595
-0.8473316235777544
-0.3733540144459998
0.2432321383679241
0.7669118814816174
0.9976573522454607
-0.8077870868981063
-0.30702914515466007
0.3110034945010155
0.8102433698773366
0.9999978171197375
0.8077870868980959
0.3070291451546703
-0.31100349450103226
-0.8102433698773303
-0.9999978171197375
-0.8077870868981022
-0.30702914515468055
0.311003494501049
0.8102433698773239
0.9999978171197375
0.8077870868981086
0.3070291451546638
-0.31100349450103876
-0.8102433698773343
-0.9999978171197373
-0.807787086898115
-0.30702914515464697
0.31100349450102854
0.8102433698773279
0.9999978171197375
0.8077870868981045
0.30702914515465723
-0.3110034945010453
-0.8102433698773382
-0.9999978171197375
-0.8077870868981109
-0.3070291451546675
0.31100349450103504
0.8102433698773319
0.9999978171197375
0.8077870868981005
0.3070291451546778
-0.3110034945010518
-0.8102433698773256
-0.9999978171197375
-0.8077870868981069
-0.30702914515466095
0.3110034945010416
0.8102433698773193
0.9999978171197373
0.8077870868981132
0.3070291451546442
-0.3110034945010313
-0.8102433698773297
-0.9999978171197375
-0.8077870868981195
-0.30702914515465446
0.3110034945010211
0.81024336987734
0.9999978171197375
0.8077870868981092
0.30702914515466473
-0.31100349450101084
-0.8102433698773337
-0.9999978171197373
-0.8077870868980987
-0.30702914515467494
0.3110034945010276
0.8102433698773274
0.9999978171197373
0.8077870868981051
0.6115994709509728
0.02975774964007652
-0.5634504206045957
-0.9414396811537721
-0.9598309818600519
-0.6115994709509588
-0.029757749640087296
0.48656767829629693
0.9995335005588771
0.7906877639935564
0.4619178313665242
0.8950194722458116
0.6925599770032571
0.13628784678628234
-0.4720416086495148
-0.9955707419945987
-0.8606945220091289
-0.3970622485470388
0.2182343082106054
0.7501727767430916
0.9955707419946004
0.8606945220091344
0.3970622485469965
0.6126638876579337
0.9602077924334221
0.9409849567618755
0.5623378505095763
-0.03110320147676889
-0.6126638876579251
-0.9602077924334191
-0.9409849567618408
-0.5623378505095852
0.031103201476758113
0.486641235903357
0.9071913525681947
0.981225206851948
0.6804643827364322
0.11978929254933635
-0.4866412359033476
-0.9071913525681662
-0.9812252068519501
-0.68046438273644
-0.11978929254934705
0.4866412359033382
0.9071913525681856
0.9812252068519522
0.680464382736448
0.11978929254935775
-0.48664123590337843
-0.9071913525681811
-0.9812252068519542
-0.6804643827364559
0.23453795261923507
-0.38164494739076404
-0.8520524491321126
-0.9970048755026101
-0.761135326380497
-0.23453795261924557
0.38164494739075405
0.8520524491321071
0.9970048755026109
0.761135326380504
0.9990006717359312
0.8344796802985313
0.35121581390826273
-0.26620055600854864
-0.7819373613542044
-0.9990006717359308
-0.7560064165209042
-0.22687885257367466
0.38890872172807817
0.8561463828509913
0.9963652250701308
0.756006416520874
0.22687885257368515
-0.38890872172806823
-0.8561463828509857
-0.9963652250701269
-0.7560064165208811
-0.22687885257369564
0.3889087217280583
0.8561463828510095
0.9963652250701278
0.7560064165208882
0.22687885257370616
-0.38890872172804836
-0.856146382851004
-0.9963652250701288
-0.7560064165208952
-0.22687885257371665
0.3889087217280385
0.8561463828509983
0.9963652250701248
0.7560064165209023
0.22687885257372714
-0.3889087217280809
-0.8561463828509928
-0.7987523219265407
-0.9998510642535261
-0.8190406837234163
-0.32538460017988347
0.29255734121652754
0.7987523219265341
0.9998510642535269
0.8190406837234225
0.2490848146414262
0.7707730938585039
0.9980522488355134
0.8441093673056537
0.36774539768717535
-0.2490848146414708
-0.770773093858497
-0.9980522488355127
-0.8441093673056289
-0.3677453976871325
0.24908481464146037
0.07228273294895268
-0.527769753697864
-0.9262321326662161
-0.9709053184283887
-0.6447256724089635
-0.07228273294896342
0.527769753697855
0.926232132666212
0.9709053184283912
0.6447256724089717
0.07228273294897418
-0.5277697536978457
-0.9262321326662293
-0.9709053184283939
-0.64472567240898
-0.07228273294892824
0.5277697536978366
0.9262321326662253
0.9709053184283964
0.6447256724089883
0.072282732948939
-0.5277697536978757
-0.9262321326662212
-0.970905318428399
-0.6447256724089965
-0.07228273294894974
0.5277697536978666
0.9262321326662172
0.9709053184284016
0.6447256724089613
0.0722827329489038
-0.5277697536978091
-0.9262321326662131
-0.9709053184284042
-0.6447256724089695
-0.07228273294891456
0.5277697536978483
0.926232132666209
0.9709053184284068
0.6447256724089777
0.0722827329489253
-0.5277697536978391
-0.926232132666205
-0.9709053184284093
-0.6447256724089425
-0.07228273294893606
0.52776975369783
0.9262321326662009
-0.9959993871116213
-0.8583049577813939
0.040357818890201264
0.9922472524007921
0.8757945375766626
0.42481807655976345
-0.1884244506675979
-0.729695242051509
-0.9922472524007979
-0.8757945375766678
-0.4248180765597732
0.18842445066758728
0.7296952420515017
0.9922472524007966
0.875794537576673
0.42481807655973153
-0.18842445066768837
-0.7296952420514943
-0.9922472524007951
-0.8757945375766782
-0.4248180765597413
0.18842445066767777
0.7296952420515258
0.9922472524007938
0.8757945375766835
0.42481807655975107
-0.1884244506676672
-0.7296952420515184
-0.9922472524007925
-0.8757945375766611
-0.4248180765597093
0.1884244506676566
0.729695242051511
0.9922472524007911
0.8757945375766664
0.4248180765597191
-0.18842445066764602
-0.7296952420515037
-0.9922472524007898
-0.8757945375766716
-0.4913154959602181
-0.9094327711828992
-0.9801776382967071
-0.23932067348855848
0.3770900634382865
0.849465212951546
0.9973735233779585
0.7643190473532513
0.23932067348856895
-0.3770900634382765
-0.8494652129515402
-0.9973735233779552
-0.7643190473532583
-0.2393206734885794
0.37709006343826657
0.8494652129515345
0.9973735233779559
0.7643190473532653
0.2393206734885347
-0.3770900634383092
-0.8494652129515289
-0.9973735233779567
-0.7643190473532722
-0.892349432281335
-0.4566318026384575
0.15350365526816345
0.7050059342596974
0.9872199086344395
0.8923494322813398
0.45663180263836595
-0.15350365526826515
-0.7050059342597703
-0.9872199086344378
-0.8923494322813447
-0.4566318026384767
0.1535036552682545
0.705005934259682
0.9872199086344361
0.8923494322812983
0.4566318026383851
-0.15350365526824386
-0.705005934259755
-0.9872199086344343
-0.8923494322813544
-0.45663180263849584
0.15350365526812085
0.7050059342597473
0.9872199086344327
0.892349432281308
0.4566318026384043
-0.15350365526822254
-0.7050059342597397
-0.9872199086344309
-0.8923494322813642
-0.4566318026384139
0.15350365526809956
0.7050059342597321
0.9872199086344473
0.8923494322813177
0.4566318026384235
-0.15350365526820123
-0.7050059342597245
-0.9872199086344274
-0.8923494322813739
-0.45663180263843306
0.15350365526819057
0.7050059342597168
0.9872199086344439
0.8923494322813275
0.45663180263844266
-0.15350365526817994
-0.7050059342597091
-0.987219908634424
-0.8923494322813323
-0.45663180263845227
0.15350365526816928
0.7050059342597821
0.9872199086344404
0.8923494322813371
0.45663180263846187
-0.15350365526815862
-0.7050059342596938
-0.9872199086344388
-0.892349432281342
-0.4566318026383703
0.15350365526826032
0.7050059342597669
-0.8570412419227754
-0.39050586335803494
0.22518948220334128
0.7548700994720373
0.9962159958334512
0.857041241922781
0.39050586335794024
-0.22518948220344157
-0.7548700994721048
-0.9962159958334602
0.9710171495012158
0.9260558247458618
0.5273726504174318
-0.07274895163332543
-0.6450829268061634
-0.9710171495012131
-0.9260558247458229
-0.5273726504173443
0.07274895163342807
0.6450829268061552
0.9710171495012105
0.9260558247458699
0.5273726504173534
-0.07274895163341731
-0.645082926806147
-0.9710171495012352
-0.926055824745831
-0.5273726504173626
0.07274895163340656
0.6450829268061387
0.9710171495012054
0.9260558247458351
0.5273726504173717
-0.0727489516333958
-0.6450829268062174
-0.9707875245422103
-0.9264172624393254
-0.5281870938492493
0.071792592172194
0.644349948124321
0.9707875245422077
0.9264172624393723
0.5281870938492584
-0.07179259217218324
-0.6443499481243127
-0.9707875245422324
-0.06476816727908623
0.534152553889193
0.9290451546493761
0.969074083416927
0.6389496499358035
0.06476816727909698
-0.5341525538892801
-0.9290451546494142
-0.9690740834169016
-0.6389496499358118
-0.06476816727910774
0.5341525538891748
0.9290451546494102
0.9690740834169043
0.6389496499357327
0.06476816727900504
-0.5341525538892619
-0.15777782718737393
-0.7080679717340083
-0.987900217423472
-0.8903881575506094
-0.45277808467383635
0.1577778271873633
0.7080679717340809
0.9879002174234879
0.8903881575505626
0.4527780846737446
0.9174972323206635
0.9760578312026528
-0.3888182360700429
0.22697450599297517
0.7560707013464745
0.9963735866835028
0.9520337038211465
0.9500697246741401
0.5852114023838598
-0.003177785013046537
0.7605967710324827
0.23373108161285566
-0.38241193675570484
-0.852486592987162
-0.996940345651146
-0.7605967710324897
-0.23373108161286615
0.3824119367555899
0.852486592987097
0.9969403456511556
0.7605967710324967
0.2337310816127661
-0.3824119367555799
-0.8524865929871507
-0.9969403456511476
-0.7605967710325037
-0.2337310816128871
0.38241193675556995
0.8524865929870856
0.9969403456511484
0.7605967710325107
0.23373108161278705
-0.38241193675566504
-0.8524865929871395
-0.9636357802629686
-0.8089317236407644
-0.9999999894792685
-0.8091022480862585
-0.3091549482982711
0.30887903394943045
0.808931723640758
0.9999999894792685
0.8091022480862649
-0.58662895579034
-0.9506141090157235
-0.9514969827822912
-0.5889403493189898
-0.001428519762087442
0.5866289557903314
0.9506141090157202
0.9514969827823295
0.5889403493190903
0.0014285197622119093
-0.5866289557903226
-0.950614109015752
-0.9514969827822979
-0.5889403493190072
-0.0014285197621090031
0.5866289557903138
0.9506141090157134
0.9514969827823362
0.588940349319016
0.0014285197621197838
-0.5866289557903052
-0.9832112425092026
-0.688180862800065
-0.13028878390855086
0.47736918208313556
0.9026883457008644
0.9832112425092046
0.6881808627999904
0.13028878390844884
-0.477369182083226
-0.9026883457008598
-0.9832112425092066
-0.6881808628000806
-0.13028878390845952
0.4773691820832165
0.9026883457008551
0.9832112425091878
0.688180862800006
0.1302887839084702
-0.477369182083207
-0.9026883457008504
-0.9832112425092104
-0.6881808628000963
-0.1302887839084809
0.4773691820832974
0.9026883457008947
0.9832112425091917
0.6881808628000217
0.981149276779895
0.9073567513030526
0.4869847867501561
-0.11939881433716631
-0.6801761265642996
-0.9811492767798929
-0.9073567513030572
-0.48698478675006623
0.11939881433726848
0.6801761265642084
0.9811492767798908
0.9073567513030617
0.48698478675007567
-0.11939881433725778
-0.6801761265642838
-0.9811492767799107
-0.9073567513030184
-0.4869847867500851
0.11939881433724707
0.6801761265641926
0.9811492767798867
0.9073567513030708
0.4869847867500945
-0.11939881433723637
-0.6801761265642681
-0.9811492767799066
-0.9073567513030275
-0.4869847867501039
0.11939881433722567
0.6801761265641768
0.9811492767798825
0.9073567513030798
0.48698478675001405
-0.11939881433721496
-0.6801761265641689
-0.9811492767799024
-0.9073567513030366
-0.48698478675012274
0.11939881433720426
0.6801761265641609
0.9811492767799003
0.907356751303041
0.48698478675003287
-0.11939881433730642
-0.680176126564153
-0.9811492767798983
-0.9073567513030456
-0.48698478675014156
0.19011856571960384
-0.42325556724212704
-0.8749604594450494
-0.9924601949521095
-0.7308738684688395
-0.1901185657196144
0.3258069569657096
0.8192968883428629
0.9998432552499864
0.7984834820739812
-0.673634510947443
-0.11057047005456314
0.494727732247203
0.9110567560075965
0.9793930646533346
0.673634510947451
0.11057047005457385
-0.49472773224719363
-0.9110567560075451
-0.9793930646533139
-0.6736345109473749
-0.11057047005458456
0.49472773224718425
0.9110567560075876
0.9793930646533391
0.673634510947467
0.11057047005459528
-0.49472773224717487
-0.9110567560075832
-0.9793930646533182
-0.6736345109473909
-0.110570470054493
0.49472773224716554
0.9110567560075787
0.9793930646533434
0.6736345109474828
0.1105704700546167
-0.49472773224715616
-0.9110567560075742
-0.9793930646533227
-0.6736345109474068
-0.11057047005451442
0.4947277322471468
0.9110567560075697
0.9793930646533477
0.6736345109474148
0.11057047005463813
-0.4947277322472362
-0.9110567560076123
-0.97939306465335
-0.6736345109474228
-0.11057047005453585
0.49472773224712807
0.9110567560075609
0.9793930646533521
0.6736345109474307
0.11057047005454657
-0.4947277322472175
-0.9110567560076034
-0.9793930646533313
-0.6736345109474386
-0.11057047005455728
0.4947277322471093
0.911056756007552
0.9793930646533565
0.6736345109474466
0.11057047005456799
-0.49472773224719874
-0.9110567560075944
-0.9793930646533356
-0.6736345109474546
-0.11057047005457872
0.49472773224718936
0.9110567560075431
0.9793930646533608
0.6736345109473786
0.11057047005458943
-0.49472773224718
-0.9110567560075855
-0.9793930646533401
-0.6736345109474705
-0.11057047005460015
0.49472773224717065
0.9110567560075811
0.9793930646533422
0.6736345109473945
0.11057047005449787
-0.49472773224716127
-0.9110567560075766
-0.9793930646533444
-0.6736345109474865
-0.11057047005462158
0.4947277322471519
-0.9069168159100685
0.4371903097464477
0.8823302363353027
0.9904500019458963
0.720251530970479
0.17494145561350727
-0.43719030974643797
-0.8823302363353511
-0.9904500019459135
-0.7202515309705653
-0.1749414556135179
0.4371903097464283
0.8823302363353996
0.9904500019458993
0.7202515309704939
0.1749414556135285
-0.4371903097464186
-0.8823302363353945
-0.4744681546703214
0.13355849188724023
0.6905703340301392
0.9838077801957804
0.9012640927232316
0.4744681546702308
-0.13355849188722954
-0.6905703340301315
-0.9838077801957988
-0.9012640927232856
-0.4744681546703403
0.13355849188733154
0.6905703340301237
0.983807780195797
0.901264092723241
0.4744681546702498
-0.13355849188732086
-0.6905703340301159
-0.9838077801958154
-0.9012640927232457
-0.47446815467025927
0.13355849188731017
0.6905703340301081
0.9838077801958135
-0.40310529773802
0.9959730105119822
-0.9753540461184746
-0.9187702337281252
-0.5112474199051986
0.09155453166071953
0.6593857639564948
0.9753540461184973
0.9187702337279948
0.8748284292863923
0.9924935715242076
0.7310599030555794
0.19038619943194438
0.18484582983567718
-0.428112843239377
-0.8775469612173573
-0.9917879667345186
-0.7271996785921169
-0.18484582983557607
0.42811284323946996
0.8775469612174066
0.9917879667345054
0.7271996785922022
0.1848458298356984
-0.4281128432393575
-0.877546961217347
-0.9917879667345214
-0.7271996785922877
-0.1848458298358207
0.42811284323924503
0.8775469612173963
0.9917879667345373
0.7271996785922171
0.18484582983571957
-0.428112843239338
-0.8775469612174457
-0.9917879667344951
-0.7271996785921464
-0.18484582983561845
0.428112843239431
0.877546961217386
0.991787966734511
0.7271996785922319
0.18484582983574077
-0.42811284323931853
-0.8775469612173263
-0.991787966734527
-0.7271996785923173
-0.1848458298358631
0.42811284323920606
0.8775469612173756
0.9917879667345137
0.7271996785920906
0.18484582983576195
-0.42811284323929905
-0.877546961217425
-0.9917879667345005
-0.727199678592176
-0.18484582983566084
0.428112843239392
0.8775469612173653
0.9917879667345165
0.7271996785922615
0.18484582983578315
-0.42811284323927956
-0.8775469612173056
-0.9917879667345324
-0.7271996785921908
-0.184845829835682
0.42811284323937254
0.877546961217355
0.9917879667345193
0.7271996785921202
0.18484582983558087
-0.4281128432394655
-0.8775469612174043
-0.9917879667345061
-0.7271996785922057
-0.1848458298357032
0.42811284323935306
0.8775469612173447
0.991787966734522
0.7271996785922911
0.9017024720716628
0.4753595035105716
-0.13255463851626909
-0.6898374139963548
-0.9836257440411855
-0.9017024720717166
-0.4753595035106811
0.1325546385163711
0.6898374139964293
0.9836257440412042
0.9017024720716721
0.4753595035105906
-0.13255463851647306
-0.6898374139965038
-0.9836257440412227
-0.9017024720716277
-0.47535950351050005
0.13255463851634972
0.6898374139964136
0.9836257440412003
0.9017024720716814
0.4753595035106095
-0.13255463851622634
-0.6898374139963236
-0.9836257440411778
-0.9017024720717353
-0.47535950351071904
0.13255463851632834
0.6898374139963981
0.9836257440411964
0.9017024720715925
0.4753595035106285
-0.13255463851643035
-0.9185566722377295
-0.9754731859007655
-0.6597920976638822
-0.09209285362800539
0.5107827303727978
0.9185566722376803
0.9754731859007928
0.6597920976638049
0.09209285362812933
-0.5107827303728862
-0.918556672237721
-0.9754731859007701
-0.6597920976637276
-0.09209285362780045
0.5107827303729747
0.9185566722377617
0.9754731859007475
0.6597920976638211
0.09209285362792438
-0.5107827303728677
-0.9185566722377125
-0.9754731859007749
-0.6597920976639147
-0.09209285362804832
0.5107827303727607
0.9185566722376632
0.9754731859008023
0.6597920976638373
0.09209285362794585
-0.5107827303728492
-0.918556672237704
-0.9754731859007797
-0.65979209766376
-0.09209285362784339
0.5107827303729376
0.9185566722377446
0.975473185900757
0.6597920976638535
0.09209285362796732
-0.5107827303728306
-0.9185566722376954
-0.9754731859007845
-0.659792097663947
-0.09209285362809126
0.5107827303729191
0.9185566722377361
0.9754731859007618
0.6597920976638697
0.09209285362798879
-0.5107827303730076
-0.9185566722377768
-0.9754731859007392
-0.6597920976637923
-0.09209285362788633
0.5107827303729006
0.9185566722377276
0.9754731859007665
0.6597920976638859
0.09209285362801026
-0.5107827303727935
-0.9185566722376785
-0.9754731859007438
