0.941734478811406
0.5641733911439224
-0.028882756392250707
-0.6109066726753674
-0.6806304300580315
-0.12001428027326301
0.48644324544053624
0.907095984993858
0.9812688893380906
0.6806304300580319
0.12001428027326314
-0.4864432454405362
0.7967917285349945
0.2894464377231628
0.2524119039543241
-0.3645471749733856
-0.8422616235640118
-0.9982607593728579
-0.7729582147365528
-0.2524119039543208
0.3645471749733855
0.8422616235640136
0.9982607593728581
0.7729582147365507
0.2524119039543244
-0.3645471749733854
0.014822889589590403
0.5997126448123901
0.9555325531999453
0.9463715036220904
0.5757287056449402
-0.014822889589597385
-0.5997126448123843
-0.9555325531999453
-0.9463715036220904
-0.5757287056449373
0.014822889589586606
0.599712644812387
0.9555325531999463
0.9463715036220893
0.5757287056449462
-0.014822889589590035
-0.5997126448123897
-0.9555325531999473
-0.9463715036220882
-0.5757287056449434
0.014822889589593465
0.5997126448123925
0.9555325531999483
0.9463715036220918
0.5757287056449405
-0.014822889589582685
-0.5997126448123838
-0.9555325531999452
-0.9463715036220907
-0.5757287056449494
0.014822889589586115
0.5997126448123866
0.9555325531999462
0.9463715036220895
0.5757287056449465
-0.014822889589589546
-0.5997126448123894
-0.9555325531999472
-0.946371503622093
-0.5757287056449437
0.014822889589592976
0.5997126448123921
0.9555325531999482
0.9463715036220919
0.5757287056449409
-0.014822889589582196
-0.5997126448123948
-0.955532553199945
-0.9463715036220908
-0.5757287056449497
0.014822889589585626
0.5997126448123862
0.9555325531999461
0.9463715036220897
0.5757287056449353
-0.014822889589589055
-0.5997126448124003
-0.9555325531999471
-0.9463715036220932
-0.5757287056449442
0.014822889589592485
0.5997126448123917
0.9555325531999481
0.9463715036220874
0.5757287056449414
-0.014822889589581707
-0.5997126448123944
-0.9555325531999449
-0.946371503622091
-0.5757287056449385
0.014822889589599346
0.5997126448123972
0.9555325531999501
0.9463715036220899
0.5757287056449474
-0.014822889589588566
-0.5997126448123885
-0.9555325531999469
-0.9463715036220888
-0.575728705644933
0.014822889589577786
0.59971264481238
0.9555325531999438
0.9463715036220922
0.5757287056449417
-0.014822889589595425
-0.5997126448123941
-0.955532553199949
-0.9463715036220866
-0.5757287056449506
0.014822889589584646
0.5997126448123854
0.9555325531999458
0.94637150362209
0.5757287056449362
-0.7166150639057746
-0.16979183863374878
0.4418860979840323
0.8847785643279775
0.989715691615967
0.7166150639057821
0.1697918386337314
-0.44188609798402256
-0.8847785643279857
-0.9897156916159685
-0.7166150639057698
-0.16979183863374203
0.4418860979840129
0.8847785643279807
0.9897156916159701
0.7166150639057575
0.16979183863375266
-0.4418860979840287
-0.8847785643279757
-0.9897156916159675
-0.716615063905765
-0.16979183863376326
0.44188609798404455
0.8847785643279706
0.9897156916159651
0.7166150639057726
0.1697918386337459
-0.4418860979840349
-0.884778564327979
-0.9897156916159666
-0.7166150639057801
-0.16979183863375652
0.44188609798402523
0.8847785643279739
0.9897156916159682
0.7166150639057678
0.16979183863373912
-0.44188609798401557
-0.8847785643279821
-0.9897156916159696
-0.7166150639057753
-0.16979183863374975
0.4418860979840314
0.8847785643279771
0.9897156916159712
0.716615063905763
0.16979183863373237
-0.44188609798402173
-0.8847785643279721
-0.9897156916159687
-0.7166150639057705
-0.169791838633743
0.44188609798403755
0.8847785643279671
0.9897156916159702
0.716615063905778
0.1697918386337256
-0.4418860979840279
-0.9949992891425896
-0.7462621657318942
-0.21247825952974983
0.6958529945218398
0.9850950058964755
0.8980642071664235
0.4680034053785259
-0.14081879041327522
-0.695852994521832
-0.9850950058964736
-0.8980642071664283
-0.46800340537853546
0.14081879041326453
0.6958529945218448
0.9850950058964669
0.8980642071664331
0.46800340537851987
-0.14081879041325387
-0.695852994521837
-0.9850950058964699
-0.8980642071664253
-0.4680034053785294
0.1408187904132432
0.6958529945218497
0.985095005896468
-0.13592830764437594
0.47236151608365967
0.900225295645125
0.9842336098026016
0.6922981378854738
0.13592830764438663
-0.4723615160836502
-0.9002252956451202
-0.9842336098026034
-0.6922981378854816
-0.13592830764434097
-0.9403933294593171
-0.5608950089847303
0.032846140801886296
0.6140411812014458
0.9606933608741471
0.9403933294593209
0.5608950089846921
-0.03284614080187552
-0.6140411812014372
-0.9606933608741441
-0.9403933294593245
0.548306786453768
-0.04796193621842756
-0.625910829421484
-0.9647830597121478
-0.9351409529628744
0.5901512125489558
0.0029276012589123795
-0.5854142542064825
-0.9501477620637071
-0.9519571191472253
-0.5901512125489644
-0.00653182306591874
0.5824883574497106
0.9490177834706836
0.9530546721339078
0.5930570691788766
0.7814078475759627
0.9989623653633788
0.8349472130639687
0.352010604186094
-0.26538209109044103
-0.7814078475759559
-0.9989623653633783
-0.8349472130639746
-0.3520106041861041
0.26538209109043065
0.7814078475759493
0.9989623653633778
0.8349472130639493
0.35201060418611413
-0.2653820910904202
-0.7814078475759779
-0.9989623653633799
-0.8349472130639551
-0.35201060418612423
0.26538209109040983
0.7814078475759713
0.9989623653633795
0.8349472130639611
0.35201060418613433
-0.26538209109039945
-0.7814078475759645
-0.9989623653633789
-0.834947213063967
-0.35201060418614444
0.26538209109038907
0.7814078475759932
0.9989623653633785
0.834947213063973
0.35201060418615454
-0.2653820910904335
-0.7814078475759866
-0.9989623653633779
-0.8349472130639789
-0.3520106041861114
0.26538209109042304
0.7814078475759798
0.9989623653633775
0.8349472130639849
0.3520106041861215
-0.26538209109046745
-0.781407847575973
-0.9989623653633769
-0.8349472130639908
-0.3520106041860784
0.2653820910904571
-0.40130810408002837
-0.8630429361493035
-0.9951247003600696
-0.7471026520778065
-0.21371278378703604
0.4013081040800185
0.8630429361492981
-0.26925265648843266
-0.783908068204806
-0.9991372419222395
-0.8327299486511663
-0.3482481184453243
0.2692526564884223
0.7839080682048346
0.9991372419222391
0.8327299486511723
0.3482481184453344
-0.2692526564884119
-0.783908068204828
-0.9991372419222386
-0.8327299486511783
-0.3482481184453445
0.2692526564884015
0.7839080682048212
0.9991372419222405
0.8327299486511842
0.3482481184453546
-0.2692526564884459
-0.7839080682048145
-0.9991372419222401
-0.8327299486511902
-0.34824811844531145
0.2692526564884902
0.7839080682048079
0.9991372419222396
0.8327299486511962
0.34824811844532155
-0.26925265648847985
-0.7839080682048364
-0.9991372419222392
0.37316540737279613
-0.24342932806130832
-0.7670423340344958
-0.9976712392165787
-0.8472236406161847
-0.3731654073727534
0.24342932806129786
0.767042334034489
0.997671239216578
0.8472236406161603
0.3731654073727634
-0.2434293280612874
-0.7670423340344821
-0.9976712392165773
-0.847223640616166
-0.3731654073727734
0.24342932806127693
0.7670423340345116
0.9976712392165765
0.8472236406161717
0.37316540737278336
-0.2434293280612665
-0.7670423340345047
-0.9976712392165796
-0.8472236406161472
-0.37316540737279336
0.24342932806125603
0.7670423340344613
0.997671239216579
0.847223640616153
0.3731654073728034
-0.24342932806130071
-0.7670423340344544
-0.9976712392165782
0.10757391623613612
0.6714035134003165
0.9787797886116345
0.9122954520747741
0.4973452606273275
-0.1075739162361254
-0.6714035134003085
-0.9787797886116323
-0.9122954520747785
-0.4973452606273368
0.10757391623611468
0.6714035134003005
0.9787797886116301
0.9122954520747829
0.49734526062734613
-0.10757391623616047
-0.6714035134002925
-0.9787797886116278
-0.9122954520747873
-0.4973452606273062
0.10757391623614976
0.6714035134002845
0.9787797886116257
0.9122954520747918
0.49734526062731554
-0.10757391623613904
-0.6714035134002765
-0.9787797886116235
-0.9122954520747962
-0.4973452606272756
0.10757391623612832
0.6714035134002685
0.9787797886116213
0.9122954520747774
0.49734526062728496
-0.1075739162361176
-0.6714035134002605
-0.9787797886116191
-0.9122954520747817
-0.4973452606272943
0.10757391623610689
0.6714035134002947
0.9787797886116169
0.9122954520747628
-0.94516951472445
-0.9566171904945492
-0.6026696137181544
-0.018522728488212122
0.5726992094598407
0.9451695147244464
0.9566171904945855
0.602669613718163
0.018522728488222902
-0.5726992094598319
-0.9451695147244801
-0.9566171904945555
-0.6026696137181716
-0.018522728488233678
0.572699209459823
0.9451695147244394
0.9566171904945586
0.6026696137181802
0.018522728488244457
-0.5726992094599074
-0.945169514724473
-0.9566171904945618
-0.6026696137181888
-0.018522728488255237
0.5726992094598053
0.9451695147244323
0.956617190494565
0.6026696137181067
0.018522728488266017
-0.5726992094598897
-0.945169514724466
-0.9566171904945681
-0.602669613718206
-0.018522728488276793
0.5726992094597877
0.9451695147244624
0.9566171904945712
0.6026696137181239
0.018522728488173906
-0.5726992094598721
-0.9451695147244589
-0.9566171904945744
-0.6026696137182233
-0.018522728488184686
0.57269920945977
0.9451695147244554
0.9566171904945444
0.6026696137181411
0.018522728488195462
-0.5726992094598543
-0.9451695147244519
0.5093551964351645
0.9178993592604631
0.9758371651000421
0.6610383413567763
0.09374533908209663
-0.5093551964351553
-0.9178993592605039
-0.9758371651000445
-0.6610383413566991
-0.09374533908199419
0.5093551964351459
0.9178993592604545
0.9758371651000468
0.999997159573611
0.8104156545139319
0.3112829144449467
-0.30674931882487344
-0.807613738329546
-0.999997159573611
-0.8104156545138717
-0.3112829144448489
0.3067493188249714
0.8076137383295395
0.999997159573611
0.8104156545139446
0.3112829144448591
-0.30674931882485296
-0.8076137383295332
-0.9999971595736112
-0.8104156545138843
-0.3112829144448694
0.3067493188249509
0.8076137383295269
0.9999971595736109
0.8104156545139571
0.31128291444487965
-0.3067493188249406
-0.8076137383295205
-0.9999971595736111
-0.8104156545138969
-0.31128291444488987
0.3067493188249304
0.8076137383295141
0.9999971595736109
0.8104156545139032
0.31128291444490014
-0.3067493188249201
-0.8076137383295748
-0.9999971595736111
-0.8104156545139095
-0.31128291444491035
0.30674931882490986
0.8076137383295015
0.9999971595736111
0.8104156545139158
0.3112829144448126
-0.3067493188250078
-0.8076137383295621
-0.9999971595736111
-0.8104156545139222
-0.31128291444493084
0.3067493188248893
0.8076137383294887
0.999997159573611
0.8104156545139285
0.3112829144448331
-0.3067493188249873
-0.8076137383295494
-0.999997159573611
0.31586100902525394
-0.30215693935123183
-0.8047612068321964
-0.9999740461306696
-0.8132307876750117
-0.315861009025372
0.3021569393513299
0.8047612068322575
0.9999740461306704
0.8132307876749517
0.31586100902527436
-0.30215693935121124
0.060691064190709326
-0.5376016256215375
-0.9305487668534556
-0.9680579073366823
-0.635801830295421
-0.06069106419072009
-0.3450590661597883
0.2725254047938024
0.7860144339139921
0.9992726649270679
0.8308427019666547
0.3450590661597984
-0.2725254047939014
-0.7860144339140557
-0.9992726649270718
-0.8308427019666607
-0.3450590661598085
0.2725254047937817
0.786014433914049
0.9992726649270713
0.8308427019666667
0.34505906615971194
-0.27252540479388065
-0.7860144339140424
-0.999272664927071
-0.8308427019666726
-0.3450590661598288
0.2725254047938703
0.7860144339140357
0.9992726649270749
0.8308427019666154
0.3450590661597322
-0.27252540479385995
-0.786014433914029
-0.9992726649270701
-0.8308427019666846
-0.345059066159849
0.27252540479384957
0.7860144339140926
0.9992726649270741
0.8308427019666274
0.3450590661597524
-0.2725254047938392
-0.7860144339140157
-0.9992726649270693
-0.8308427019666966
-0.34505906615976256
-0.7424874876395211
-0.2069512055148227
0.407633403103871
0.8665159066865168
-0.9123804313483473
-0.49752531136300343
0.10736756729961898
0.6712496845431819
0.40396852612233114
0.8645074134308516
0.9948338523350695
0.7451675728063138
0.21087260777982994
-0.3192935790544944
-0.8153320646325608
-0.9999414136386388
-0.8026071293934037
-0.2987042013328967
0.3192935790544842
0.8153320646325545
0.9999414136386376
0.8026071293933423
0.2987042013327985
-0.319293579054474
-0.49865807201211604
0.10606868569755723
0.6702808106128809
0.978468447880822
0.9129143949776727
0.49865807201212536
-0.10606868569754652
-0.6702808106127885
-0.9784684478807962
-0.9129143949777234
-0.49865807201213475
0.10606868569764884
0.6702808106127806
0.9784684478808175
0.9129143949776815
0.49865807201214407
-0.10606868569752508
-0.6702808106127726
-0.9784684478807918
-0.9129143949776858
-0.4986580720121534
0.10606868569751435
0.6702808106128489
0.9784684478808131
0.9129143949776902
0.4986580720121628
-0.10606868569750363
-0.5848843180307697
-0.9499437993175204
-0.9521570366672152
-0.5906786486374416
-0.003581093256925642
0.5848843180307609
0.9499437993175169
0.9521570366671837
0.5906786486373585
0.0035810932569364223
-0.5848843180307522
-0.9499437993175136
-0.952157036667187
-0.5906786486374589
-0.0035810932568335167
0.5848843180308357
0.9499437993175102
0.9521570366671903
0.590678648637376
0.003581093256957983
-0.5848843180307347
-0.9499437993175068
-0.9521570366671935
-0.5906786486373846
-0.003581093256968764
0.5848843180308182
0.949943799317539
0.9521570366671969
-0.9980049143247499
-0.8445135156936504
-0.36844665802626897
0.9287176154763024
0.9692919329400597
0.6396296770416937
0.06565062472659364
-0.5334047348513989
0.9294282965356621
0.5350289028147749
0.9999980262962519
0.8101832136974446
0.3109059505807486
-0.3071268183530144
-0.8078475815326579
-0.9999980262962519
-0.8101832136974509
-0.3109059505807588
0.30712681835311234
0.8078475815327186
0.9999980262962519
-0.07890448185084917
-0.6497877109994502
-0.9724741200182743
-0.9237084683697905
-0.5221175775000839
0.07890448185083843
0.649787710999442
0.9724741200182982
0.923708468369751
0.5221175775000931
-0.07890448185082768
-0.6497877109994339
-0.9724741200182957
-0.9237084683697987
-0.5221175775000053
0.07890448185093027
0.6497877109994257
0.9724741200182931
0.9237084683697593
0.5221175775001116
-0.07890448185080619
-0.6497877109994175
-0.9724741200182907
-0.9237084683697634
-0.5221175775000237
0.9483734875252802
0.953669702404674
0.5946965050064162
0.008569455686531035
-0.5808308344405226
-0.9483734875252767
-0.9536697024046772
-0.5946965050065163
-0.008569455686655498
0.5808308344406065
0.9483734875252733
0.9536697024046805
0.5946965050064336
0.008569455686552596
-0.5808308344405051
-0.9483734875252698
-0.9536697024046837
-0.5946965050064422
-0.19967742426537866
-0.8826127792633136
-0.9903670050191001
-0.7198346961939782
-0.17434999970435988
0.43773047073406807
0.882612779263362
0.9903670050191017
0.7198346961939857
0.17434999970425855
-0.43773047073395616
-0.5858611818527087
-0.9503195355799463
-0.9517881268886523
-0.5897060038144833
-0.0023762306530740935
0.5858611818527
0.950319535579943
0.9517881268886905
0.5897060038145838
0.0023762306530848744
-0.5858611818526913
-0.9503195355799395
-0.9517881268886589
-0.5897060038145007
-0.002376230653095655
0.18188232809381755
0.7251270669175873
0.9913979123413943
0.8789884516264282
0.43083527810883504
-0.18188232809380694
-0.7251270669175799
-0.9913979123413929
-0.8789884516264875
-0.43083527810874217
0.18188232809390814
0.7251270669175724
0.9913979123413914
0.8789884516264385
0.4308352781088545
-0.18188232809378574
-0.7251270669176433
-0.9913979123413901
-0.8789884516264436
-0.43083527810876165
0.18188232809388694
0.7251270669176358
0.9913979123413886
0.8789884516264488
0.43083527810887395
-0.18188232809376453
-0.7251270669177068
0.8500237007086976
0.04262491732524541
0.6217353233462448
0.9633639678554333
-0.7639483986202069
-0.23876273379805033
0.3776221800881112
0.8497682560864591
0.9973317408205209
0.7639483986202139
0.2387627337979504
-0.3776221800882065
-0.8497682560865134
-0.9973317408205217
-0.7639483986202208
-0.23876273379796087
0.3776221800880913
0.8497682560865676
-0.030268550811441915
0.563028158524387
0.9412672479273708
0.9599742411190126
0.6120037025276066
0.03026855081145269
-0.5630281585244721
-0.9412672479273287
-0.9599742411190475
-0.6120037025276152
-0.030268550811463468
0.5630281585244631
0.9412672479273635
0.9599742411190186
0.6120037025276236
0.030268550811474244
-0.5630281585244542
-0.9412672479273215
-0.9599742411190535
-0.6120037025275422
-0.030268550811371385
0.5630281585245392
0.9412672479273563
0.9599742411190247
0.6120037025276407
0.030268550811495796
-0.5630281585244364
-0.9412672479273142
-0.9599742411190596
-0.6120037025275593
-0.030268550811392934
0.5630281585245215
0.941267247927349
0.9599742411190307
0.6120037025276578
0.030268550811517345
-0.5630281585246065
-0.9412672479273837
-0.9599742411190019
-0.6120037025275764
-0.030268550811414486
0.5630281585245036
0.9412672479273417
0.9599742411190367
-0.6880052469859775
-0.1300488221382105
0.47758183256965914
0.9027924596451691
0.9831670519233687
0.6880052469859029
0.13004882213810848
-0.4775818325695498
-0.9027924596451156
-0.9831670519233915
-0.6880052469859932
-0.13004882213823188
0.4775818325694404
0.902792459645062
0.9831670519233726
0.6880052469859186
0.13004882213812985
-0.47758183256953085
-0.9027924596451063
-0.9831670519233539
-0.6880052469858439
-0.13004882213802782
0.4775818325696213
0.9027924596451505
0.9831670519233766
0.6880052469859342
0.13004882213815122
-0.4775818325695119
-0.902792459645097
-0.9831670519233993
-0.6880052469860245
-0.1300488221380492
0.5971527298409497
0.011627958383795269
-0.5783382979565672
-0.9473989814730744
-0.954585454973859
-0.5971527298408671
-0.01162795838346501
0.5783382979566511
0.9473989814731073
0.9545854549738961
0.597152729840967
0.01162795838358947
-0.5783382979565496
-0.9473989814730674
-0.9545854549739332
-0.5971527298410668
-0.011627958383486571
0.5783382979564481
0.9473989814730277
0.9545854549739026
0.5971527298409843
0.011627958383383671
0.9934744512774426
0.8707774884184869
0.4154731216219626
-0.1985278562221204
-0.7366979407030115
-0.9934744512774284
-0.8707774884185481
-0.41547312162207584
0.1985278562219984
0.7366979407029274
0.9934744512774402
0.8707774884184976
0.41547312162198224
0.21167183220720404
0.7457126170186918
0.9949165279686945
0.8640961412036058
-0.4380448804209957
0.17400562432567368
0.7195918948137442
0.9903185195117008
0.8827771294446926
0.43804488042090317
-0.17400562432577502
-0.7195918948136578
-0.9903185195116835
-0.8827771294447511
-0.4380448804210151
0.17400562432565245
0.7195918948135713
0.9903185195116662
0.8827771294447027
0.4380448804209226
-0.17400562432575378
-0.7195918948136428
-0.9903185195116805
-0.8827771294446544
-0.43804488042083006
0.17400562432585512
0.7195918948137142
0.9903185195116948
0.8827771294447128
0.438044880420942
-0.17400562432573255
-0.7195918948136278
-0.9903185195116775
-0.8827771294447713
-0.43804488042105383
0.17400562432583389
-0.9286936601795651
-0.53335009010727
0.06571508648316762
0.639679333610676
0.9693078171998077
0.9286936601796113
0.5333500901073752
-0.06571508648327032
-0.6396793336105803
-0.9693078171997771
-0.9286936601795731
-0.5333500901072882
0.06571508648314611
0.6396793336106593
0.9693078171998024
0.9286936601795349
-0.47249012408793234
-0.9002888224156329
-0.9842077902722063
-0.6921928342372539
-0.1357837422928125
0.47249012408782265
0.9002888224156778
0.9842077902722284
0.6921928342371796
-0.9963859302040198
-0.7561657214292511
-0.22711590819589397
0.3886844625823384
0.6929484249316191
-0.5337214687429976
0.06527693197024106
0.6393417633521642
0.9691997715608713
0.9288564089219034
0.5337214687431029
-0.06527693197011687
-0.6393417633522434
-0.9691997715608967
-0.9288564089218653
-0.5337214687428236
0.06527693197021955
0.6393417633523225
0.969199771560922
0.9288564089219113
0.5337214687429288
-0.06527693197032224
-0.6393417633522268
-0.9691997715608913
-0.9288564089219575
