0.6097521927282233
0.027425928991968825
-0.5653761074461766
-0.9422236872669951
-0.959173843557073
-0.6097521927282233
-0.027425928991968062
0.5653761074461765
0.942223687266995
0.959173843557073
0.6097521927282235
0.027425928991968183
-0.5653761074461772
-0.9422236872669952
-0.9591738435570728
-0.6097521927282229
-0.027425928991968305
0.9238696371856314
0.5224765178884967
0.1626679832596587
0.7115576234280391
0.9886564364010071
0.8881220938651375
0.44835529763251253
-0.16266798325966209
-0.7115576234280391
-0.9886564364010071
-0.8881220938651392
-0.44835529763251264
0.16266798325966197
0.711557623428039
0.9886564364010075
0.8881220938651408
0.44835529763251275
-0.16266798325966186
-0.7115576234280389
-0.9886564364010075
-0.17703724229749365
0.43527454873954974
0.881326256595863
0.9907412896102641
0.7217268240514433
0.17703724229749726
-0.4352745487395528
-0.8813262565958646
-0.9907412896102646
0.934631160506764
0.5471051195504696
-0.0493964816550344
-0.6270303057929757
-0.9651598650942378
-0.9346311605067653
-0.5471051195504667
0.04939648165503783
0.6270303057929674
0.965159865094235
0.9346311605067641
0.5471051195504638
-0.04939648165504835
-0.6270303057929755
-0.9651598650942377
-0.9346311605067603
-0.547105119550455
0.04939648165503758
0.6270303057929782
0.9651598650942387
0.9346311605067642
0.547105119550464
-0.04939648165504101
-0.6270303057929809
-0.9651598650942396
-0.934631160506763
-0.5471051195504611
0.049396481655044434
0.6270303057929725
0.9651598650942367
0.9346311605067618
0.5471051195504584
-0.04939648165504786
-0.6270303057929751
-0.9651598650942376
-0.9346311605067605
-0.5471051195504555
0.04939648165503709
0.6270303057929778
0.9651598650942385
0.9346311605067593
0.5471051195504645
-0.04939648165504052
-0.6270303057929805
-0.9651598650942357
-0.9346311605067581
-0.5471051195504616
0.04939648165504394
0.6270303057929831
0.9651598650942366
0.9346311605067619
0.5471051195504587
-0.04939648165504737
-0.6270303057929858
-0.9651598650942375
-0.9346311605067606
-0.5471051195504558
0.0493964816550508
0.6270303057929885
0.9651598650942383
0.9346311605067595
0.547105119550453
-0.04939648165504003
-0.6270303057929911
-0.9651598650942356
-0.9346311605067583
-0.547105119550462
0.049396481655043456
0.6270303057929828
0.9651598650942365
0.9346311605067571
0.5471051195504592
-0.049396481655046884
-0.6270303057929855
-0.9651598650942373
-0.9346311605067609
-0.5471051195504563
0.049396481655050305
0.6270303057929881
0.9651598650942382
0.9346311605067597
0.5471051195504653
-0.04939648165503954
-0.6270303057929908
-0.9651598650942391
-0.9346311605067584
-0.5471051195504624
0.04939648165504296
0.6270303057929824
0.9651598650942363
0.9346311605067572
0.5471051195504715
-0.04939648165504639
-0.627030305792985
-0.9651598650942372
-0.9346311605067611
-0.5471051195504448
0.04939648165504982
0.6270303057929878
0.9651598650942381
0.9346311605067599
0.5471051195504419
-0.04939648165503905
-0.6270303057929905
-0.9651598650942353
-0.9346311605067587
-0.5471051195504509
0.04939648165504248
0.627030305792982
0.9651598650942362
0.9346311605067574
0.547105119550448
-0.049396481655045905
-0.6270303057929847
-0.9651598650942297
-0.9346311605067713
-0.547105119550457
0.04939648165502094
0.6270303057929653
0.9651598650942342
0.9346311605067651
0.5471051195504661
-0.04939648165501018
-0.6270303057929789
-0.9651598650942315
-0.9346311605067689
-0.5471051195504751
0.049396481655027795
0.6270303057929706
0.9651598650942286
0.9346311605067626
0.5471051195504604
-0.049396481655017026
-0.6270303057929622
-0.9651598650942332
-0.9346311605067664
-0.5471051195504694
0.049396481655034644
0.6270303057929759
0.9651598650942305
0.9346311605067703
0.5471051195504546
-0.04939648165502388
-0.6270303057929675
-0.9651598650942276
-0.934631160506764
-0.5471051195504637
0.04939648165501311
0.6270303057929592
0.9651598650942322
0.3371772941196308
0.8261473953632491
0.9995572712953001
0.7911702432946593
0.28058307324297815
-0.3371772941196207
-0.8261473953632591
-0.9995572712953005
-0.7911702432946486
-0.2805830732429885
0.3371772941196373
0.826147395363253
0.9995572712953008
0.7911702432946551
0.28058307324297155
-0.33717729411962716
-0.8261473953632149
-0.9995572712952994
-0.7911702432946444
-0.2805830732429819
0.33717729411959024
0.8261473953632409
-0.534918615786512
-0.9293801199254653
-0.9688500067213235
-0.6382521209502285
-0.06386361836787373
0.5349186157865029
0.9293801199254613
0.9688500067213262
0.6382521209502368
0.06386361836788448
-0.5349186157865418
-0.9293801199254574
-0.9688500067213288
-0.6382521209502451
-0.06386361836778179
0.5349186157865327
0.9293801199254534
0.9688500067213315
0.6382521209502097
0.06386361836779254
-0.5349186157865236
-0.9293801199254494
-0.9688500067213341
-0.6382521209502179
-0.0638636183678033
0.5349186157865145
0.9293801199254454
0.9688500067213368
0.6382521209501825
0.06386361836781407
-0.5349186157865053
-0.9293801199254415
-0.9688500067213255
-0.6382521209501908
-0.06386361836782482
0.5349186157864962
0.9293801199254584
0.9688500067213281
0.6382521209501991
0.06386361836783558
-0.5349186157864871
-0.9293801199254544
-0.9688500067213167
-0.6382521209502073
-0.06386361836784633
0.534918615786478
0.9293801199254506
0.9688500067213194
0.6382521209502157
0.0638636183678571
-0.534918615786517
-0.9293801199254675
-0.968850006721322
-0.638252120950224
-0.06386361836781113
0.5349186157865079
0.9671011294044802
0.9319292486962486
0.8149506649632815
0.9999483239789051
0.8029997102281077
0.12104240328146208
0.6813888269933533
0.981467878348169
0.9066595590402597
0.48553810440398987
-0.12104240328145138
-0.6813888269933038
-0.981467878348167
-0.9066595590402643
-0.4855381044039993
0.12104240328144068
0.6813888269933376
0.8635459228933775
0.9950259163657845
0.7464398294734724
0.21273909827899132
-0.4022207377221061
-0.8635459228933721
-0.9950259163657855
-0.7464398294734796
-0.21273909827900184
0.4022207377220962
0.8635459228933954
-0.15602320444868484
0.4543614516926879
0.8911954764651544
0.9876231198481151
0.7068122995243356
0.1560232044486955
-0.4543614516926783
-0.8911954764651495
-0.9876231198481168
-0.7068122995243432
-0.15602320444864998
0.45436145169266867
0.8911954764651446
0.9876231198481185
0.7068122995243106
0.15602320444866064
-0.45436145169265907
-0.8911954764651397
-0.9876231198481201
-0.7068122995243182
-0.1560232044486713
0.45436145169264947
0.8911954764651607
0.9876231198481218
0.7068122995242856
0.15602320444868192
-0.45436145169263986
-0.8911954764651557
-0.9876231198481146
-0.7068122995242933
-0.15602320444869258
0.45436145169263026
0.8911954764651767
0.9876231198481163
0.7068122995243009
0.15602320444870324
-0.45436145169267134
-0.8911954764651718
-0.9876231198481091
-0.7068122995243085
-0.15602320444871387
0.45436145169266173
0.891195476465167
0.9876231198481108
0.7068122995243161
0.15602320444872453
-0.45436145169265213
-0.8911954764651621
-0.9876231198481125
-0.7068122995243238
-0.15602320444867904
0.45436145169269315
0.8911954764651572
0.9876231198481141
0.7068122995243313
0.15602320444868967
-0.45436145169268355
-0.8911954764651522
-0.9876231198481158
-0.706812299524339
-0.15602320444870033
0.45436145169267395
0.8911954764651473
0.9876231198481176
0.7068122995243065
0.15602320444865483
-0.45436145169266434
-0.8911954764651424
-0.9876231198481192
-0.706812299524314
-0.15602320444866546
0.45436145169265474
0.8911954764651634
0.9876231198481209
0.7068122995243217
0.15602320444867612
-0.45436145169264514
-0.8911954764651585
-0.9876231198481226
-0.706812299524289
-0.15602320444868678
0.45436145169263553
0.8911954764651535
0.9876231198481153
0.7068122995242967
0.1560232044486974
-0.45436145169262593
-0.8911954764651745
-0.9876231198481171
-0.7068122995243044
-0.15602320444870807
0.45436145169266695
0.8911954764651696
0.9876231198481098
0.706812299524312
0.15602320444871873
-0.45436145169265735
-0.8911954764651647
-0.9876231198481116
-0.7068122995243196
-0.15602320444872936
0.45436145169269837
0.8911954764651598
0.9876231198481132
0.7068122995243272
-0.9165943534692721
-0.5065330217029943
0.09700670792962436
0.6634931722698633
0.9765477961065231
0.9165943534692763
0.5065330217030035
-0.09700670792961363
-0.6634931722698552
-0.9765477961065208
-0.9165943534692806
-0.5065330217030128
0.0970067079296029
0.6634931722699322
0.9765477961065429
0.916594353469285
0.5065330217030222
0.95719191547814
0.604247714967083
0.020501424963076467
-0.5710757125590191
0.2780549239674129
0.7895572037632501
0.9994754677838753
0.8276280740327899
0.33965488604481725
-0.2780549239674025
-0.7895572037633133
-0.9994754677838786
-0.8276280740327322
-0.3396548860447205
0.2780549239673922
0.7895572037632369
0.9994754677838746
0.8276280740327382
0.3396548860447306
-0.2780549239673818
-0.7895572037633001
-0.999475467783878
-0.8276280740327443
-0.33965488604474076
0.27805492396737147
0.7895572037632237
0.9994754677838776
0.8276280740327503
0.33965488604464394
-0.2780549239674703
-0.7895572037632869
0.9995658455166039
0.8259841926728013
0.3369046523982583
0.870998046974967
0.4158812764286335
-0.19808800642884677
-0.7363944035941177
-0.9934231677116648
-0.8709980469749722
-0.41588127642864325
0.1980880064287248
0.7363944035941103
0.9934231677116636
0.8709980469749775
0.41588127642854966
-0.19808800642882565
-0.736394403594103
-0.9934231677116624
-0.8709980469749828
0.767613373734946
0.24429294734709073
-0.37233908171545765
-0.8467502369026365
-0.9977315815750509
-0.7676133737349529
-0.8777123199892705
-0.42842457791668936
0.18450679130422692
0.7269628374021174
0.9917437881704984
0.8777123199892757
0.4284245779165964
-0.18450679130432807
-0.7269628374021881
-0.9917437881704969
-0.8777123199892808
-0.42842457791670885
0.18450679130431746
0.7269628374021027
0.9917437881704956
0.8777123199892315
0.42842457791661587
-0.1845067913043069
-0.7269628374021734
-0.9917437881704941
-0.8777123199892911
-0.42842457791672833
0.18450679130429629
0.726962837402244
0.9917437881704928
0.8777123199892418
0.8016849573709393
0.9999235044651907
0.8162252590036759
0.32075670707896686
-0.2972300048304042
-0.8016849573709328
-0.9999235044651906
-0.8162252590036164
-0.3207567070788694
0.29723000483050244
0.8016849573709264
0.9999235044651905
0.8160030060403132
0.3203924112526464
-0.29759719489592196
-0.8019147875508835
-0.9999281874425822
-0.8160030060403194
-0.3203924112527643
0.2975971948958031
0.8019147875508092
0.999928187442582
0.8160030060403257
0.3203924112527745
-0.29759719489590136
0.937783476442433
0.9627739227458061
0.6200174540423748
0.4854841279370461
-0.12110369077350987
0.5153819631174077
-0.08675602273568501
-0.6557561566325931
-0.9742797270277563
-0.9206615562483147
-0.515381963117417
0.08675602273567427
-0.912544598210653
-0.4978733169693872
0.10696864926252016
0.6709522272068144
0.9786548591855904
0.9125445982106574
0.49787331696929793
-0.10696864926262246
-0.6709522272068906
-0.9786548591855881
-0.9125445982106618
-0.4978733169694059
0.10696864926261175
0.6709522272067984
0.9786548591855859
0.9125445982106197
0.49787331696931664
-0.10696864926260104
-0.6709522272068746
-0.9786548591855837
-0.9125445982106707
-0.4978733169694246
0.10696864926247728
0.6709522272068666
0.9786548591855815
0.9125445982106285
0.49787331696933534
-0.1069686492625796
-0.6709522272068587
-0.9786548591855793
-0.9125445982106795
-0.4978733169693447
0.10696864926256888
0.6709522272068507
0.9786548591856004
0.9125445982106374
0.49787331696935405
-0.10696864926255815
-0.6709522272068427
-0.9786548591855748
-0.9125445982106418
-0.4978733169693634
0.10696864926254744
0.6709522272069189
0.9786548591855959
0.9125445982106462
0.49787331696937276
-0.10696864926253673
-0.6709522272068267
-0.9786548591855704
-0.9125445982106506
-0.4978733169692835
0.106968649262526
0.670952227206903
0.8546126497696975
0.9966130767827245
0.7579411820973885
0.22976151732414563
-0.3861792377601664
-0.854612649769692
-0.9966130767827254
-0.7579411820973956
-0.22976151732404546
0.3861792377602613
0.8546126497696863
0.9966130767827263
0.7579411820974026
0.2297615173241666
-0.38617923776014645
-0.8546126497696808
-0.9966130767827271
-0.7579411820974096
-0.9985842699107988
-0.670102763533187
-0.10583014107565891
0.4988659982385715
0.9130122820573273
0.9784189062763166
0.670102763533195
0.10583014107566964
-0.4988659982386606
-0.9130122820573693
-0.9784189062762954
-0.6701027635332031
-0.10583014107568035
0.49886599823855277
0.9130122820573648
0.9784189062762976
0.6701027635332111
0.10583014107557803
0.95631877986009
0.9455029570887277
0.5735371411729993
-0.017500368860351376
-0.6018533328047085
-0.9563187798600868
-0.9455029570887683
-0.5735371411731013
0.017500368860340596
0.6018533328047
0.9563187798601168
0.9455029570887348
0.5735371411730169
-0.017500368860329817
-0.6018533328046913
-0.9563187798601137
-0.9455029570887382
-0.5735371411729326
0.017500368860432707
0.6018533328047735
0.9563187798601106
0.9455029570887418
0.5735371411730346
0.5962698076951509
0.01052775099279285
-0.5792355487637163
-0.9477505563847
-0.9542570643233457
-0.5962698076951596
-0.01052775099280363
0.5792355487638002
0.9477505563847328
0.9542570643233489
0.5962698076951682
0.01052775099281441
-0.5792355487637915
-0.9477505563846931
-0.9542570643233181
-0.5962698076950856
-0.01052775099282519
0.5792355487637827
0.9477505563847259
0.9542570643233553
0.5962698076951856
0.01052775099283597
-0.5792355487637738
-0.9477505563847225
-0.9542570643233246
-0.596269807695103
-0.01052775099273307
0.579235548763765
0.9477505563847191
0.9542570643233618
0.28451917677748595
-0.33331144371188387
-0.8238284215426857
-0.9996709432422746
-0.7936731421890109
-0.2845191767774963
0.3333114437119809
0.8238284215426152
0.9996709432422719
0.44037431917591974
0.8839922938613001
0.9899552580846748
0.7177889610612483
-0.5273784189986932
-0.9260583869917365
-0.9710155267208399
-0.6450777388465366
-0.07274218011854962
0.5273784189987806
0.9260583869917324
0.9710155267208425
0.6450777388464579
0.07274218011867375
-0.5273784189986749
-0.9260583869917284
-0.971015526720845
-0.6450777388464661
-0.07274218011868451
0.5273784189987623
0.9260583869917672
0.9710155267208477
0.6450777388464745
0.07274218011869525
-0.5273784189986566
-0.9260583869917202
-0.9710155267208502
-0.6450777388464827
-0.072742180118706
0.5273784189987439
0.926058386991759
0.9710155267208528
0.6450777388464909
0.07274218011871676
-0.5273784189987348
-0.9260583869917121
-0.9710155267208825
-0.6450777388464123
-0.07274218011872752
0.5273784189987256
0.9260583869917509
0.9710155267208579
0.6450777388465073
0.07274218011873826
-0.5273784189987165
0.8853155455551562
0.9895500189588593
0.71581001868841
0.1686549207667064
-0.44292062451805553
-0.8853155455551512
-0.9895500189588609
-0.7158100186883382
-0.16865492076660496
0.44292062451804587
0.8853155455551461
0.9895500189588624
0.7158100186884251
0.16865492076672767
-0.44292062451813813
0.29804271221926737
-0.31995028325878744
-0.815733145242217
-0.9999336714928917
-0.8021935217287129
-0.29804271221927764
0.3199502832588849
0.8157331452422107
0.9999336714928906
0.8021935217287872
0.2980427122192879
-0.3199502832588747
-0.8157331452422045
-0.9999336714928907
-0.8021935217287257
-0.2980427122191897
0.3199502832588645
0.8157331452421983
0.9999336714928908
-0.987349448109448
-0.891981330164077
-0.4559066614262953
0.15430885627877586
0.7055836356504818
0.9873494481094464
0.8919813301640819
0.4559066614263049
-0.15430885627865287
-0.7055836356505547
-0.9873494481094627
-0.8919813301640868
-0.45590666142631453
0.15430885627875454
0.7055836356504664
0.9873494481094429
0.8919813301640916
0.45590666142632413
-0.15430885627874388
-0.7055836356505394
-0.9873494481094592
-0.8919813301640451
-0.4559066614263337
0.15430885627873323
0.7055836356504512
0.9873494481094395
0.8919813301641014
0.4559066614263433
-0.1543088562787226
-0.7055836356505242
-0.9873494481094558
-0.8919813301640549
-0.4559066614263529
0.15430885627871194
0.7055836356505165
0.9873494481094541
0.8919813301640084
0.4559066614262613
-0.1543088562788136
-0.7055836356505089
-0.9873494481094524
-0.8919813301640647
-0.4559066614263721
0.15430885627869062
0.7055836356505818
0.9873494481094327
0.8919813301640181
0.4559066614262805
-0.15430885627879232
-0.7055836356504935
-0.987349448109449
-0.8919813301640743
-0.45590666142639125
0.15430885627866933
0.7055836356505665
0.9873494481094653
0.8919813301640278
0.4559066614262997
-0.154308856278771
-0.7055836356504783
-0.9873494481094456
-0.8919813301640841
-0.45590666142641045
0.15430885627887267
0.7055836356505513
0.9873494481094619
0.8919813301640376
0.45590666142631886
-0.1543088562787497
-0.705583635650463
-0.9873494481094421
-0.8919813301639911
-0.45590666142622727
0.15430885627885138
0.705583635650536
0.9873494481094585
0.8919813301640473
0.45590666142633807
-0.1543088562787284
-0.7055836356504478
-0.9873494481094387
-0.8919813301640008
-0.4559066614262465
0.15430885627883006
0.7055836356505206
0.987349448109455
0.8919813301640057
0.4559066614262561
-0.15430885627904406
-0.7055836356505131
-0.9873494481094534
-0.8919813301639592
-0.4559066614261645
0.1543088562789211
-0.979547795229638
-0.9107400371928714
-0.49406053986364606
0.1113332911932614
0.6742015890939035
0.9795477952296587
0.910740037192735
0.4940605398635566
0.7140170703700284
0.989177028097723
0.8865049819827262
0.445218163946467
-0.1661268603085065
-0.7140170703699412
-0.9891770280977048
-0.8865049819826786
-0.44521816394637487
0.166126860308608
0.7140170703700133
0.9891770280977532
0.886504981982631
0.4452181639462827
-0.16612686030870946
-0.7140170703700853
-0.989177028097735
-0.8865049819826886
-0.4452181639463942
0.16612686030858673
0.7140170703699982
0.9891770280977167
0.6861109283282917
0.9826873719768657
0.9039106398455196
0.47987076608583423
-0.12746343011117536
-0.6861109283283665
-0.9826873719768847
-0.9039106398455727
-0.4798707660859434
0.1274634301110519
0.6861109283282759
0.9826873719768617
0.903910639845626
0.4798707660860526
-0.12746343011092848
-0.6861109283281854
-0.9826873719768386
-0.903910639845582
-0.47987076608596235
0.12746343011103053
0.6861109283282603
0.9826873719768577
0.9039106398456352
0.47987076608587204
-0.1274634301111326
-0.6861109283283351
-0.9826873719768767
-0.9039106398455912
-0.4798707660859813
0.12746343011100914
0.6861109283282446
-0.9948409468290252
-0.8644722736235925
-0.403904574225872
0.21094094431456503
0.7452141917458434
0.9948409468290126
0.8644722736236551
0.40390457422598586
-0.21094094431444338
-0.745214191745912
-0.994840946829023
-0.8644722736236033
-0.4039045742258917
0.21094094431454397
0.7452141917459806
0.9948409468290335
0.8644722736235516
0.4039045742257976
-0.21094094431464455
-0.7452141917458975
-0.9948409468290208
-0.8644722736236142
-0.4039045742259115
0.2109409443145229
0.7452141917458146
0.9948409468290083
0.8644722736236767
0.4039045742258173
-0.21094094431462349
-0.7452141917458832
-0.9948409468290187
-0.864472273623625
-0.4039045742257232
0.21094094431472407
0.7452141917459518
0.6997699728662289
0.9860209175132434
0.895645385288483
0.4631637577505055
-0.146230682891029
-0.6997699728663025
-0.9860209175132605
-0.8956453852885384
-0.46316375775061586
0.14623068289090585
0.6997699728662136
0.9860209175132398
0.8956453852885937
0.46316375775052465
0.9984004163439856
0.8409554351294014
0.36229406071916886
-0.25475133096343444
-0.7744903728974305
-0.9984004163439913
-0.8409554351292227
-0.36229406071907294
0.254751330963534
0.7744903728973518
0.9984004163439844
0.84095543512929
0.36229406071918896
-0.25475133096341357
-0.7744903728972731
-0.9984004163439772
-0.8409554351292343
-0.3622940607193049
0.2547513309632932
0.7744903728973381
0.9984004163439831
0.8409554351291787
