0.5824607861561485
-0.006565741671881152
-0.5930843793426037
-0.9530649423010877
-0.9490070907865137
0.3977136059038265
0.8610556847016957
0.9955037581498299
0.7497032319129844
0.21754155256102364
-0.3977136059038256
-0.8610556847016951
-0.99550375814983
-0.749703231912985
-0.21754155256102464
0.3977136059038255
-0.2257755150946382
0.389952029655947
0.8567311530599621
0.9962680952159635
0.7552644869065833
0.2257755150946383
-0.3899520296559436
-0.8567311530599638
-0.9962680952159635
-0.7552644869065834
0.9873747111079226
0.7056965870603555
0.15446635250053603
-0.4557647785962716
-0.891909255144369
-0.9402559124769541
-0.9608053923096205
-0.6143598688541873
-0.033249756820379804
0.5605606322011384
0.9402559124769527
0.9608053923096196
0.6143598688541845
0.033249756820383475
-0.5605606322011353
-0.940255912476954
-0.9608053923096186
-0.6143598688541875
-0.03324975682038005
-0.4644331247753747
-0.896281726214644
-0.9857811717353495
-0.6987457151228447
-0.14481314482676155
0.4644331247753714
0.8962817262146455
0.985781171735349
0.6987457151228523
0.1448131448267652
-0.46443312477538073
-0.8962817262146502
-0.9857811717353472
-0.6987457151228347
-0.1448131448267618
0.4644331247753838
0.8962817262146517
0.985781171735349
0.6987457151228423
0.14481314482675842
-0.46443312477538684
-0.896281726214647
-0.9857811717353484
-0.6987457151228399
-0.14481314482675503
0.4644331247753773
0.8962817262146485
0.9857811717353478
0.6987457151228375
0.1448131448267657
-0.46443312477538035
-0.89628172621465
-0.9857811717353473
-0.698745715122835
-0.1448131448267623
0.46443312477538334
0.8962817262146515
0.9857811717353467
0.6987457151228427
0.1448131448267589
-0.4644331247753864
-0.8962817262146531
-0.9857811717353485
-0.6987457151228402
-0.1448131448267555
0.46443312477537685
0.8962817262146545
0.985781171735348
0.6987457151228378
0.14481314482675212
-0.4644331247753799
-0.8962817262146497
-0.9857811717353474
-0.6987457151228353
-0.1448131448267487
0.4644331247753829
0.8962817262146513
0.9857811717353467
0.6987457151228329
0.14481314482674532
-0.46443312477538595
-0.8962817262146529
-0.9857811717353462
-0.6987457151228406
-0.14481314482674193
0.4644331247753764
0.8962817262146543
0.9857811717353481
0.6987457151228381
0.1448131448267526
-0.46443312477539206
-0.6951779731144407
-0.13988861728172147
0.46883343571343555
-0.8331495057583763
-0.9991054666553023
-0.7834370976357234
-0.2685223853668648
0.3489587513719399
0.8331495057583703
0.9991054666553015
0.7834370976357301
0.2685223853668478
-0.3489587513719298
-0.8331495057583801
-0.9991054666553021
-0.7834370976357191
-0.2685223853668582
0.3489587513719197
0.8331495057583899
0.9991054666553025
0.7834370976357082
0.26852238536686857
-0.3489587513719362
-0.8331495057583839
-0.999105466655303
-0.7834370976357149
-0.26852238536687895
0.34895875137195276
0.833149505758378
0.9991054666553022
0.7834370976357216
0.26852238536686196
-0.34895875137194265
0.9993456354445804
0.8297480550581674
0.34321491973867674
-0.2744146494749658
-0.7872271496000146
-0.9993456354445811
-0.8297480550581734
-0.3432149197386335
0.2744146494749555
0.7872271496000255
0.9993456354445807
0.8297480550581794
0.3432149197386436
-0.2744146494749451
0.634690908361641
0.9676962501960096
0.9310745152413206
0.5388139615232992
-0.059255211883657004
-0.6346909083616327
-0.967696250196014
-0.9310745152413245
-0.5388139615232843
0.059255211883674615
0.6346909083616243
0.9676962501960112
0.9310745152413284
0.5388139615232694
-0.05925521188366385
-0.634690908361638
-0.9676962501960086
-0.9310745152413323
-0.5388139615232785
0.05925521188365309
0.6346909083616517
0.9676962501960059
0.9310745152413259
0.5388139615232876
-0.059255211883699074
-0.6346909083616432
-0.9676962501960104
-0.9310745152413299
-0.5388139615232967
0.05925521188368831
-0.9669844529583187
-0.9320953302183934
-0.5411774720900949
0.05645178643087452
0.6325183812608778
0.966984452958316
0.932095330218387
0.5411774720901039
-0.05645178643086375
-0.6325183812608914
-0.9669844529583205
-0.932095330218391
-0.541177472090113
-0.8169012076476301
-0.9999083355490425
-0.8009844649050519
-0.29611175312800225
0.3218655838756176
0.8169012076476239
0.9999083355490426
0.8009844649050584
0.2961117531280126
-0.3218655838756074
-0.8169012076476176
-0.9999083355490428
-0.8009844649050648
-0.29611175312802285
0.32186558387559716
0.8169012076476442
0.9999083355490429
0.8009844649050712
0.2961117531280332
-0.3218655838756408
-0.816901207647638
-0.999908335549043
-0.8009844649050777
-0.29611175312798915
0.3218655838756306
0.8169012076476317
0.9999083355490432
0.8009844649050842
0.2961117531279995
-0.32186558387567415
-0.8169012076476255
-0.9999083355490433
-0.8009844649050907
-0.29611175312795546
0.321865583875664
0.8169012076476193
0.9999083355490435
-0.605211291439652
-0.02171102379842807
0.5700821170031918
0.9441232654881033
0.9575414161261276
0.6052112914396607
0.02171102379843885
-0.5700821170031829
-0.9441232654880998
-0.9575414161261143
-0.6052112914396239
-0.021711023798449625
0.570082117003174
0.9441232654880962
0.9575414161261011
0.6052112914396326
0.021711023798460405
-0.5700821170031651
-0.9441232654881114
-0.9575414161261042
-0.6052112914396411
-0.021711023798471184
0.5700821170031563
0.9441232654881079
0.9575414161261073
0.6052112914396497
0.02171102379848196
-0.5700821170031475
-0.9441232654881043
-0.9575414161261104
-0.6052112914396583
-0.02171102379849274
0.5700821170031852
0.9441232654881194
0.9575414161261135
0.6052112914396669
0.021711023798446687
-0.5700821170031765
-0.9441232654881159
-0.9575414161261167
-0.6052112914396303
-0.021711023798457466
0.5700821170031676
0.9441232654881123
0.9575414161261198
0.6052112914396388
0.8920455712457845
0.9873269031272929
0.7054829160213534
0.15416843347766532
-0.45603315066220984
-0.8920455712458053
-0.9873269031272945
-0.705482916021361
-0.1541684334776198
0.4560331506622508
0.8920455712458004
0.9873269031272963
0.7054829160213687
0.15416843347763046
-0.45603315066224126
-0.8920455712457955
-0.987326903127298
-0.7054829160213361
-0.15416843347764111
0.45603315066223166
0.8920455712457908
0.9873269031272998
0.7054829160213437
0.1541684334775956
-0.45603315066222205
-0.8920455712457859
-0.9873269031273014
-0.7054829160213111
-0.15416843347760625
0.45603315066221245
0.892045571245781
0.9873269031272851
0.7054829160213589
0.1541684334776169
-0.45603315066220285
-0.8920455712458017
-0.9873269031272868
-0.7054829160213263
-0.15416843347762757
0.45603315066219324
0.8920455712457969
0.9873269031272885
0.705482916021334
0.1541684334776382
-0.4560331506621837
0.8673369321069492
0.40913698725805814
-0.20533938066872212
-0.7413830844088578
-0.9942436485890698
-0.8673369321069545
-0.4091369872580161
0.2053393806687672
0.7413830844088506
0.9942436485890687
-0.5615536111484954
0.03205082340592218
0.6134129327866521
0.9604721509816537
0.9406636527494123
0.5615536111485044
-0.0320508234059114
-0.6134129327866437
-0.9604721509816507
-0.940663652749416
-0.5615536111485133
0.032050823405900625
0.6134129327866351
0.9604721509816477
0.9406636527494003
0.4279433343580638
0.8774570132299674
0.9918119367150081
0.7273284108227771
0.1850301529796576
-0.42794333435805404
-0.8774570132299623
-0.9918119367150022
-0.7273284108227455
-0.1850301529796682
0.4279433343580443
0.8099118323151818
0.31044840797414547
0.8099009562851566
0.9999988668162503
0.808131198934945
0.3075848804297172
-0.6091217165677265
-0.95894863904947
-0.9424897748797536
-0.5660318507552358
0.026631001642757755
0.609121716567763
0.958948639049467
0.9424897748797573
0.5660318507552446
-0.0266310016428038
-0.6091217165677545
-0.9589486390494639
-0.9424897748797608
-0.5660318507552535
0.026631001642793025
0.6091217165677459
0.9589486390494608
0.9424897748797645
0.5660318507552624
-0.02663100164283907
-0.6091217165677374
-0.9589486390494578
-0.942489774879768
-0.5660318507552244
0.026631001642828295
0.6091217165677288
0.9589486390494547
0.9424897748797717
0.5660318507552333
-0.026631001642817516
-0.6091217165677203
-0.9589486390494678
-0.9424897748797753
-0.5660318507551954
0.02663100164280674
0.6091217165677117
0.9589486390494809
0.9424897748797789
0.5660318507552042
-0.026631001642795964
-0.6091217165677032
-0.9589486390494456
-0.9424897748797445
0.7230412321398848
0.9909975627255722
0.8804265071184257
0.43356245038841773
-0.17890772614437497
-0.7230412321398774
-0.9909975627255859
-0.8804265071183769
-0.43356245038832497
0.17890772614436437
0.7230412321398699
0.9909975627255693
0.880426507118382
0.43356245038843716
-0.17890772614435377
0.1582693347735526
-0.45233421261028117
-0.8901614650514739
-0.9879772933183298
-0.262584513018115
-0.7795946120464041
-0.998826066719278
-0.8365399127547871
-0.3547239450637573
0.5072651386843579
0.9169335959913233
0.9763645850562944
0.6628574880414773
0.09616136029209903
-0.9914463831658392
-0.7253823967766422
-0.18224698965953956
0.430500573160073
0.8788115492088611
0.9914463831658258
0.7253823967765713
-0.73508004385822
-0.19618540784491156
0.41764538586831
0.8719498374244143
0.993199087569363
0.7350800438582273
0.1961854078450336
-0.4176453858681969
-0.8719498374243534
-0.9931990875693643
-0.7350800438582346
-0.1961854078449327
0.4176453858682904
0.8719498374244038
0.9931990875693656
0.7350800438582419
0.19618540784505475
-0.4176453858682806
-0.8719498374243986
-0.9931990875693668
-0.7350800438581722
-0.19618540784495384
0.4176453858682708
0.8719498374243932
0.993199087569368
0.7350800438582565
0.1961854078449644
-0.417645385868261
-0.871949837424388
-0.993199087569356
-0.7350800438581867
-0.19618540784497498
0.41764538586825123
0.8719498374243827
0.9931990875693706
0.7350800438582712
0.19618540784498556
-0.4176453858683447
-0.8719498374244331
-0.9931990875693586
-0.7350800438582014
-0.19618540784499613
0.41764538586823163
0.8719498374243722
0.9931990875693731
0.7350800438582087
0.1961854078450067
-0.4176453858683251
-0.8719498374244226
-0.9931990875693611
-0.735080043858216
-0.19618540784501728
0.41764538586821204
0.8719498374244172
0.9931990875693624
0.7350800438582233
0.19618540784491637
-0.4176453858683055
-0.871949837424412
-0.9931990875693636
-0.7350800438582306
-0.1961854078450384
0.41764538586829575
0.8719498374244067
0.9931990875693516
0.7350800438581608
0.19618540784493751
-0.4176453858682859
-0.8719498374244015
-0.9931990875693661
-0.7350800438582452
-0.19618540784505956
0.41764538586827615
0.8719498374243961
0.9931990875693542
0.7350800438581755
0.19618540784495866
-0.4176453858682664
-0.8719498374243908
-0.9931990875693686
-0.7350800438582599
-0.1961854078449692
0.41764538586825656
0.8719498374244412
0.9931990875693567
0.73508004385819
0.1961854078449798
-0.4176453858682468
-0.8719498374243803
-0.9931990875693579
-0.7350800438582744
-0.19618540784499036
0.41764538586834027
0.8719498374244307
0.9931990875693592
0.7350800438582047
0.19618540784500094
-0.4176453858682272
-0.8719498374243697
-0.9931990875693604
-0.735080043858212
-0.1961854078450115
0.8977841672127894
0.9852042464338414
0.6963097893779222
0.14144865947893762
-0.4674410506779875
-0.8977841672127846
-0.9852042464338238
-0.6963097893778484
-0.14144865947883575
0.467441050677978
0.8977841672127799
0.9852042464338451
0.696309789377856
0.14144865947895896
-0.46744105067796843
-0.8977841672128252
-0.9852042464338274
-0.6963097893778638
-0.1414486594788571
0.46744105067795894
0.8977841672127704
0.9852042464338487
0.6963097893779532
0.14144865947886776
-0.4674410506779494
-0.8977841672128157
-0.9852042464338312
-0.6963097893778794
-0.14144865947887844
0.46744105067793984
0.8977841672127609
0.985204246433833
0.696309789377887
0.1414486594788891
-0.4674410506780308
-0.8977841672128062
-0.9852042464338349
-0.6963097893778948
-0.14144865947889979
0.4674410506779208
0.8977841672128014
0.9852042464338562
0.6963097893779026
0.14144865947891044
-0.4674410506780118
-0.8977841672127967
-0.9852042464338385
-0.6963097893779102
-0.14144865947892113
0.46744105067790176
0.897784167212792
0.9852042464338404
0.696309789377918
0.14144865947881927
-0.4674410506779927
-0.8977841672127872
-0.9852042464338422
-0.6963097893779258
-0.14144865947894247
0.4674410506779832
0.8977841672127824
0.9852042464338441
0.6963097893778518
0.8783891489573147
0.4297020626922344
-0.18311660648527436
-0.7259909558899531
-0.9915614356697167
-0.8783891489573198
-0.4297020626923468
0.18311660648526376
0.7259909558898675
0.9915614356697152
0.8783891489572706
0.42970206269225386
-0.18311660648525316
-0.7259909558899382
-0.9915614356697139
-0.8783891489573301
-0.42970206269236627
0.18311660648524256
0.7259909558899308
0.9915614356697124
0.8783891489572809
0.42970206269227335
-0.18311660648523195
-0.7259909558899235
-0.991561435669711
-0.8783891489573404
-0.4297020626923857
0.18311660648522138
0.725990955889916
0.9915614356697244
0.8783891489572913
0.4297020626922928
-0.18311660648521078
-0.7259909558899086
-0.991561435669723
-0.8783891489572964
-0.4297020626924052
0.18311660648531194
0.7259909558899794
0.9915614356697215
0.8783891489573016
0.42970206269231226
-0.18311660648518957
-0.7259909558898938
-0.9915614356697202
-0.8783891489573067
-0.429702062692322
0.18311660648529074
0.7259909558899645
0.9915614356697188
0.8783891489573118
0.42970206269233174
-0.18311660648516837
-0.7259909558898789
-0.9915614356697321
0.9718321870981325
0.9247544139982494
0.3372563636443803
0.8261947163996219
0.9995547688159127
0.7911188731614694
0.28050245710099403
-0.3372563636443701
-0.82619471639968
-0.9995547688159164
-0.7911188731615455
-0.2805024571010044
0.33725636364435996
0.8261947163996739
0.9995547688159133
0.7911188731614825
0.2805024571009056
-0.3372563636443498
0.3783514074186654
-0.2379977773373949
-0.7634399003975803
-0.9972739298736362
-0.8501832142321714
-0.37835140741867535
0.23799777733738445
0.7634399003974998
0.997273929873627
0.850183214232177
0.37835140741868534
-0.23799777733737396
-0.7634399003975663
-0.9972739298736345
-0.8501832142321827
-0.37835140741869533
0.23799777733747393
0.7634399003975593
0.9972739298736254
0.8501832142321285
0.37835140741860007
-0.23799777733746344
-0.7634399003975524
-0.997273929873633
-0.8501832142321941
-0.37835140741871526
0.23799777733745298
0.7634399003975454
0.9972739298736322
0.8501832142321399
0.37835140741862
-0.2379977773374425
0.6169595967341815
0.9617147508967405
0.9391275576988721
0.5578255572317089
-0.036546846304601116
-0.616959596734173
-0.7594666153423393
-0.9968029067775261
-0.8533943679083609
-0.38401818630595014
0.2320398901672329
0.7594666153423323
0.9968029067775253
0.8533943679084257
0.38401818630606505
-0.2320398901672224
-0.23933265561910835
0.3770786336825702
0.8494587013489489
0.9973744171392949
0.764327005092075
0.23933265561911882
-0.37707863368266553
-0.8494587013489432
-0.9973744171393039
-0.7643270050920087
-0.2393326556190189
0.37707863368265554
0.8494587013489375
0.9973744171392964
-0.0008785355707938002
0.5870742752518717
0.9507846668490858
0.9513276316921654
0.5884957756656587
0.0008785355708045807
-0.587074275251863
-0.9507846668490825
-0.9980552503611577
-0.7708037587023884
-0.24913142987539172
0.36770063749806386
0.844083559032274
0.9980552503611584
0.7708037587023229
0.24913142987540216
-0.3677006374980539
-0.8440835590323291
-0.998055250361152
-0.7708037587023296
-0.2491314298754126
0.3677006374980438
0.04231559355188536
0.6214928039003458
-0.2979626614312157
0.32002973493421355
0.8157816499654679
0.9999327021082992
0.8021434485083131
0.29796266143122596
-0.32002973493420334
-0.8157816499654617
-0.9999327021082993
-0.8021434485082516
-0.29796266143112776
0.3200297349343008
0.8157816499654554
0.9999327021082994
0.802143448508326
0.29796266143124656
-0.3200297349341829
-0.8157816499654492
-0.9999327021082995
-0.8021434485082645
-0.2979626614311483
0.3200297349342804
0.815781649965443
0.9999327021082997
0.8021434485083389
0.29796266143126715
-0.3200297349341625
-0.8157816499655025
-0.9999327021082998
-0.8021434485083453
-0.2979626614311689
0.32002973493425996
0.8157816499654305
0.9999327021083
0.8021434485083517
0.29796266143117917
-0.32002973493414205
-0.8157816499654901
0.3071685496276412
-0.3108642725572349
-0.8101575085132676
-0.999998112458188
-0.8078734261297156
-0.30716854962754325
0.31086427255733273
0.8101575085133279
0.9999981124581878
0.807873426129789
0.3071685496276617
-0.31086427255721444
-0.810157508513255
-0.999998112458188
-0.8078734261298622
-0.3071685496277802
0.31086427255709614
0.8101575085133152
0.9999981124581878
0.8078734261298016
0.30716854962768225
-0.3108642725571939
-0.8101575085133755
-0.9999981124581877
-0.807873426129741
-0.30716854962758433
0.3108642725572917
0.8101575085133026
0.9999981124581879
0.8078734261298144
0.30716854962770274
-0.3108642725571734
-0.8101575085132297
-0.9999981124581881
-0.8078734261297537
-0.3071685496276048
0.3108642725570551
0.8101575085132899
0.9999981124581879
0.807873426129693
0.5525209559757402
0.9369172667320583
0.9634430262434087
0.621966295953862
0.042919580466834466
-0.5525209559756366
-0.9369172667320149
-0.963443026243442
-0.6219662959539595
-0.04291958046673166
0.5525209559757223
0.9369172667320509
0.9634430262434145
0.621966295953879
0.04291958046685601
-0.5525209559758081
-0.9369172667320869
-0.963443026243387
-0.6219662959537984
-0.0429195804667532
0.5525209559757044
0.9369172667320433
0.9634430262434203
-0.9535770476156468
-0.5944490042311635
-0.008261645808923294
0.5810813805093122
0.9484710697027903
0.9535770476156158
0.5944490042312636
0.00826164580882039
-0.5810813805093961
-0.9484710697027509
-0.9535770476155847
-0.594449004230998
-0.008261645808944854
0.5810813805094798
0.9484710697027835
0.9535770476156222
-0.9927443933522382
-0.7324695577895919
-0.19241624687594816
0.42113353035661133
0.8738246127953039
0.9927443933522259
0.7324695577896766
0.19241624687584719
-0.4211335303567047
-0.8738246127953538
-0.9927443933522135
-0.7324695577894518
-0.1924162468757462
0.421133530356798
0.8738246127952933
0.9927443933522284
0.7324695577895365
0.19241624687586834
-0.4211335303566851
-0.8738246127952328
-0.9927443933522434
-0.7324695577896212
-0.1924162468759905
0.42113353035657225
0.8738246127951723
0.9927443933522311
0.7324695577895511
0.19241624687566639
-0.42113353035666556
-0.8738246127952224
-0.9927443933522186
-0.7324695577894811
-0.1924162468757885
0.4211335303567589
0.8738246127952723
0.9927443933522336
0.7324695577895659
0.19241624687591066
-0.421133530356646
-0.8738246127952118
-0.9927443933522486
-0.7324695577896506
-0.1924162468760328
0.42113353035673934
0.8738246127952619
0.9927443933522362
-0.3397876385952541
0.2779193401984969
0.7894705771673752
0.9994708867763359
0.8277072884027634
0.33978763859537114
-0.27791934019859577
-0.7894705771674384
-0.9994708867763393
-0.8277072884025781
-0.3397876385952744
0.27791934019869463
0.7894705771675016
0.9994708867763427
-0.7346439182541065
-0.6538393566962947
-0.9737051025998043
-0.9216485943294207
-0.5175536487087891
0.08422919971706178
0.6538393566962004
0.9737051025997758
0.921648594329469
0.5175536487088955
-0.08422919971716432
-0.6538393566962784
-0.9737051025997993
-0.921648594329429
-0.5175536487088075
0.08422919971726686
-0.1106968298096029
0.494617237277308
-0.9782848651067945
-0.6696218524585316
-0.10518605178057039
0.49942724553499035
0.9132763099639385
0.9782848651067731
0.6696218524584552
0.10518605178069416
-0.4994272455348825
-0.9132763099638879
-0.978284865106799
-0.6696218524585476
-0.10518605178081795
0.4994272455347747
0.9132763099639297
0.9782848651067777
0.6696218524584712
0.1051860517807156
-0.4994272455350608
-0.7242094089894473
-0.9912227399204764
-0.8796226746237097
-0.43203664489580124
-0.5201619387972111
-0.9878957708790211
-0.8904012069032975
