-0.969193903288966
-0.9288652351039544
-0.533741618077394
0.06525315584436553
0.6393234421067713
0.969193903288966
0.9288652351039544
0.5337416180773941
-0.0652531558443654
-0.6393234421067712
-0.969193903288966
-0.9288652351039538
-0.5337416180773927
0.0652531558443653
0.6393234421067711
0.969193903288966
0.9288652351039545
0.5337416180773928
-0.06525315584436517
-0.639323442106771
-0.9691939032889659
-0.9288652351039551
-0.5337416180773928
0.06525315584436682
0.6393234421067723
0.9691939032889655
0.9489619366318053
0.5823443789381441
-0.0067089383524350545
-0.5931996692208175
-0.9531082885620379
-0.9489619366318042
-0.5823443789381471
0.0067089383524313794
0.5931996692208145
0.9531082885620389
0.9489619366318053
0.58234437893815
-0.006708938352434809
-0.5931996692208172
-0.9531082885620378
-0.9489619366318065
-0.5823443789381473
0.006708938352438239
0.59319966922082
0.9531082885620367
0.9489619366318054
0.5823443789381445
-0.00670893835244167
-0.593199669220817
-0.9531082885620377
-0.9489619366318066
-0.5823443789381475
0.006708938352437995
0.9985720395981627
0.8392622579203517
0.3593828191919443
-0.25776864149502926
-0.7764612423647871
-0.9985720395981628
-0.839262257920342
-0.3593828191919278
0.2577686414950326
0.7764612423647893
0.9985720395981622
0.8392622579203479
0.3593828191919379
-0.25776864149503587
-0.7764612423647914
-0.9985720395981632
-0.8392622579203384
-0.3593828191919347
0.2577686414950392
0.7764612423647846
0.9985720395981627
0.8392622579203443
0.3593828191919315
-0.2577686414950425
0.5054897293680918
-0.09821050883905146
-0.664397670722088
-0.9768075044355623
-0.9161100719206065
-0.5054897293681011
0.09821050883904073
0.6643976707220905
0.97680750443556
0.9161100719206051
0.5054897293680859
-0.09821050883904414
-0.6643976707220826
-0.9768075044355607
-0.9161100719206094
-0.5054897293680952
0.09821050883904756
0.6643976707220851
0.9768075044355614
0.916110071920608
0.5054897293680922
-0.09821050883903683
-0.6643976707220877
-0.9768075044355592
-0.9161100719206067
-0.5054897293680893
0.09821050883904024
0.6643976707220902
0.9768075044355599
0.9161100719206053
0.5054897293680986
-0.09821050883904366
-0.6643976707220822
-0.9768075044355606
-0.9161100719206097
-0.5054897293680957
0.09821050883904707
0.6643976707220848
0.9768075044355614
0.7324395299973746
0.9927390889626296
0.8738460579047753
0.42117353366237964
-0.19237296527710715
-0.7324395299973867
-0.9927390889626283
-0.8738460579047668
-0.4211735336623894
0.19237296527712447
0.7324395299973793
0.992739088962627
0.8738460579047582
0.4211735336623992
-0.19237296527714176
0.36929049073417197
-0.2474747883124753
-0.7697131095824412
-0.9979471845782838
-0.8449993540424826
-0.36929049073415554
0.24747478831246486
0.7697131095824524
0.997947184578283
-0.5095718080474055
0.977958484524632
0.6684558073190195
0.10362573169481781
-0.5007858513277732
-0.9139142602281647
-0.9779584845246283
-0.6684558073190275
-0.103625731694772
0.5007858513277639
0.9139142602281718
0.9779584845246305
0.6684558073190355
0.10362573169478272
-0.5007858513277545
-0.913914260228179
-0.9779584845246329
-0.6684558073190224
-0.10362573169479344
0.5007858513277452
0.9139142602281746
0.9779584845246291
0.6684558073190093
0.10362573169480417
-0.5007858513277605
-0.9139142602281702
-0.9779584845246254
-0.6684558073190173
0.8184228306129134
0.3243669005896103
-0.3982564156432524
-0.8613564136029461
-0.9954475379940232
-0.7493115368888004
-0.2169639968544706
0.39825641564324255
0.8613564136029551
0.9954475379940242
0.7493115368887886
0.2169639968544534
-0.3982564156432326
-0.8613564136029497
-0.9954475379940252
-0.7493115368887769
-0.2169639968544639
-0.4160036765282205
-0.8710641641279215
-0.9934077474127473
-0.736303335873403
-0.9938035200287036
-0.7386709685458527
-0.20139121358131853
0.4128131399357099
0.869336904999862
0.9938035200287049
0.7386709685458791
-0.43015818125568656
-0.8786304913266755
-0.9914958172628904
-0.7256434407080318
-0.18261993351614908
0.43015818125567684
0.8786304913266839
0.9914958172628918
0.7256434407080392
0.18261993351613173
-0.4301581812556928
-0.8786304913266787
-0.9914958172628932
0.9988346984633161
0.7797064045787889
0.2627567653911638
-0.35455702740200234
-0.8364420866776321
-0.9988346984633165
-0.7797064045787957
-0.2627567653911194
0.35455702740199224
0.8364420866776262
0.9988346984633171
0.7797064045787668
0.26275676539107495
-0.3545570274019822
-0.8364420866776203
-0.9988346984633176
-0.5173805290431406
-0.9215700729337053
-0.9737511719783282
-0.6539924199122372
-0.08443079182449736
0.5173805290431314
0.9215700729337011
-0.9141506737222053
-0.5012902338555755
0.10304603711554276
0.668022224314503
0.9778366270655924
0.9141506737222096
0.5012902338555356
-0.10304603711553204
-0.6680222243144949
-0.9778366270655902
-0.9141506737222139
-0.5012902338555449
0.10304603711552131
0.6680222243144869
0.9778366270655879
0.48269502783661433
-0.12426708829375759
-0.6837634003788522
-0.9820853337824479
-0.9052840495339385
-0.482695027836574
0.12426708829374689
0.6837634003788443
0.9820853337824459
0.9052840495339189
0.4826950278365834
-0.12426708829373619
-0.6837634003788364
-0.9820853337824546
-0.9052840495339235
-0.4826950278365929
0.8708041002301875
0.9934682763575934
0.7366613376611733
0.19847480617616953
-0.4155223553576293
-0.1281316060506971
0.4792795937283699
0.9036222788174546
0.9828119663899112
0.6866008873515211
0.12813160605070778
-0.4792795937283605
-0.9036222788174744
-0.9828119663899132
-0.6866008873515289
-0.12813160605071847
0.4792795937284009
0.9036222788174697
0.9828119663899152
0.6866008873515368
0.12813160605072915
-0.47927959372839146
-0.9036222788174895
-0.9828119663899172
-0.6866008873515446
-0.12813160605073987
0.4792795937284319
0.9036222788174848
0.9828119663899192
0.6866008873515524
0.12813160605069418
-0.47927959372842244
-0.9036222788174803
-0.9828119663899212
-0.6866008873515189
-0.12813160605070487
0.47927959372841294
0.9036222788174756
0.9828119663899232
0.6866008873515268
0.12813160605071555
-0.4792795937284035
-0.903622278817471
-0.9828119663899252
-0.6866008873515347
-0.12813160605066987
-0.05666176058588695
0.5410006080190558
0.9320191322950372
0.9670380261995264
0.6326812625094362
0.056661760585840965
-0.5410006080190467
-0.9320191322950333
-0.9670380261995292
-0.6326812625094006
-0.05666176058585173
0.5410006080190376
0.9320191322950293
0.9670380261995319
0.6326812625094089
0.05666176058586249
-0.5410006080190286
-0.9320191322950461
-0.9670380261995347
-0.6326812625093732
-0.05666176058587325
0.5410006080190195
0.9320191322950422
0.967038026199523
0.6326812625093816
0.05666176058588401
-0.5410006080190104
-0.9320191322950176
-0.9670380261995257
-0.6326812625093899
-0.056661760585894776
0.5410006080190491
0.9320191322950138
0.9670380261995284
0.6326812625093983
0.056661760585905545
-0.54100060801904
-0.9320191322950304
-0.9670380261995167
-0.6326812625094066
-0.05666176058591631
0.541000608019031
0.9320191322950265
0.9670380261995194
0.18509377602076074
-0.42788481988907595
-0.8774259578713692
-0.9918202025582585
-0.7273728405966885
-0.18509377602071547
0.4278848198890662
0.8774259578713641
-0.8594084142304972
0.983630747436848
0.9016904676220151
0.47533507650737516
-0.1325821577880365
-0.6898575141102237
-0.983630747436846
-0.9016904676220198
-0.47533507650738466
0.13258215778802582
0.6898575141102159
0.9836307474368441
0.901690467622049
0.47533507650739415
0.9999901884343256
0.811612821594898
0.31322694261144746
-0.30480098225735414
-0.806405291708209
-0.9999901884343259
-0.8116128215949043
-0.31322694261145767
0.30480098225734387
0.8064052917082363
0.9999901884343259
0.8116128215949105
0.3132269426114679
-0.3048009822574419
-0.8064052917082298
-0.9999901884343257
-0.8116128215949169
-0.31322694261142414
0.30480098225743163
0.8064052917082571
0.9999901884343257
-0.9993672620942855
-0.8294113852665773
-0.34264854992314125
0.27499438529502784
0.7875988120459236
0.9993672620942851
0.8294113852665516
0.34264854992309796
-0.27499438529501746
-0.787598812045917
-0.9993672620942847
-0.8294113852665576
-0.3426485499231081
0.2749943852950071
0.7875988120459103
0.9993672620942864
0.8294113852665637
0.3426485499231182
-0.2749943852950514
-0.7875988120459037
0.4687225440046123
-0.14001292201654678
-0.6952682106916592
-0.9849546741797887
-0.8984219295093462
-0.4687225440046218
0.1400129220165361
0.6952682106915697
0.9849546741797672
0.8984219295093508
0.4687225440046313
-0.14001292201663798
-0.6952682106916438
-0.984954674179785
-0.8984219295093556
-0.46872254400464086
0.14001292201651475
0.6952682106915543
0.9849546741797635
0.8984219295093604
0.46872254400454993
-0.14001292201661664
-0.6952682106916283
-0.9849546741797812
-0.8984219295093651
-0.4687225440046599
0.1400129220164934
0.6952682106915388
0.9849546741797794
0.7574140907287871
0.9965463362833213
0.8550317527417644
0.3869241011132745
-0.22897540607397388
-0.7574140907287801
-0.996546336283311
-0.85503175274177
-0.3869241011133893
0.22897540607396336
0.7574140907288472
0.9965463362833196
0.8550317527417756
0.3869241011132944
-0.22897540607395286
-0.757414090728766
-0.9965463362833092
-0.8550317527417812
-0.3869241011131995
0.22897540607394237
0.7574140907288331
0.9965463362833178
0.8550317527417868
0.3869241011133143
-0.22897540607393188
-0.7574140907287519
-0.9965463362833169
-0.8550317527417923
-0.3869241011132194
0.22897540607403205
0.757414090728819
-0.509038208878196
-0.9177531460227945
-0.9759175746687598
-0.661314660009651
-0.09411202248545558
0.5090382088781867
0.917753146022745
0.975917574668787
0.6613146600097443
0.09411202248546632
-0.5090382088781774
-0.9177531460227859
-0.9759175746687646
-0.6613146600096671
-0.09411202248547705
0.5090382088781681
0.9177531460227365
0.9759175746687669
0.6613146600096752
0.09411202248548779
-0.5090382088782567
-0.9177531460227774
-0.9759175746687693
-0.6613146600096833
-0.09411202248549852
0.5090382088781495
0.917753146022773
0.9759175746687716
0.6613146600096914
0.09411202248539607
-0.22051435222399365
-0.7517160301867829
-0.995787734506385
-0.8595023698248337
-0.39491631328119864
0.22051435222398313
0.7517160301868507
0.9957877345063945
0.8595023698247811
0.3949163132812086
-0.22051435222397262
-0.7517160301867687
0.8553849369073351
0.9964895183931428
0.7569689732858125
0.22831200881243524
-0.38755238298752015
-0.8553849369073295
-0.9964895183931437
-0.7569689732857453
-0.22831200881233504
0.387552382987615
0.855384936907324
0.9964895183931446
0.7569689732858266
0.22831200881245622
-0.3875523829876051
-0.8553849369073184
-0.9964895183931359
-0.7569689732857594
-0.22831200881235603
0.3875523829875951
0.8553849369073128
-0.5492568866470636
0.37651294447314376
0.9520493301389383
0.5903943879581286
0.0032288563445574754
-0.5851699886478438
-0.950053787173176
-0.9520493301389417
-0.5903943879582291
-0.0032288563446819423
-0.9985955147627437
-0.7767392275133508
-0.2581949557491083
0.35897101338743936
-0.8837121693067342
-0.4398365787842359
0.17204163533830363
0.7182057922417312
0.9900397474258841
0.8837121693067393
0.4398365787843477
-0.17204163533818104
-0.7182057922416446
-0.9900397474258825
-0.8837121693067443
-0.43983657878425525
0.1720416353382824
0.7182057922417162
0.990039747425881
0.8837121693067495
0.43983657878436705
-0.17204163533827177
-0.7182057922417088
-0.9900397474258795
0.9977452309489254
0.8466421903832108
0.3721506094007937
-0.2444898554387295
-0.7677435054052135
-0.9977452309489246
-0.8466421903832164
-0.3721506094008037
-0.8527500011808131
-0.38287767019569585
0.23324091727073407
0.7602694019069528
0.9969008156212918
0.8527500011808188
-0.9067792573339535
-0.48578620808558504
0.12076066138553372
0.6811810627112991
0.9814134505741418
0.906779257333958
0.48578620808549505
-0.12076066138563588
-0.6811810627113745
-0.9814134505741615
-0.9067792573339626
-0.48578620808560385
0.12076066138551231
0.6811810627112833
0.9814134505741594
0.9067792573339671
0.4857862080855139
-0.12076066138561446
-0.6811810627113586
-0.9814134505741573
-0.9067792573339717
-0.48578620808562273
0.12076066138549091
0.6811810627112675
0.9814134505741553
0.9067792573339283
0.48578620808553274
-0.12076066138559306
-0.6811810627113428
-0.9814134505741532
-0.9067792573339808
-0.48578620808564155
0.12076066138546951
0.6811810627113349
0.9814134505741512
0.9067792573339374
0.4857862080855516
-0.12076066138557166
-0.6811810627113271
-0.9814134505741491
-0.9067792573339899
-0.4857862080856604
0.12076066138556096
0.6811810627113192
0.9814134505741688
0.9067792573339465
0.48578620808557044
-0.12076066138555025
-0.6811810627113113
-0.981413450574145
-0.9067792573339989
-0.48578620808567924
0.12076066138553955
0.6811810627113034
0.9814134505741646
0.9067792573339556
0.4857862080855893
0.2614212410545729
-0.3558506820307972
-0.8371997395002446
-0.998766951853181
-0.7788391354382186
-0.26142124105458325
0.3558506820307872
0.8371997395003009
0.9987669518531759
0.7788391354382967
0.2614212410545937
-0.3558506820307771
-0.837199739500295
-0.01780094227821577
0.573290853296377
0.9454050283512001
0.9564066157109504
0.6020933829343141
0.017800942278226546
-0.5732908532964612
-0.9454050283512336
-0.9564066157109204
-0.6020933829343228
-0.017800942278237326
0.5732908532963592
0.9454050283511931
0.9564066157108904
-0.9616753839045281
-0.9391768884181697
-0.557944743004371
0.036403330392603246
0.6168465688835695
0.9616753839045563
0.9391768884181343
0.55794474300438
-0.03640333039270608
-0.9996717710923444
-0.8238101160895449
-0.3332809970164528
0.2845501351123978
0.7936927871316957
0.9996717710923442
0.823810116089551
0.33328099701657016
-0.2845501351122785
-0.7936927871316891
-0.9996717710923438
-0.8238101160894927
-0.3332809970164731
0.28455013511237714
0.7936927871316826
0.9996717710923436
0.8238101160894988
0.3332809970164833
-0.28455013511225785
-0.7936927871317452
-0.9996717710923463
-0.8238101160895049
-0.33328099701649344
0.2845501351123565
0.7936927871316695
0.9996717710923431
0.823810116089511
0.3332809970165036
-0.2845501351123461
-0.7936927871317321
-0.9996717710923457
-0.8238101160895172
-0.33328099701651376
0.2845501351123358
0.7936927871316564
0.9996717710923425
0.8238101160894589
0.3332809970165239
-0.28455013511243443
-0.7936927871317189
-0.9996717710923452
-0.8238101160895294
-0.3332809970165341
0.2845501351124241
0.684840454757997
0.00785828108293908
0.5941245863264734
0.9534554931454654
0.9485988083430271
0.5814096204412276
-0.0078582810829283
-0.5941245863265561
-0.9534554931454279
-0.9485988083430665
-0.5814096204412363
0.007858281082917518
0.5941245863265474
0.9534554931454589
0.9485988083430339
0.5814096204412451
-0.007858281082906739
-0.5941245863265388
-0.9534554931454213
-0.9485988083430733
-0.5814096204413464
0.007858281082895957
0.5941245863265301
0.9534554931454524
0.9485988083430408
0.5814096204412627
-0.007858281082885178
-0.5941245863265214
-0.9534554931454492
-0.9485988083430442
-0.5814096204413639
0.007858281082988082
0.5941245863266041
0.9534554931454459
0.9485988083430476
0.5814096204412802
-0.007858281082863617
-0.5941245863265041
-0.9534554931454426
0.8111584653970632
0.9999933297129487
0.80686473060163
0.3055412287240401
-0.3124886375617185
-0.8111584653970568
-0.9999933297129487
-0.8068647306017036
-0.3055412287241586
0.3124886375616003
0.8111584653970506
0.9999933297129487
0.8068647306016428
0.30554122872406064
-0.31248863756169803
-0.8111584653970443
-0.9999933297129489
-0.8068647306016491
-0.30554122872417916
0.3124886375615798
0.8111584653971045
0.9999933297129489
0.8068647306017227
0.3055412287240812
-0.31248863756167755
-0.8111584653970316
-0.4580958646104333
0.15187661405616942
0.70383738824957
0.9869562026846112
0.8930912931016389
0.4580958646104429
-0.1518766140561588
-0.703837388249643
-0.9869562026846277
-0.8930912931016437
-0.4580958646104525
0.15187661405614813
0.7038373882495547
0.9869562026846077
0.8930912931016486
0.45809586461046203
-0.15187661405613748
-0.7038373882496277
-0.9869562026846243
-0.8930912931016535
-0.45809586461047164
0.15187661405612682
0.70383738824962
0.9869562026846043
0.8930912931016072
0.45809586461048124
-0.15187661405611616
-0.7038373882496124
-0.9869562026846208
-0.8930912931016631
-0.4580958646104908
0.1518766140561055
0.7038373882496047
0.986956202684619
0.8930912931016168
0.4580958646105004
-0.15187661405609484
-0.7038373882495971
-0.9869562026846174
-0.8930912931016217
-0.4580958646104089
0.15187661405608419
0.7038373882495894
0.9869562026846156
0.8930912931016265
0.4580958646104185
-0.1518766140561859
-0.7038373882495818
-0.9869562026846138
-0.8930912931016314
0.4453040489327726
-0.16603227445537933
-0.7139499122310321
-0.9891629497994558
-0.8865493609566223
-0.445304048932884
0.1660322744552566
0.713949912230945
0.9891629497994375
0.8865493609565747
0.44530404893279185
-0.16603227445558227
-0.7139499122311762
-0.9891629497994526
-0.886549360956527
-0.44530404893269976
0.16603227445545954
0.7139499122310891
0.9891629497994677
0.8865493609565847
0.44530404893281117
-0.1660322744553368
-0.7139499122310019
-0.9891629497994495
-0.07010692390829282
-0.6430566892798345
-0.9703806560395333
-0.9270521942174055
-0.5296213035494247
0.07010692390839546
0.6430566892799133
0.9703806560395032
0.9270521942174522
0.5296213035495303
-0.0701069239082713
-0.643056689279818
-0.9703806560394731
-0.9270521942174988
-0.529621303549443
0.07010692390837396
0.6430566892798968
0.8386803442035962
0.3583847074661974
-0.2588017064749663
-0.7771346648891742
-0.4430041613680772
-0.8853588681146196
-0.9895365794825387
-0.7157449505994689
-0.1685630778635373
0.4430041613679656
0.8853588681145617
0.9895365794825567
0.7157449505995558
0.16856307786365998
-0.44300416136805787
0.907513676006723
0.4873109362459844
-0.11902801807117283
-0.6799023150986823
-0.9810770367882998
-0.9075136760066798
-0.4873109362460931
0.11902801807127501
0.6799023150987578
0.9810770367883197
0.9075136760066366
0.4873109362458047
-0.11902801807137718
-0.6799023150988331
-0.9810770367882956
-0.9075136760066889
-0.4873109362459134
0.1190280180712536
0.6799023150987419
0.9810770367882715
0.9075136760067412
0.48731093624602206
-0.11902801807113002
-0.6799023150986506
-0.9810770367882915
-0.9075136760066979
-0.48731093624593225
0.11902801807145795
0.6799023150987261
0.9810770367883114
0.9075136760066547
0.4873109362458424
-0.11902801807133437
-0.6799023150988016
-0.9810770367882873
-0.907513676006707
-0.48731093624595107
0.11902801807121079
0.6799023150987102
0.9810770367882632
0.9075136760067593
0.48731093624605976
-0.11902801807131295
-0.6799023150987857
-0.9810770367882831
-0.907513676006716
-0.4873109362459699
0.11902801807141514
0.6799023150988612
0.981077036788303
0.9075136760066728
0.48731093624588
-0.11902801807129156
-0.67990231509877
-0.981077036788279
-0.9075136760067251
-0.4873109362459887
0.11902801807116797
0.6799023150986787
0.9810770367882988
0.9075136760066819
0.48731093624589883
-0.11902801807127014
-0.6799023150987541
-0.9810770367883188
0.6760722935011856
0.9800548954367125
0.9096898381561682
0.49185418192038527
-0.11385305430042235
-0.3423267702170417
0.27532365751273985
0.7878098059795982
0.9993793852327333
0.8292200069829682
0.3423267702171587
-0.2753236575126202
-0.7878098059795215
-0.9993793852327288
-0.8292200069829107
-0.7303568658116831
-0.9923671033913889
-0.8753268367928941
-0.4239414698044714
0.1893751294086597
0.7303568658115981
0.9923671033914016
0.8753268367928443
0.42394146980437825
-0.18937512940876072
-0.7303568658116684
-0.9923671033914142
-0.8753268367927945
-0.42394146980428504
0.18937512940886178
0.7303568658117388
0.9923671033913989
0.8753268367928547
0.42394146980439773
-0.18937512940873957
-0.7303568658116537
-0.9923671033913836
-0.8753268367929149
-0.4239414698043045
