-0.9592135978649169
-0.6098636243057681
-0.02756647476401244
0.5652601311875799
0.942176579510741
0.9592135978649169
0.6098636243057679
0.027566474764012566
-0.5652601311875797
-0.9421765795107409
-0.959213597864917
-0.6098636243057679
-0.027566474764012243
-0.8828458334953582
-0.43817635989380227
0.17386159012047983
0.7194903220468416
0.9902982055279176
0.8828458334953582
0.4381763598938024
-0.17386159012047972
-0.7194903220468415
-0.9902982055279181
-0.8828458334953583
-0.4381763598938025
0.17386159012047958
0.7194903220468389
0.9902982055279176
0.15809292143566192
0.7082932656993072
0.9879496564684742
0.8902428576404656
0.4524935454356369
-0.1580929214356653
-0.7082932656993096
-0.9879496564684735
-0.8902428576404673
-0.45249354543563386
-0.7902158827360384
-0.9995096751693359
-0.8270247437723137
-0.3386444697914374
0.27908648154757554
0.7902158827360405
0.999509675169336
0.8270247437723158
0.3386444697914409
-0.2790864815475788
-0.7902158827360383
-0.9995096751693359
0.4811190362050169
0.9045185192052996
0.9824226713228863
0.6850747543135959
0.12605156599099274
-0.4811190362050199
-0.9045185192053041
-0.982422671322883
-0.6850747543135934
-0.12605156599098932
0.4811190362050104
0.9045185192052995
0.982422671322885
0.6850747543135909
0.12605156599098594
-0.4811190362050259
-0.904518519205301
-0.9824226713228843
-0.6850747543135988
-0.12605156599099662
0.48111903620501645
0.9045185192053025
0.9824226713228837
0.6850747543135859
0.1260515659909932
-0.481119036205007
-0.9045185192052978
-0.9824226713228857
-0.6850747543135938
-0.12605156599098982
0.48111903620502244
0.9045185192052994
0.9824226713228877
0.6850747543135913
0.1260515659910005
-0.481119036205013
-0.9045185192053008
-0.9824226713228844
-0.6850747543135888
-0.12605156599098302
0.481119036205016
0.9045185192053083
0.9824226713228864
0.6850747543135967
0.1260515659909937
-0.481119036205019
-0.9045185192053037
-0.9824226713228857
-0.6850747543135838
-0.5663035796909185
-0.9818453259331574
-0.6828365056336732
-0.12300734894134603
0.48380643418058017
0.9058226034213855
0.9818453259331541
0.682836505633681
0.12300734894134263
-0.48380643418057073
-0.905822603421393
-0.9818453259331561
-0.7667605935027315
-0.2430035016196008
0.373572668496952
0.8474567765157073
-0.9243470454071779
-0.9720835775992626
-0.6485172230540425
-0.07723933159183734
0.5235413592700806
0.9243470454071846
0.9720835775992651
0.648517223054029
0.07723933159184809
-0.5235413592700956
-0.9243470454071805
-0.9720835775992677
-0.6485172230540156
-0.07723933159185883
0.5235413592701107
0.9243470454071764
0.9720835775992636
0.6485172230540238
0.07723933159186959
-0.5235413592701015
-0.9243470454071723
-0.9720835775992593
-0.648517223054032
-0.077239331591852
0.5235413592700923
0.924347045407179
0.9720835775992619
0.6485172230540402
0.07723933159183441
-0.5235413592700832
-0.9243470454071857
-0.9720835775992644
-0.6485172230540268
-0.07723933159184516
0.523541359270074
0.9243470454071816
0.972083577599267
0.6485172230540134
0.0772393315918559
-0.5235413592700889
-0.9243470454071775
-0.9720835775992694
-0.6485172230540216
-0.07723933159186666
0.523541359270104
0.9243470454071734
0.9720835775992653
0.6485172230540298
0.0772393315918774
-0.5235413592700948
-0.9243470454071802
-0.9720835775992612
-0.648517223054038
-0.07723933159185982
0.5235413592700856
0.9243470454071868
0.9720835775992638
0.6485172230540246
0.07723933159187056
-0.5235413592700764
-0.9243470454071827
-0.9720835775992662
-0.6485172230540328
-0.07723933159185298
0.5235413592700915
0.9243470454071786
0.9720835775992688
0.6485172230540194
0.07723933159186372
-0.39109797391645695
-0.8573725062227787
-0.9961598821716786
-0.7544480413600796
-0.22456269149471592
0.3910979739164732
0.8573725062227732
0.9961598821716771
0.7544480413600866
0.2245626914946987
-0.3910979739164633
0.006832685746646949
-0.5822437726940989
-0.9489228997036555
-0.9531457317295339
-0.5932992904666293
-0.0068326857466293085
0.5822437726940901
0.9489228997036611
0.9531457317295371
0.593299290466638
0.006832685746640089
-0.5822437726941276
-0.9489228997036667
-0.9531457317295404
-0.5932992904666009
-0.006832685746650869
0.5822437726940726
0.9489228997036633
0.9531457317295264
0.5932992904666096
0.00683268574666165
-0.5822437726941101
-0.042201439853342536
0.553119925552531
0.9371682792521085
0.9632502034556609
0.6214032896094305
0.042201439853353305
-0.553119925552522
-0.9371682792521048
-0.9632502034556639
-0.6214032896094389
-0.042201439853364074
0.5531199255525131
0.9371682792521011
0.9632502034556668
0.6214032896094474
0.042201439853318055
-0.5531199255525041
-0.9371682792520973
-0.9632502034556697
-0.6214032896094113
-0.042201439853328825
0.5531199255524951
0.9371682792520936
0.9632502034556573
0.6214032896094197
0.042201439853339594
-0.5531199255524861
-0.9371682792520898
-0.9632502034556601
-0.6214032896093836
-0.04220143985335037
0.5531199255524771
0.937168279252086
0.9632502034556478
0.6214032896093921
0.04220143985336114
-0.5531199255524681
-0.9371682792521021
-0.9632502034556507
-0.6214032896094005
-0.04220143985337191
0.5531199255525066
0.9371682792521181
0.9632502034556536
0.6214032896094089
0.042201439853382684
-0.5531199255524976
-0.9371682792521144
-0.9449181733294103
-0.9568408846789342
-0.6032828999066518
-0.019291352201533156
0.5720688363555348
0.9449181733294068
0.9568408846789374
0.6032828999066151
0.019291352201543936
-0.572068836355526
-0.9449181733294032
-0.9568408846789239
-0.6032828999066236
-0.019291352201554715
0.5720688363555171
-0.9202134729790427
-0.5143992758895537
0.08789796080137321
0.6566211640079841
0.9999177790461001
0.8164877798704712
0.32118720018328767
-0.2967959732224859
-0.8014131725813821
-0.9999177790460999
-0.8164877798704774
-0.3211872001832979
0.2967959732224756
0.8014131725814098
0.9999177790461006
0.8164877798704836
0.3211872001833081
-0.2967959732225196
-0.8014131725814033
-0.9999177790461004
-0.8164877798704898
-0.664272059745973
-0.9767715065909991
-0.916177437160734
-0.5056347264608173
0.09804326385489484
0.6642720597459649
0.9767715065909968
0.9161774371607155
0.5056347264607776
-0.09804326385488411
-0.6642720597459569
-0.9767715065910066
-0.9161774371607199
-0.5056347264607868
0.09804326385487339
0.6642720597459488
0.9767715065910043
0.9161774371607014
0.5056347264607961
-0.09804326385486266
-0.6642720597459408
-0.976771506591002
-0.9161774371607058
-0.5056347264608054
0.09804326385485193
0.6642720597459753
0.794480021006992
0.28579156241562204
-0.3320595593205357
-0.8230752156855704
-0.9997041149563919
-0.7944800210069985
-0.28579156241563236
0.3320595593205255
0.8230752156855643
0.9997041149563922
0.7944800210069706
0.2857915624156427
-0.33205955932051534
-0.8230752156855582
-0.9997041149563911
-0.7944800210069771
-0.285791562415653
0.3320595593205052
0.8230752156855521
-0.9381628828906556
-0.5555018866459773
0.039341949482737046
0.6191584980927284
0.9624775448546525
0.9381628828906594
0.5555018866459863
-0.03934194948272627
-0.6191584980927199
-0.9624775448546651
-0.9381628828906434
-0.5555018866460425
0.0393419494827155
0.012354646683433359
0.5977355107315508
0.9548017259630279
0.9471661343936735
0.577745272478768
-0.01235464668342258
-0.5977355107315422
-0.9548017259630416
-0.947166134393677
-0.5777452724787768
0.0123546466834118
0.5977355107315792
0.9548017259630384
0.9471661343936622
0.5777452724787856
-0.01235464668340102
-0.5977355107315705
-0.9548017259630351
-0.9471661343936657
-0.5777452724787944
0.01235464668339024
0.5977355107315618
0.954801725963015
0.9471661343936691
0.5777452724788031
-0.0123546466834363
-0.5977355107315988
-0.9548017259630118
-0.9471661343936726
-0.577745272478812
0.01235464668342552
0.5977355107315901
0.9548017259630256
0.947166134393676
0.5777452724788208
-0.01235464668341474
-0.5977355107315815
-0.9548017259630224
-0.9471661343936795
-0.5777452724787832
0.012354646683460799
0.5977355107315728
0.9548017259630192
0.9471661343936829
0.5777452724787919
-0.01235464668345002
-0.5977355107315643
-0.9548017259630159
-0.9471661343936864
-0.5777452724788008
0.01235464668343924
0.5977355107315556
0.9548017259630127
0.9471661343936716
0.5777452724788096
-0.01235464668342846
-0.5977355107315925
-0.9548017259630095
-0.9471661343936751
-0.5777452724787719
0.01235464668341768
0.5977355107315839
0.9548017259630233
0.9471661343936786
0.5777452724787808
-0.012354646683406901
-0.5977355107315753
-0.95480172596302
-0.947166134393682
-0.5777452724787896
0.01235464668345296
0.5977355107315666
0.9548017259630168
0.9471661343936673
-0.900055013320697
-0.9843026769080094
-0.6925801731339972
-0.1363155831571051
0.47201692638963466
0.9000550133206924
0.9843026769079912
0.692580173133923
0.13631558315700315
-0.47201692638962517
-0.9000550133206877
-0.9843026769080132
-0.6925801731340128
-0.13631558315712647
0.4720169263896157
0.9000550133206829
0.984302676907995
0.6925801731339385
0.13631558315702452
-0.4720169263896062
-0.9000550133206783
-0.984302676908017
-0.6925801731339463
-0.1363155831570352
0.47201692638959664
0.9000550133207231
0.9843026769079989
0.692580173133954
0.13631558315704587
-0.47201692638958714
-0.6483982179496013
-0.07708346926009058
0.5236745447159282
0.9244066816536044
0.9720468856271346
0.21262815576361221
0.7463642690132298
0.9950145994881744
0.8636031722610291
0.4023246860224264
-0.2126281557636017
-0.746364269013147
-0.995014599488162
0.7472033331682981
0.9951396285513743
0.8629664093797424
0.40116935297462325
-0.21386076102215504
-0.7472033331683665
-0.9951396285513844
-0.8629664093797479
-0.401169352974529
0.2138607610221445
0.7472033331682838
0.9951396285513722
0.8629664093798107
0.4011693529745389
-0.21386076102213397
-0.7472033331683522
-0.9951396285513823
-0.8629664093797588
-0.40116935297454875
0.21386076102212342
0.7472033331682694
0.9951396285513812
0.8629664093797642
0.40116935297455864
-0.21386076102222396
-0.7472033331683378
-0.9951396285513802
-0.8629664093797697
-0.4011693529745685
0.21386076102210236
0.7472033331683307
0.9951396285513678
0.8629664093797751
0.9624141182645305
0.6189750132047278
0.03910849128768307
-0.5556961450525263
-0.9382437413999787
-0.9624141182645335
-0.6189750132048256
-0.039108491287693836
0.5556961450525174
0.9382437413999749
0.9624141182645055
0.6189750132047448
0.03910849128770461
-0.5556961450525084
-0.9382437413999712
-0.9624141182645393
-0.6189750132048425
-0.03910849128771538
0.5556961450524994
0.9382437413999675
0.9624141182645114
0.6189750132047617
0.03910849128772616
-0.5556961450524904
-0.9382437413999637
-0.9624141182645451
-0.6189750132047701
-0.03910849128773693
0.5556961450524815
0.9382437413999993
0.9624141182645172
0.6189750132047787
0.0391084912877477
-0.5556961450524726
-0.9382437413999563
-0.9624141182645202
-0.6189750132047871
-0.039108491287644875
0.5556961450525582
0.9382437413999919
0.962414118264523
-0.5985300883753373
-0.013346055546954795
-0.047632592712271445
0.5485824942848989
0.9352577140984489
0.9646962753669506
0.6256536482657332
0.047632592712282214
-0.548582494284985
-0.9352577140984853
-0.9646962753669234
-0.625653648265653
-0.04763259271229298
0.5485824942848809
0.9352577140984413
0.9646962753669562
0.6256536482656613
0.04763259271230375
-0.548582494284967
-0.9352577140984777
-0.9646962753669291
-0.6256536482656697
-0.04763259271231452
0.5485824942848629
0.9352577140984739
0.9646962753669319
0.6256536482656782
0.04763259271221173
-0.5485824942849489
-0.9352577140984701
-0.9646962753669348
-0.6256536482656866
-0.04763259271233606
0.5485824942849399
0.9352577140984663
0.9646962753669376
0.6256536482656062
0.04763259271223327
-0.5485824942849309
-0.9352577140984625
-0.9646962753669405
-0.6256536482657034
-0.04763259271235759
0.5485824942849219
0.9352577140984989
0.9646962753669432
0.6256536482656231
0.8824044866861878
0.4373322166975823
-0.1747860956941525
-0.7201420602916178
-0.9904282345860822
-0.8824044866861929
-0.437332216697592
0.17478609569425382
0.7201420602916893
0.9904282345860964
0.8824044866861979
0.4373322166976017
-0.17478609569413128
-0.7201420602916029
-0.9904282345860792
-0.882404486686203
-0.43733221669750916
0.1747860956942326
0.7201420602916743
0.9904282345860934
0.8824044866862081
0.43733221669762107
-0.17478609569411005
-0.7201420602915879
-0.990428234586092
-0.8824044866862131
-0.43733221669752853
0.17478609569421136
0.7201420602916593
0.9904282345860904
0.8824044866862182
0.4373322166976405
-0.17478609569420075
-0.7201420602916518
-0.990428234586089
-0.8824044866861698
0.8306663025948813
0.34476161171232317
-0.2728302968280752
-0.7862103051408794
0.9996194561250603
0.8249232982153794
0.33513447849921707
0.9515869584849469
0.9505232568802197
0.5863919782445237
-0.0017211053502742338
-0.5891767851995786
-0.9515869584849436
-0.950523256880223
-0.5863919782444403
0.0017211053503771397
0.58917678519957
0.9515869584849402
0.950523256880191
0.5863919782444491
-0.0017211053502526725
-0.5891767851996531
-0.9515869584849719
-0.9505232568801943
0.9513999300154516
0.5886854996839095
0.0011132171573466339
-0.586884276486463
-0.9507119239753871
-0.951399930015455
-0.5886854996838263
-0.0011132171572437277
0.5868842764865464
0.9507119239753836
0.9513999300154583
0.588685499683835
-0.2698516246093252
-0.7842940961598356
-0.9991628801531948
-0.83238540422523
-0.3476649956225721
0.26985162460931483
0.7842940961598289
0.9991628801531943
0.832385404225236
0.3476649956224756
-0.2698516246094139
-0.7842940961598928
-0.9991628801531939
-0.832385404225242
-0.3476649956225923
0.26985162460929407
0.7842940961598861
0.9991628801531934
0.832385404225248
0.3476649956224958
-0.26985162460939316
-0.7842940961598794
-0.999162880153193
-0.832385404225254
-0.3476649956226125
0.2698516246092733
0.7842940961599433
0.14469238694161388
-0.4645412038295934
-0.8963358439127528
-0.9857606569559868
-0.6986584038144881
-0.14469238694162456
0.46454120382958386
0.896335843912748
0.9857606569559886
0.6986584038145771
0.14469238694152273
-0.464541203829675
-0.8963358439127432
-0.9857606569559904
-0.6986584038145035
-0.14469238694164588
0.46454120382956476
0.8963358439126881
0.9857606569559922
0.6986584038145112
0.14469238694154407
-0.6767507262867785
-0.1147681444282904
0.4910519677760443
0.9093069185324626
-0.7328093030509525
-0.9928042920614139
-0.8735817856811663
-0.4206807291236545
0.1929060675472717
0.7328093030510225
0.9928042920614126
0.8735817856811715
0.42068072912356114
-0.19290606754714956
-0.7328093030509378
-0.9928042920614113
-0.8735817856811767
-0.4206807291235709
0.19290606754725054
0.7328093030510079
0.9928042920614236
0.873581785681182
0.4206807291235807
-0.1929060675471284
-0.7328093030509232
-0.9928042920614087
-0.8735817856811873
-0.42068072912359045
0.1929060675471178
0.7328093030509931
0.9928042920614211
0.8735817856811925
0.42068072912360027
-0.19290606754710724
-0.7328093030509858
-0.9928042920614061
-0.8735817856811424
0.9786886235897253
0.9124773666365597
0.49773076959308027
-0.10713206418820546
-0.6710740907345353
-0.9786886235897232
-0.9124773666365176
-0.49773076959318824
0.1071320641880817
0.6710740907345273
0.978688623589721
0.9124773666365219
0.497730769593099
-0.10713206418818402
-0.6710740907345193
-0.9786886235897188
-0.9124773666365263
-0.49773076959320695
0.10713206418806027
0.671074090734427
0.9786886235897165
0.9124773666365308
0.4977307695931177
-0.10713206418816258
-0.6710740907345033
-0.9786886235897143
-0.9124773666365352
-0.49773076959312706
0.10713206418803883
0.671074090734411
0.9786886235897354
0.9124773666365396
0.4977307695931364
-0.10713206418814115
-0.6710740907344873
-0.9786886235897099
-0.912477366636544
-0.49773076959314577
0.10713206418813043
0.6710740907344793
0.978688623589731
0.9124773666365019
0.4977307695931551
-0.10713206418811971
-0.6710740907344713
-0.9786886235897054
-0.9124773666365528
-0.49773076959326307
0.107132064188109
0.6710740907344633
0.9786886235897265
0.7561684798231129
0.9963862882485047
0.8560184004873468
0.388680578735367
-0.2271200133267534
-0.7561684798231059
-0.9963862882485134
-0.8560184004872936
-0.3886805787352722
0.2271200133266322
0.7561684798230988
0.9963862882485125
0.8560184004872992
0.38868057873517736
-0.2164324005827428
0.3987558445999279
0.8616329103582244
0.9953954901849873
0.7489508250094764
0.21643240058264235
-0.3987558446000223
-0.8616329103581613
-0.9953954901849992
-0.7489508250095589
-0.21643240058276386
0.3987558445999081
0.8616329103580981
0.9953954901849893
0.640456874040574
0.0667248684421315
-0.5324937690063382
-0.9283178854919375
-0.9695561220840211
-0.6404568740404951
-0.06672486844202882
0.5324937690064252
-0.9931758605856007
-0.8720474093532432
-0.41782648754926527
0.195989951098535
0.7349448898802846
0.9931758605856127
0.8720474093531928
-0.2479582389061172
-0.7700315724007459
-0.9979790176488378
-0.8447323982143339
-0.36882671406019024
0.24795823890599664
0.7700315724006666
0.9979790176488443
0.8447323982142788
0.36882671406009454
-0.24795823890609633
-0.7700315724007323
-0.9979790176488509
-0.8447323982142237
-0.3688267140599989
0.24795823890619603
0.7700315724007979
0.997979017648843
0.8447323982142904
0.3688267140601146
-0.24795823890607543
-0.7700315724007185
-0.997979017648835
-0.844732398214357
-0.36882671406001893
0.24795823890617513
0.7700315724007841
0.9979790176488416
0.8447323982143019
0.3688267140599233
-0.24795823890627483
-0.7700315724008497
-0.9979790176488481
-0.8447323982142468
-0.368826714060039
0.24795823890615423
0.7700315724007704
0.9979790176488402
0.8447323982143135
0.3688267140601547
-0.24795823890603366
-0.770031572400836
-0.9979790176488323
-0.8447323982142584
-0.368826714060059
0.24795823890613336
0.7700315724009017
0.9979790176488533
0.8447323982142033
-0.7029298166565355
-0.1506144895952754
0.4592304532931581
0.8936649716926397
0.9867498454607349
0.702929816656624
0.15061448959539847
-0.45923045329324946
-0.8936649716926859
-0.9867498454607182
-0.7029298166563891
-0.15061448959507195
0.4592304532933409
0.8936649716927321
0.9867498454607384
0.7029298166564776
0.150614489595195
-0.4592304532932303
-0.8936649716926762
-0.9867498454607585
-0.7029298166565662
-0.15061448959531804
0.4592304532931198
0.8936649716926204
0.9867498454607418
0.702929816656493
0.15061448959499152
-0.45923045329321116
-0.8936649716926666
-0.9867498454607252
-0.7029298166564197
-0.1506144895951146
0.4592304532933026
0.8936649716927126
0.9867498454607454
0.7029298166565083
0.15061448959523763
-0.459230453293192
-0.8936649716926568
-0.9867498454607655
-0.7029298166565968
-0.1506144895951359
0.45923045329328344
0.893664971692703
0.09026052060617608
0.6584083188509262
0.9750665177703199
0.9192824481934833
0.5123637286679773
-0.09026052060605212
-0.6584083188508325
-0.9750665177703428
-0.9192824481934427
-0.5123637286678889
0.09026052060638105
-0.9987287833356613
-0.8376167680222344
-0.35656361687117444
0.2606847167730682
0.7783603489577889
0.9987287833356664
0.8376167680223023
0.3565636168710783
-0.26068471677316757
-0.7783603489577109
-0.9987287833356716
-0.8376167680222462
-0.3565636168709822
0.2606847167732669
0.7783603489577755
0.9987287833356654
0.8376167680221899
0.35656361687109844
-0.824870020572299
-0.9996220515736141
-0.7925524347777381
-0.28275472576327354
0.3350456780130976
0.8248700205722287
0.9996220515736175
0.7925524347776753
0.28275472576317484
-0.33504567801319457
-0.8248700205722869
-0.9996220515736146
-0.7925524347777512
-0.28275472576307614
0.33504567801329155
0.824870020572345
-0.09082537314656092
-0.6588351088252745
-0.9751922259144884
-0.9190590582690622
-0.5118765680333512
0.09082537314643696
0.658835108825352
0.9751922259145112
0.9190590582689321
-0.9262805499559815
-0.5278788649700549
0.07215460449170101
0.644627467482435
0.9708745479766654
