-0.2595238730912422
-0.7776050092427346
-0.9986674616856784
-0.8382728872232765
-0.3576865616890905
0.2595238730912421
0.7776050092427345
0.9986674616856784
0.8382728872232766
0.35768656168909063
-0.259523873091242
-0.7776050092427355
-0.9986674616856785
-0.8382728872232766
-0.35768656168909074
0.25952387309124186
0.7776050092427343
0.9986674616856785
0.8382728872232768
0.35768656168909085
-0.2595238730912417
-0.7776050092427342
-0.9986674616856784
-0.6144142676721962
-0.03331866473963223
0.5605035356637116
0.9402324362580017
0.960824503526858
0.6144142676721935
0.033318664739625255
-0.5605035356637115
-0.9402324362580016
-0.9608245035268561
-0.6144142676721964
-0.033318664739628925
0.5605035356637084
0.9402324362580028
0.9608245035268571
0.6144142676721938
0.0333186647396255
-0.5605035356637112
-0.9402324362580016
-0.9608245035268562
-0.6144142676721966
-0.03331866473962917
0.5605035356637083
0.9402324362580002
0.9608245035268572
0.6144142676721939
0.03331866473962574
-0.560503535663711
-0.9402324362580015
-0.9608245035268562
-0.6144142676721969
-0.03331866473962942
0.560503535663708
0.9402324362580026
0.9608245035268553
0.6144142676721941
0.03331866473962599
-0.5605035356637108
-0.9402324362580013
-0.9608245035268583
-0.614414267672197
-0.03331866473962966
0.5605035356637137
0.9402324362580026
0.9608245035268573
0.6144142676721887
0.03331866473962623
-0.5605035356637107
-0.9402324362580012
-0.9608245035268583
-0.6144142676721915
0.7633573617246544
0.9972644928336943
0.8502504834536941
0.3784696883454092
-0.2378736639992436
-0.7633573617246566
-0.9972644928336957
-0.8502504834536848
-0.3784696883453929
-0.8564257236510505
-0.3894069206775344
0.2263520905403746
0.755652296596453
0.9963190090295999
0.8564257236510487
0.38940692067751814
-0.9479440424002701
-0.9540753842615858
-0.5957823571645928
-0.009920719528252344
0.5797302957750258
0.9479440424002711
0.9540753842615805
0.59578235716459
0.009920719528234704
-0.5797302957750285
0.0733134662985183
0.6455153311464572
0.971152279755587
0.9258420657500305
0.5268916508423941
-0.0733134662985359
-0.645515331146449
-0.9711522797555913
-0.9258420657500293
-0.5268916508423671
0.07331346629853931
-0.24013545900684916
0.3763126293764045
0.8490220837336971
0.9974339593039976
0.5567282393979535
0.46177160878746065
-0.14778377089745787
-0.7008907730852199
-0.9862813223555822
-0.8949459289553071
-0.4617716087874702
0.1477837708975034
0.7008907730852122
0.9862813223555899
0.894945928955312
0.4617716087874798
-0.14778377089749276
-0.7008907730852045
-0.46528514253308906
-0.8967080829902953
-0.9856190137319665
-0.6980569811861921
-0.14386090791140235
0.4652851425330795
0.8967080829902905
0.9856190137319683
0.6980569811861794
0.143860907911413
-0.46528514253306996
-0.8967080829902984
-0.9856190137319701
-0.6980569811861872
-0.1438609079114237
0.46528514253308556
0.8967080829902936
0.9856190137319719
0.6980569811861745
0.14386090791143435
-0.46528514253310116
-0.8967080829902888
-0.9856190137319689
-0.6980569811861822
-0.1438609079114169
0.46528514253309167
0.896708082990284
0.9856190137319659
0.69805698118619
0.14386090791139944
-0.4652851425330821
-0.8967080829902918
-0.9856190137319678
-0.6980569811861976
-0.14386090791141012
0.46528514253307257
0.8967080829902996
0.9856190137319696
0.6980569811861851
0.14386090791142078
-0.465285142533063
-0.8709992969013667
-0.9934228763961994
-0.7363926823093654
-0.19808551264708207
0.4158835901674595
0.8709992969013614
0.9934228763961973
0.7363926823093727
0.19808551264706478
-0.41588359016747556
-0.8709992969013561
-0.9934228763961986
-0.73639268230938
0.8868268024622281
0.4458412364804734
-0.16544052825051642
-0.7135296343065908
-0.9890746720377953
-0.8868268024622331
-0.445841236480483
0.1654405282505058
0.7135296343065832
0.9890746720377938
0.8868268024622249
0.4458412364804927
-0.1654405282505232
-0.7135296343065757
-0.9890746720377922
-0.8868268024622299
-0.4458412364804769
0.1654405282505406
0.7135296343065681
0.9890746720377948
0.8868268024622349
0.4458412364804611
-0.16544052825052996
-0.7135296343066004
-0.9890746720377973
-0.8868268024622399
-0.44584123648047075
0.16544052825051933
0.7135296343065929
0.9890746720377958
0.0625099577235563
-0.5360641262405896
-0.9298799341303036
-0.9685132126387822
-0.6372073624726287
-0.06250995772356707
0.5360641262405805
0.9298799341302997
0.968513212638785
0.6372073624725931
0.06250995772357783
-0.5360641262405714
-0.9298799341302957
-0.9685132126387876
-0.6372073624726015
-0.06250995772353185
0.5360641262405623
0.9298799341302917
0.9685132126387903
0.6372073624725659
0.06250995772354262
-0.5360641262405532
-0.9298799341302877
-0.9685132126387789
-0.6372073624725743
-0.06250995772355337
0.5360641262405441
0.9298799341302838
0.9685132126387815
0.6372073624725826
0.06250995772356413
-0.536064126240535
-0.9298799341302798
-0.96851321263877
-0.6372073624725909
-0.06250995772357489
0.5360641262405259
0.9298799341302968
0.9685132126387728
0.6372073624725992
0.06250995772358565
-0.5360641262405648
-0.9298799341302928
-0.9685132126387754
-0.6372073624726075
-0.06250995772353968
0.27789909409874747
-0.3398074608761855
-0.8277191154271711
-0.999470201022999
-0.7894576405707605
-0.27789909409875785
0.33980746087617536
0.827719115427165
0.9994702010229993
0.7894576405707322
0.2778990940987136
-0.33980746087616526
-0.827719115427159
-0.9994702010229979
-0.7894576405707389
-0.27789909409872393
0.3398074608761551
0.8277191154271529
0.9994702010229982
0.7894576405707454
0.9732375387054834
0.6522918219509628
0.0821927997948013
-0.5193010782524564
-0.92243959480176
-0.9732375387054858
-0.6522918219509709
-0.08219279979481205
0.5193010782524473
0.9224395948017777
0.9732375387054883
0.6522918219509791
0.08219279979482279
-0.5193010782524381
-0.9224395948017735
-0.9732375387054777
-0.6522918219509873
-0.08219279979483354
0.5193010782524774
0.9224395948017914
0.9732375387054802
0.6522918219509954
0.08219279979484428
-0.5792988645348623
-0.9477753327902615
-0.9542338376185049
-0.5962074496917553
-0.010450080328665717
0.5792988645348536
0.947775332790258
0.9542338376185081
0.596207449691764
0.010450080328676498
-0.5792988645348911
-0.9477753327902546
-0.9542338376185113
-0.5962074496917726
-0.010450080328630438
0.5792988645348823
0.9477753327902512
0.9542338376185145
0.5962074496917813
0.010450080328641217
-0.5792988645348736
-0.9477753327902477
-0.9542338376185178
0.7745244842589037
-0.9035028979144972
-0.4790350317202652
0.12840793478921012
-0.6624783482571945
-0.0956574408779375
0.5077013576399042
0.9171354936737269
0.9762550434131146
0.6624783482572026
0.09565744087794822
-0.507701357639895
-0.9171354936737226
-0.976255043413117
-0.6624783482572106
-0.09565744087790237
0.5077013576399346
0.9171354936737184
0.9762550434131193
0.6624783482572187
0.0956574408779131
-0.5077013576399254
-0.9171354936737367
-0.9762550434131216
-0.6624783482572268
-0.09565744087792384
0.5077013576398671
0.9171354936737324
0.976255043413124
0.662478348257235
0.09565744087787799
-0.5077013576398578
-0.9171354936737282
-0.9762550434131263
-0.6624783482572004
-0.09565744087788872
0.5077013576398975
0.9171354936737238
0.9762550434131286
0.6624783482572084
0.09565744087789944
-0.5077013576398882
-0.9171354936737195
-0.976255043413131
-0.662478348257174
-0.09565744087791017
0.5077013576398789
0.9171354936737152
0.976255043413121
0.662478348257182
0.09565744087792091
-0.5077013576398697
-0.9171354936737109
-0.9762550434131233
-0.6624783482571901
-0.09565744087793164
0.5077013576398604
0.9171354936737066
0.36231686770635757
-0.25472766876139213
-0.7744748936373583
-0.998399032577281
-0.8409686754076943
-0.3623168677063676
0.2547276687614367
0.7744748936373875
0.9983990325772804
0.8409686754077002
0.36231686770637767
-0.2547276687614263
-0.7744748936373806
-0.998399032577283
-0.840968675407706
-0.3623168677063877
0.25472766876141584
0.7744748936373739
0.9983990325772824
0.8409686754077118
0.3623168677063448
-0.2547276687614604
-0.774474893637367
-0.9983990325772818
-0.8409686754077177
-0.36231686770635485
0.25472766876145
0.7744748936373602
0.9983990325772811
0.8409686754076927
0.3623168677063649
-0.25472766876143954
-0.7744748936373533
-0.9983990325772806
-0.8409686754076986
-0.34969358389437544
-0.8335829709914785
-0.9990719956128723
-0.7829494751183639
-0.26776686660255355
0.34969358389436533
0.8335829709914098
0.9990719956128727
0.7829494751183707
0.26776686660256394
-0.34969358389446176
-0.8335829709914666
-0.9990719956128732
-0.7829494751183773
-0.26776686660257437
0.34969358389434513
0.8335829709914606
0.9990719956128736
0.7829494751183134
0.2677668666024752
-0.34969358389444155
-0.8335829709914546
-0.9990719956128741
-0.7829494751183907
-0.26776686660259513
0.3496935838943249
0.8335829709914487
0.9990719956128746
0.7829494751183267
0.267766866602496
-0.34969358389442134
-0.8335829709914427
-0.9990719956128751
-0.7829494751184042
-0.2677668666026159
0.34969358389441124
0.2908849787239456
0.7976991516059975
0.9998193613714281
0.8200425577032162
0.32703736921379656
-0.29088497872393526
-0.7976991516059224
-0.9998193613714279
-0.8200425577032874
-0.3270373692138068
0.29088497872403374
0.7976991516059845
0.9998193613714277
0.8200425577032285
0.32703736921381693
-0.29088497872391467
-0.7976991516059094
-0.9998193613714275
-0.8200425577032348
-0.32703736921382714
0.2908849787240131
0.7976991516059715
0.9998193613714274
0.8200425577032409
0.3270373692138373
-0.290884978723894
-0.7976991516059649
-0.9998193613714271
-0.8200425577032471
-0.3270373692137401
0.2908849787239925
0.7976991516059584
0.9998193613714269
0.8200425577032532
0.32703736921385773
-0.29088497872398217
-0.797699151605952
-0.9998193613714288
-0.8200425577031943
-0.3270373692137605
0.29088497872397184
0.7976991516059454
0.9998193613714265
0.8200425577032655
0.3270373692138781
-0.2908849787239615
-0.7976991516060075
-0.9998193613714285
-0.8200425577032067
-0.32703736921378085
0.29088497872395125
0.7976991516059324
0.999819361371426
0.8200425577032779
0.327037369213791
-0.2908849787239409
-0.7976991516059945
-0.999819361371428
-0.820042557703219
-0.3270373692138012
0.2908849787239306
0.7976991516059194
0.9998193613714278
0.8200425577032252
0.3270373692138114
-0.2908849787240291
-0.7976991516059815
-0.9998193613714276
-0.8200425577032313
-0.3270373692138216
0.29088497872390995
0.7976991516059064
0.9998193613714275
0.8200425577031725
0.32703736921383175
-0.2908849787240084
-0.7976991516059685
-0.9998193613714272
-0.8200425577032436
-0.32703736921384197
0.29088497872388935
-0.9938297035414485
-0.8692203361231592
-0.4125983440184566
0.20162219179947388
0.7388299032361579
0.9938297035414473
0.8692203361231083
-0.8152360837665048
-0.31913649830250335
0.29886238246235614
0.8027059910853748
0.9999431940869739
0.8152360837665111
0.3191364983026213
-0.29886238246234587
-0.8027059910853683
-0.9999431940869737
-0.8152360837664515
-0.3191364983025238
0.29886238246233554
0.8027059910853619
0.9999431940869736
0.8152360837665236
0.319136498302534
-0.29886238246232527
-0.8027059910853556
-0.9999431940869747
-0.815236083766464
-0.3191364983025442
0.298862382462315
0.8027059910853491
0.9999431940869734
0.815236083766536
0.3191364983025544
-0.2988623824624132
-0.8027059910853427
-0.9999431940869745
-0.8152360837664765
-0.31913649830256463
0.2988623824622944
0.8027059910853362
0.9999431940869732
-0.722616057831185
-0.9909150017028645
-0.8807180948861848
-0.43411681033004806
0.17830234068446296
0.7226160578311775
0.9909150017028631
0.8807180948862438
0.8271437414310397
0.33884366340974525
-0.278883177161533
-0.7900861229476722
-0.9995030238074556
-0.8271437414310459
-0.33884366340964844
0.2788831771616318
0.7900861229477353
0.9995030238074553
0.8271437414310518
-0.7425745436958144
-0.2070783610036789
0.407514717257159
0.8664510244415774
0.9944324898765045
0.7425745436958217
0.20707836100380067
-0.4075147172570453
-0.8664510244415152
-0.9944324898765056
-0.7425745436958289
-0.2070783610037
0.4075147172571393
0.8664510244415666
0.9944324898765068
0.9999982753997215
0.8101072348232643
0.310782765076536
-0.30725015781174614
-0.8079239634647193
-0.9999982753997215
-0.8101072348233372
-0.3107827650766543
0.30725015781173587
-0.47539480562495007
-0.9017198200952358
-0.9836185116185083
-0.6898083636671227
-0.13251486651886452
0.4753948056249406
0.901719820095182
0.9836185116185308
0.6898083636672129
0.1325148665188752
-0.4753948056250311
-0.9017198200952264
-0.9836185116185122
-0.6898083636671384
-0.1325148665188859
0.4753948056249216
0.9017198200951727
0.9836185116185346
0.6898083636671462
0.13251486651889657
-0.47539480562501213
-0.9017198200952171
-0.9836185116185161
-0.6898083636671539
-0.13251486651890726
0.47539480562490266
0.9017198200951634
0.983618511618518
0.6898083636671617
0.13251486651891795
-0.4753948056249932
-0.9017198200952078
-0.98361851161852
-0.6898083636671696
-0.13251486651892863
0.4753948056249837
0.9017198200951541
0.9836185116185424
0.6898083636670951
0.13251486651893932
-0.4753948056249742
-0.9017198200951985
-0.9836185116185239
-0.6898083636671851
-0.13251486651895
0.4753948056249647
-0.7640826254842156
-0.23896475153206967
0.3774295353922516
0.8496585681546548
0.9973469067146625
0.7640826254841492
0.23896475153208013
-0.3774295353922416
-0.8496585681547091
-0.9973469067146716
-0.7640826254842294
-0.2389647515320906
0.3774295353922316
0.8496585681547034
0.9973469067146641
0.7640826254841631
0.23896475153199068
-0.3774295353922216
-0.8496585681546978
-0.9973469067146732
-0.7640826254842433
-0.23896475153211155
0.3774295353922117
0.8496585681546921
0.997346906714674
0.7640826254841769
0.23896475153201163
-0.3774295353922017
-0.8496585681546863
-0.9973469067146747
-0.7640826254842573
-0.23896475153213248
0.37742953539229696
0.6630459469975627
0.9764189600279274
0.916833117587432
0.5070481862401669
-0.09641191831711218
-0.6630459469976397
-0.9764189600279252
-0.9168331175874364
-0.5070481862400782
0.0964119183169883
0.6630459469975466
0.9764189600279228
0.9168331175874407
0.5070481862400874
-0.09641191831709071
-0.6395951184979053
-0.9692808763887145
-0.9287342841443065
-0.5334427618740752
0.34043678273847916
0.8280944578829534
0.999448196011582
0.7890466932585826
0.2772561723915402
-0.34043678273846906
-0.8280944578829473
-0.9994481960115785
-0.7890466932585193
-0.27725617239144135
0.3404367827384589
0.7668167540185913
0.9976472018477481
0.8474103273523212
0.37349151022600713
-0.24308836929721214
-0.7668167540185844
-0.9976472018477474
-0.8474103273522666
-0.37349151022591165
0.24308836929720168
0.7668167540185775
0.9976472018477466
0.8474103273523327
0.3734915102260271
-0.24308836929719121
-0.7668167540185705
-0.9976472018477537
-0.9989287145421613
-0.7809502411356288
-0.2646753191376256
0.3526965787876463
0.8353503713318529
0.9989287145421618
0.7809502411356355
0.264675319137636
-0.3526965787876363
-0.8353503713319095
-0.998928714542157
-0.7809502411355712
-0.26467531913764636
0.35269657878762617
0.835350371331841
0.9989287145421628
0.780950241135649
0.26467531913765674
-0.35269657878761607
-0.8353503713318976
-0.9655369331802808
-0.6281552261013115
-0.050839572862534675
0.5458950692362021
0.9341163491777433
0.9655369331802837
0.6281552261013199
0.0508395728624319
-0.5458950692362884
-0.9341163491777396
-0.9655369331802864
-0.6281552261013282
-0.050839572862442665
0.545895069236184
0.9341163491777763
0.9655369331802597
0.6281552261013367
0.050839572862453435
-0.5458950692362703
-0.9341163491777318
-0.965536933180292
-0.6281552261012566
-0.0508395728624642
0.5458950692362613
0.9341163491777685
0.9655369331802652
0.628155226101265
0.050839572862474966
-0.5458950692362522
-0.9341163491777241
-0.9655369331802977
-0.6281552261011849
-0.050839572862485735
0.5458950692362432
0.9341163491777609
0.9655369331802709
0.6281552261012817
0.0508395728624965
-0.5458950692362341
-0.934116349177757
-0.9655369331802737
-0.6281552261012017
0.9613137358892073
0.9396280098260194
0.5590363207906454
-0.03508824184101037
-0.6158102886948773
-0.9613137358892043
-0.939628009826023
-0.5590363207907486
0.035088241840885985
0.6158102886949585
0.9613137358892326
0.9396280098260267
0.559036320790569
-0.035088241841102444
-0.6158102886949499
0.9303257927009216
0.9682102875858618
0.6362713608703415
0.061298400370519264
-0.5370884656150322
-0.9303257927009594
-0.968210287585836
-0.6362713608702621
-0.06129840037041655
0.5370884656149272
0.9303257927009136
0.9682102875858672
0.6362713608703582
0.06129840037054078
-0.5370884656148223
-0.930325792700868
-0.9682102875858983
-0.6362713608704542
-0.061298400370665015
0.5370884656147172
0.9303257927009058
0.9548649978883644
0.9470978153877989
0.5775714580797094
-0.01256756528267669
-0.5979062058632817
-0.954864997888395
-0.9470978153877658
-0.577571458079811
0.012567565282779589
0.597906205863182
0.954864997888358
0.9470978153878058
-0.7728051778577224
-0.2521785320348479
0.36477174179227695
0.11467003298812536
-0.4911380012385232
-0.9093480121587582
-0.9802179900365268
-0.6766780121044766
0.5791859725194889
-0.010588564080539719
-0.5963186290940412
-0.954275245918151
-0.9477311534242193
-0.579185972519405
0.01058856408064262
0.5963186290939413
0.9542752459181137
0.9477311534242591
0.5791859725195064
-0.010588564080518158
-0.5963186290938414
-0.9542752459180766
-0.9477311534242988
-0.5791859725194225
-0.8903915490629856
-0.9878990618735375
-0.7080627105025624
-0.15777046988600632
0.4527847278061605
0.8903915490630323
0.9878990618735215
0.4981754053307972
-0.10662227757754164
-0.6706938744091885
-0.9785832072628983
-0.9126870157620925
-0.49817540533090515
0.10662227757764396
-0.9796713374091903
-0.6746556030142106
-0.11194435896837812
0.49352582535455236
0.910485918717903
0.9796713374092153
0.6746556030143025
0.11194435896827587
-0.4935258253544441
-0.9104859187179455
-0.9796713374091947
-0.6746556030142264
-0.1119443589681736
0.4935258253547314
0.910485918717988
0.979671337409174
0.6746556030141505
0.1119443589682973
-0.49352582535462314
-0.9104859187179366
-0.979671337409199
-0.6746556030142424
-0.11194435896842098
0.4935258253545149
0.9104859187178851
0.979671337409224
0.6746556030143342
0.11194435896831872
-0.4935258253546044
-0.9104859187180216
-0.9796713374092033
-0.6746556030142583
-0.11194435896821646
0.49352582535469386
0.9104859187179702
0.9796713374091827
0.6746556030141824
0.11194435896834014
-0.4935258253545856
-0.9104859187179187
-0.9796713374092076
-0.6746556030142742
-0.11194435896846383
0.49352582535447737
0.9104859187179613
0.979671337409187
0.6746556030141982
0.11194435896836157
-0.49352582535456685
-0.9104859187180039
-0.9796713374091663
-0.6746556030141223
-0.11194435896825931
0.4935258253546564
0.9104859187179524
0.9796713374091913
0.6746556030142142
0.11194435896838299
-0.49352582535454814
-0.910485918717901
-0.9796713374092163
-0.6746556030141382
-0.11194435896828074
0.4935258253546376
0.9104859187179435
0.9796713374091957
0.6746556030140622
-0.6855638770874856
-0.9825478262788017
-0.9042319014039715
-0.4805301239047944
0.1267178283080273
0.6855638770875604
0.9825478262788208
0.9042319014039275
0.4805301239047041
-0.12671782830790385
-0.6855638770874698
-0.9825478262787977
-0.9042319014039807
-0.48053012390481326
0.12671782830778036
-0.6993014584529309
-0.14558206531892343
0.4637447286145012
0.8959367983207959
0.9859114628403325
0.6993014584530198
0.14558206531882162
-0.46374472861459237
-0.8959367983208416
-0.9859114628403153
-0.6993014584529463
-0.14558206531871978
0.4637447286146836
0.8959367983208874
0.9859114628402981
0.6993014584528727
0.14558206531884293
-0.4637447286145733
-0.8959367983208321
-0.9859114628403188
-0.6993014584529617
-0.1455820653189661
0.46374472861446303
0.8959367983208777
