-0.832040245390572
-0.9991881530704386
-0.7846801474336303
-0.27045099577445386
0.3470812439793098
0.8320402453905719
0.9991881530704386
0.7846801474336303
0.270450995774454
-0.3470812439793096
-0.8320402453905719
-0.9991881530704385
-0.7846801474336293
-0.2704509957744541
0.3470812439793095
0.8320402453905718
-0.9440714250871755
-0.5699529145459318
0.021868237364788684
0.6053364658762133
0.9575867390526653
0.9440714250871755
0.5699529145459349
-0.02186823736478501
-0.6053364658762131
-0.9575867390526652
-0.9440714250871756
-0.569952914545935
0.021868237364788438
0.605336465876213
0.39277009323673634
-0.22279120745778777
-0.7532538392980604
-0.9959991066828283
-0.858306568079289
-0.3927700932367332
0.2227912074577842
0.753253839298058
0.9959991066828286
0.8583065680792872
0.39277009323673656
-0.22279120745778755
-0.7532538392980602
-0.995999106682829
-0.8583065680792854
-0.39277009323673995
0.22279120745778394
0.7532538392980624
0.9959991066828293
0.8583065680792873
0.39277009323673023
-0.2227912074577873
-0.7532538392980648
-0.5541913984113692
0.040915876602929405
0.6203946774344055
0.9629037979254597
0.9376163955053558
0.5541913984113664
-0.04091587660291863
-0.620394677434397
-0.9629037979254605
-0.9376163955053547
-0.5541913984113636
0.040915876602922056
0.6203946774343997
0.9629037979254577
0.9376163955053584
-0.4627666054935154
0.14667391448931227
0.7000899844002303
0.9860954754536412
0.8954460110362447
0.46276660549351234
-0.14667391448931566
-0.7000899844002327
-0.7544228409583932
-0.9693115666149562
-0.9286880041732457
-0.5333371890816557
0.06573030477478542
0.6396910562981489
0.969311566614957
0.9286880041732497
0.5333371890816649
-0.06573030477478883
-0.6396910562981625
-0.9693115666149579
-0.9286880041732432
-0.5333371890816619
0.06573030477477808
0.6396910562981651
0.9693115666149552
0.9286880041732472
0.5333371890816591
-0.06573030477479569
-0.6396910562981677
-0.9693115666149561
-0.9286880041732459
-0.5333371890816562
0.0657303047747991
0.6396910562981595
0.9693115666149569
0.9286880041732446
0.5333371890816533
-0.06573030477480253
-0.8980947916384656
-0.4680648555326721
0.14074994644729485
0.695803052799122
0.9850830424576195
0.8980947916384704
-0.234270357653153
-0.7609567631929177
-0.9969835491620896
-0.8521965055758409
-0.38189936195350677
0.23427035765314252
0.7609567631929292
0.9969835491620888
0.8521965055758317
0.38189936195351676
-0.23427035765315965
-0.7609567631929222
-0.9969835491620902
-0.8521965055758374
-0.3818993619535267
0.3032862415262686
-0.749879916893981
-0.21780217699173393
0.3974685916976361
0.8609198678190618
0.9955290160236691
0.7498799168939881
0.2178021769917167
-0.3974685916976262
-0.8609198678190708
-0.99552901602367
-0.9863504900948863
-0.894758662805217
-0.46139943805233685
0.1481986896463955
0.7011899549884467
0.9863504900948845
0.8947586628052091
0.4613994380523464
-0.14819868964641292
-0.7011899549884391
-0.9863504900948827
-0.8947586628052012
-0.46139943805235595
0.14819868964643038
0.7011899549884313
0.9833853818672469
0.6888747484286345
0.13123737508181402
-0.4765282149519414
-0.9022762234723691
-0.9833853818672489
-0.6888747484286423
-0.1312373750818247
0.4765282149519319
0.9022762234723645
0.9833853818672457
0.6888747484286502
0.1312373750818354
-0.47652821495194747
-0.9022762234723598
-0.9833853818672477
-0.6888747484286373
-0.1312373750818179
0.476528214951938
0.9022762234723551
0.9833853818672444
0.6888747484286452
0.1312373750818286
-0.4765282149519285
-0.9022762234723505
-0.9833853818672464
-0.6888747484286529
-0.1312373750818111
0.476528214951919
0.9022762234723581
0.9833853818672483
0.6888747484286608
0.1312373750818218
-0.47652821495193454
-0.9022762234723657
-0.9833853818672503
-0.6888747484286479
0.9757348463188337
0.6606872606137985
0.0932795972883837
-0.5097577017443128
-0.9180848847377112
-0.975734846318836
-0.6606872606138066
-0.09327959728839444
0.509757701744328
0.918084884737707
0.9757348463188321
0.6606872606138147
0.09327959728840517
-0.5097577017443187
-0.9180848847377027
-0.9757348463188346
-0.6606872606138013
-0.09327959728838761
0.5097577017443095
0.9180848847377097
0.9757348463188307
0.6606872606138094
0.09327959728839834
-0.5097577017443246
-0.9180848847377054
-0.975734846318833
-0.6606872606138176
-0.09327959728838077
0.5097577017442909
0.9180848847376899
0.9757348463188353
0.6606872606138043
0.09327959728839151
-0.5097577017442816
-0.9180848847377081
-0.9757348463188253
-0.6606872606138124
-0.09327959728840224
0.5097577017443212
0.9180848847377039
0.9757348463188277
0.6606872606138205
0.09327959728841298
-0.509757701744312
-0.9180848847376996
-0.97573484631883
-0.6606872606138287
-0.09327959728842371
0.5097577017443027
0.9180848847377179
0.9757348463188323
0.6606872606138366
0.09327959728837784
-0.5097577017443423
-0.9180848847377135
-0.9757348463188348
-0.6606872606138021
-0.09327959728838858
0.509757701744333
0.9180848847377093
0.9757348463188371
0.6606872606138102
0.09327959728839931
-0.5097577017443238
-0.918084884737705
-0.9757348463188394
-0.6606872606138183
-0.09327959728835346
0.5097577017443145
0.9180848847377008
0.9757348463188293
0.6606872606137837
0.23498850168898056
-0.3812164866187266
-0.8518097341099108
-0.997040615119136
-0.7614358693169231
-0.23498850168899105
0.3812164866187166
0.851809734109935
0.9970406151191368
0.7614358693169301
0.2349885016890015
-0.38121648661875923
-0.8518097341099293
-0.9970406151191377
-0.7614358693169371
-0.234988501689012
0.38121648661874924
0.8518097341099534
0.9970406151191384
0.7614358693169441
0.23498850168902247
-0.3812164866187918
-0.8518097341099478
0.9858696177156622
-0.4761457983842185
0.13166852958983438
0.6891899545092456
0.9834642415111391
0.9020886149759414
0.476145798384228
-0.1316685295898237
-0.6891899545092378
-0.9834642415111371
-0.9020886149759461
-0.47614579838423743
0.131668529589813
0.68918995450923
0.9834642415111352
0.9020886149759507
0.47614579838419696
-0.1316685295898023
-0.6891899545092222
-0.9834642415111332
-0.9020886149759063
-0.4761457983842064
0.1316685295897916
0.6891899545092144
0.9834642415111415
0.902088614975911
0.4761457983842159
-0.13166852958978092
-0.6891899545092477
-0.9834642415111396
-0.9020886149759156
-0.4761457983842254
0.13166852958977024
0.6891899545092399
0.983464241511148
0.9020886149759203
0.4761457983842349
-0.13166852958975955
-0.6891899545092733
-0.983464241511146
-0.902088614975925
-0.47614579838424437
0.3911559158337322
0.857404908419996
0.9961543681107848
0.7544067172249576
0.22450134170044922
-0.39115591583372233
-0.8574049084199904
-0.9961543681107858
-0.7544067172249646
-0.2245013417004597
0.3911559158337647
0.8574049084199848
0.9961543681107867
0.7544067172249717
0.22450134170041483
-0.39115591583375475
-0.8574049084199793
-0.9961543681107877
-0.7544067172249788
-0.22450134170042535
0.39115591583374487
0.8574049084199737
0.9961543681107836
0.7544067172249858
0.22450134170043584
-0.39115591583373494
-0.8574049084199682
-0.9961543681107846
-0.7544067172249556
-0.22450134170039096
0.391155915833725
0.8574049084199626
0.9961543681107855
0.7544067172249627
0.22450134170040145
-0.3911559158337151
-0.8574049084199863
-0.9961543681107815
-0.7544067172249698
-0.22450134170041197
0.3911559158337052
0.8574049084199808
0.9961543681107825
0.7544067172249395
0.22450134170042246
-0.9433902658680627
-0.9581781910116416
-0.6069746144676
-0.023927365505406053
0.5682593238187025
0.9433902658680592
0.9581781910116284
0.606974614467699
0.02392736550541683
-0.5682593238186936
-0.9433902658680556
-0.9581781910116315
-0.6069746144676623
-0.02392736550537078
0.5682593238186847
0.9433902658680521
0.9581781910116508
0.6069746144676709
0.2957233512346339
-0.3222505321778392
-0.8171356651910746
-0.9999027475210978
-0.8007409657424954
-0.2957233512345899
0.32225053217782906
0.8171356651910684
0.9999027475210979
0.8007409657424679
0.2957233512346002
-0.32225053217781885
-0.8171356651910622
-0.999902747521098
-0.8007409657424743
-0.2957233512346105
0.32225053217780864
0.817135665191056
0.9999027475210982
0.8007409657424467
0.2957233512346208
-0.3222505321777984
-0.8171356651910497
-0.9999027475210983
-0.8007409657424531
-0.2957233512346311
0.3222505321777882
0.8171356651910435
0.9999027475210969
-0.18039650874853952
-0.7240858716543758
-0.9911990423618556
0.45795660278820144
-0.1520314556181494
-0.7039486653373916
-0.986981411232896
-0.8930208043018001
-0.45795660278821104
0.15203145561802636
0.7039486653373033
0.9880993864514878
0.7089779596235235
0.15905104949394466
-0.45162795559597463
-0.889800431917925
-0.9880993864514894
-0.7089779596234509
-0.15905104949384308
0.45162795559606644
0.88980043191792
0.9880993864514911
0.7089779596235387
0.1590510494938537
-0.4516279555959554
-0.8898004319179151
-0.9880993864514752
-0.7089779596234661
-0.15905104949386434
0.45162795559604724
0.8898004319179103
0.9880993864514944
0.7089779596235539
0.159051049493875
-0.4516279555960376
-0.8898004319179054
-0.9880993864514785
-0.7089779596234813
-0.15905104949388563
0.451627955596028
0.8898004319179004
0.9880993864514976
0.708977959623489
0.15905104949389628
-0.45162795559601837
-0.8898004319179473
-0.9880993864514819
-0.7089779596234965
-0.15905104949390692
0.45162795559600877
0.8898004319178906
0.9880993864514835
0.7089779596235042
0.15905104949380533
-0.4516279555961005
-0.8898004319179376
-0.9880993864514852
-0.7089779596235117
-0.1590510494939282
0.4516279555959895
0.9135874995669808
-0.9404895790842237
-0.5611293812072429
0.032563168204691746
0.6138176941438149
0.9606147238161378
0.9404895790842274
0.5611293812071577
-0.0325631682047946
-0.6138176941438962
-0.9606147238161348
-0.2982259324003023
-0.802308112976868
-0.9999358638460855
-0.8156221012961126
-0.3197684180265518
0.2982259324004006
0.8023081129769295
0.9999358638460853
0.8156221012960531
0.31976841802656203
-0.2982259324002818
-0.8023081129768551
-0.9999358638460852
-0.8156221012960593
-0.31976841802657224
0.29822593240038
0.8023081129769166
0.9999358638460851
0.8156221012960656
0.31976841802658246
-0.2982259324002612
-0.8023081129769102
-0.999935863846085
-0.815622101296006
-0.319768418026485
0.2982259324003594
0.2731005624563484
-0.34449788768441225
-0.8305098537822813
-0.9992952837270487
-0.7863838800855121
-0.2731005624563588
0.34449788768450884
0.8305098537822753
0.9992952837270448
0.7863838800855187
0.27310056245636916
-0.344497887684392
-0.8305098537822693
0.23672663773855357
-0.3795623453248574
-0.8508714133238087
-0.99717652148875
-0.7625940912283344
-0.23672663773856403
0.3795623453248474
0.8508714133238627
0.7887431174645746
0.2767815070391788
-0.34090123161768704
-0.8283712866033066
-0.9994316654109678
-0.7887431174645813
-0.8621377090105256
-0.3996685366726396
0.2154604324402492
0.748290839591795
0.9952995794893814
0.862137709010531
0.39966853667254526
-0.2154604324403497
-0.7482908395917878
-0.9952995794893804
-0.8621377090105364
-0.39966853667265934
0.9907477940693865
0.7217599914502769
0.1770844038169042
-0.4352314071969304
-0.8813036136329959
-0.990747794069388
-0.7217599914502844
-0.17708440381702673
0.43523140719681835
0.8813036136329908
0.9907477940693895
0.7217599914502918
0.17708440381692545
0.013992784658744852
-0.5764073052929573
0.9983732346735547
-0.06876680734889319
-0.642027340027641
-0.9700552505225345
-0.9275550262830999
-0.5307603084393229
0.06876680734888244
0.6420273400277198
0.9700552505225595
0.9275550262831039
0.530760308439332
-0.06876680734887168
-0.6420273400276244
0.9998570427816336
0.8188398478791955
0.32505366242972217
-0.2928919739002608
-0.7989628312323999
-0.9998570427816335
-0.8188398478792017
0.6913057434935379
0.9839895958677236
0.9008228671967408
0.47357242109976205
-0.1345665937228467
-0.6913057434935301
-0.9839895958677419
-0.9008228671966961
-0.47357242109967146
0.13456659372283603
0.6913057434935224
0.9839895958677198
0.9008228671967008
0.47357242109978104
-0.13456659372282534
0.671675645748892
0.10793904342387058
-0.4970266047760141
-0.9121449832643238
-0.9788549808133925
-0.6716756457489
-0.10793904342388129
0.49702660477590616
0.9121449832642727
0.9788549808134179
0.671675645748908
0.10793904342377898
-0.4970266047758968
-0.9121449832643149
-0.9788549808133968
-0.671675645748916
-0.10793904342390272
0.49702660477588745
0.912144983264264
0.9788549808133991
0.671675645748924
0.10793904342391344
-0.4970266047759767
-0.9121449832643062
-0.9788549808134013
-0.671675645748932
-0.10793904342392416
0.49702660477586874
0.9121449832643017
0.9788549808134035
0.6716756457488557
0.10793904342382185
-0.497026604775958
-0.9121449832642973
-0.9788549808134057
-0.671675645748948
-0.1079390434239456
0.4970266047759487
0.9121449832642928
0.9788549808134079
0.6716756457488717
0.10793904342384329
-0.4970266047759393
-0.9121449832642885
-0.97885498081341
-0.671675645748964
-0.10793904342396703
0.4970266047758313
0.9121449832642841
0.9788549808134123
0.6716756457488877
0.9651816892434372
0.93460149188529
0.5470352905633483
-0.04947979870810165
-0.62709528662965
-0.9651816892434343
-0.9346014918852937
-0.5470352905632622
0.04947979870820443
0.6270952866296415
0.9651816892434315
0.9346014918852976
0.5470352905632713
-0.049479798708080114
-0.6270952866297217
-0.9651816892434584
-0.9346014918853014
-0.5470352905632803
0.04947979870818289
0.6270952866296248
0.9651816892434258
0.9346014918853053
0.5470352905632893
-0.049479798708172124
-0.6270952866297049
-0.9651816892434527
-0.9346014918852686
-0.5470352905632984
0.04947979870816136
0.627095286629608
0.9651816892434202
0.9346014918853129
0.5470352905633074
-0.04947979870815059
-0.6270952866296882
-0.49843990760628026
0.10631893418419086
0.6704675567640516
0.9785203610140507
0.9128116460405286
0.4984399076062896
-0.10631893418418013
-0.6704675567640436
-0.9785203610140251
-0.9128116460405794
-0.4984399076062004
0.10631893418416942
0.6704675567640356
0.9785203610140463
0.9128116460405373
0.4984399076063083
-0.10631893418415869
-0.6704675567640276
-0.978520361014044
-0.9128116460405418
-0.4984399076062191
0.10631893418426103
0.6704675567640196
0.9785203610140418
0.9128116460405462
0.498439907606327
-0.10631893418413726
-0.6704675567639272
-0.9785203610140396
-0.9128116460405505
-0.4984399076062378
0.8120957261592417
0.3140123044777548
-0.3040131446285445
-0.8059159055134862
-0.9999861825664498
-0.8120957261592481
-0.314012304477765
0.30401314462864254
0.8059159055135471
0.9999861825664491
0.8120957261592543
0.3140123044777753
-0.30401314462863227
-0.8059159055135408
-0.9999861825664497
-0.8120957261591942
-0.3140123044776776
0.304013144628622
0.8059159055135344
0.999986182566449
0.812095726159267
0.31401230447779577
-0.30401314462861173
-0.805915905513528
-0.9999861825664489
-0.8120957261592069
-0.314012304477698
0.30401314462860146
0.8059159055135217
0.9999861825664489
0.8120957261592795
0.3140123044778162
-0.3040131446286995
-0.8059159055135152
-0.9999861825664488
-0.8120957261592194
-0.3140123044777185
0.3040131446285809
0.8059159055135089
0.9999861825664488
0.8120957261592258
0.3140123044778367
-0.30401314462867896
-0.8059159055135697
-0.9999861825664487
-0.812095726159232
-0.314012304477739
0.3040131446285604
0.8059159055134961
0.9999861825664487
0.8120957261592383
0.3140123044777492
-0.3040131446286584
-0.5134226066744639
-0.9197672419782793
-0.9747920525851428
-0.5266572430963367
-0.9257378133047685
-0.9712180035018104
-0.6457259268470036
-0.07358849355368856
0.5266572430963274
0.3573943396061986
-0.2598260450891974
-0.7778017117229903
-0.9986835609864712
-0.8381022339588657
-0.3573943396062087
0.259826045089187
0.777801711723055
0.9986835609864765
0.8381022339588716
0.35739433960621875
-0.25982604508917656
-0.7778017117229767
-0.99868356098647
-0.8381022339589396
-0.3573943396062288
0.2598260450891661
0.7778017117230414
0.9986835609864754
0.8381022339588834
0.3573943396062389
-0.25982604508915574
-0.7778017117230346
-0.6228686532298449
-0.04407138854012321
0.5515596486406165
0.9365136468634929
0.9637512629126588
0.6228686532298533
0.7543244256059674
0.9961433770087496
0.8574694160623191
0.39127128249363285
-0.22437918216584796
-0.7543244256058856
-0.9961433770087386
-0.8574694160623831
-0.3912712824937474
0.22437918216594824
0.7543244256059533
0.9961433770087477
0.8574694160623302
0.3912712824936527
-0.22437918216582695
-0.7543244256058715
-0.9961433770087367
-0.8574694160623942
-0.39127128249355797
0.96864835723704
0.6376260674627423
0.06305229203062908
-0.5356053158885985
-0.9296798976935212
-0.968648357237071
0.9466753724071961
0.9552543957340549
0.5989587077932753
0.013881151333198493
-0.5764985331331788
-0.946675372407156
-0.9552543957340245
0.9756407217641628
0.9182550345893288
0.5101271345421083
-0.09285199231659204
-0.6603648140336718
-0.9756407217641854
-0.918255034589288
-0.5101271345420199
0.0928519923166945
0.347464315754962
0.8322667742651474
0.9991716127132978
0.7844268556989182
0.270057701495784
-0.3474643157550585
-0.8322667742652043
-0.9991716127133029
-0.7844268556989954
-0.27005770149590386
0.3511995507847986
0.834470108845343
0.999001447922805
0.7819481887040174
0.2662172988417346
-0.35119955078489495
-0.8344701088453997
-0.9990014479228105
-0.781948188704095
-0.26621729884185463
-0.8331593400309865
-0.348975415688936
0.2685052562081545
0.7185204869914149
0.17248723606460267
-0.439430276413356
-0.8835003589871868
-0.9901033335006718
-0.7185204869915015
-0.1724872360647253
0.4394302764134485
0.8835003589872351
0.9901033335006892
0.7185204869914299
0.17248723606462393
-0.43943027641354093
-0.8835003589872833
-0.990103333500643
-0.7185204869913583
-0.17248723606452257
0.43943027641342913
0.883500358987225
0.9901033335006604
0.7185204869914449
0.8518753963117042
0.9970309701962953
0.7613546013020668
0.23486665220161354
-0.38133237521594887
-0.851875396311758
-0.9970309701962874
-0.7613546013021475
-0.23486665220173453
0.38133237521583385
0.8518753963116928
0.9970309701962969
0.7613546013022282
0.2348666522018555
-0.3813323752157188
-0.8518753963116277
-0.9970309701962891
0.12239608004281918
0.6823864004709209
0.9817283093798481
0.9060833718236742
0.4843453828719921
-0.12239608004269564
-0.6823864004709961
-0.9817283093798677
-0.9060833718236306
-0.4843453828719021
0.12239608004279778
0.6823864004710714
0.9817283093798872
0.9060833718235871
-0.519996144914959
0.08138199195083252
0.6516749739635788
0.9730502655399598
0.9227534284422152
0.5199961449150653
-0.08138199195070847
-0.6516749739634844
0.7646619773361077
0.9974119130492727
-0.5811162595933979
0.008218789473956259
0.5944145403086392
0.9535641401525837
0.9484846489113375
0.5811162595934991
0.2670299644169038
-0.350409948187627
-0.8340051705805842
-0.9990387646049365
-0.7824735066287961
-0.26702996441680465
0.35040994818772336
0.07223193866350666
0.6446867419473382
0.9708931219037381
0.9262513287364333
0.5278130101163974
-0.0722319386636093
-0.6446867419472431
-0.9708931219037628
-0.9262513287363946
-0.5278130101163099
0.07223193866371194
0.6446867419474956
0.9708931219037874
0.9262513287363559
0.5278130101164156
-0.07223193866358779
-0.6446867419474005
-0.9708931219037575
-0.9262513287364027
-0.5278130101165214
0.07223193866346365
0.6446867419473054
0.9708931219037278
0.9262513287364497
0.5278130101164339
-0.0722319386635663
-0.6446867419475578
-0.9708931219037524
-0.9262513287363252
-0.5278130101163465
0.07223193866366893
0.6446867419474627
0.9708931219037771
0.9262513287363721
-0.9358624556305257
-0.9642438907917715
-0.6243169331150307
-0.04592212674046103
0.5500133712132829
0.9358624556304819
0.9642438907917442
0.6243169331149502
0.045922126740358234
-0.5500133712133688
-0.9358624556305181
-0.964243890791717
-0.6243169331148698
-0.04592212674025544
