-0.9238267197650629
-0.972402122719945
-0.6495529655283545
-0.07859665299822137
0.522380909575251
0.9238267197650631
0.972402122719945
0.6495529655283538
0.0785966529982206
-0.5223809095752509
-0.9238267197650635
-0.9724021227199446
-0.6495529655283546
-0.07859665299821984
0.5223809095752523
0.9238267197650635
0.9724021227199446
0.6495529655283534
0.07859665299821997
-0.5223809095752522
-0.923826719765064
-0.9724021227199443
-0.6495529655283522
-0.07859665299822186
-0.9919773307649394
-0.8768319097805851
-0.4267665016805255
0.18630920480160057
0.728221127466481
0.9919773307649393
0.8768319097805835
0.42676650168052876
-0.18630920480159696
-0.7282211274664834
-0.9919773307649398
-0.8768319097805852
-0.4267665016805257
0.18630920480160032
0.7282211274664858
0.9919773307649393
0.876831909780587
0.426766501680529
-0.1863092048015967
-0.7282211274664833
-0.9919773307649398
-0.8768319097805853
-0.42676650168052593
0.18630920480160706
0.7282211274664856
0.8183692381884217
0.3242786813996816
-0.29367530985674395
-0.7994553144045491
-0.9998705613365466
-0.8183692381884238
-0.32427868139967836
0.2936753098567472
0.5948638839506305
0.008777659528833238
-0.580661332491304
-0.9483074314525598
-0.9537323233830565
-0.5948638839506392
-0.008777659528844017
0.5806613324912953
0.9483074314525609
0.9537323233830555
0.44847442275100474
0.8881833404469527
0.9886364103335824
0.7114639739884738
0.37622239027190507
-0.24023000466390396
-0.7649227029356597
-0.9974409274524291
-0.8489706194525846
-0.3762223902719019
0.24023000466392108
0.764922702935671
0.9974409274524294
0.8489706194525903
0.3762223902719119
-0.24023000466391062
-0.764922702935664
0.44838872611788505
0.8881392818514835
0.9886508186617342
-0.4042546540366257
-0.3423040648830509
-0.8292065002277583
-0.9993802361778193
-0.7878246895928466
-0.27534688875973873
0.3423040648830541
0.8292065002277681
0.9993802361778187
0.9577656213445738
0.6058310026624633
0.02248953240171331
-0.5694421748453992
-0.9438663259292273
-0.9577656213445728
-0.6058310026624493
-0.022489532401695676
0.5694421748453903
0.943866325929233
0.9577656213445759
0.9970740252588539
0.7617183170336661
0.23541210155495282
-0.3808135353546667
-0.8515813451348543
-0.9970740252588547
-0.7617183170336547
-0.2354121015549633
0.38081353535468304
0.8515813451348486
0.9970740252588556
0.7617183170336432
0.23541210155497377
-0.38081353535467305
-0.851581345134843
-0.9970740252588542
-0.7617183170336502
-0.23541210155498427
0.38081353535468937
0.8515813451348373
0.9970740252588528
0.7617183170336572
0.2354121015549671
-0.3808135353546794
-0.8515813451348465
-0.9970740252588537
-0.7617183170336642
-0.23541210155494996
0.38081353535466944
0.8515813451348557
0.9970740252588545
0.7617183170336528
0.23541210155496045
-0.38081353535465945
-0.8515813451348502
-0.9970740252588554
0.9351980523845953
0.548441592656511
-0.047800914622209624
-0.6257850972086237
-0.9647406423144621
-0.9351980523845991
-0.54844159265652
0.047800914622198855
0.6257850972086153
0.9647406423144592
0.9351980523845929
0.548441592656529
-0.04780091462224487
-0.6257850972086069
-0.9647406423144639
-0.9351980523845966
-0.5484415926565143
0.0478009146222341
0.9999992640306161
0.8083032775501177
0.3078629122634378
-0.31017062163236647
-0.8097295203762889
0.1346525575547926
-0.4734960108376148
-0.9007851966275277
-0.9840050538685033
-0.9894921747336284
-0.8855017572107687
-0.44327976553114906
0.1682600300562593
0.7155302131102802
0.9894921747336268
0.8855017572107869
0.4432797655311587
-0.16826003005627668
-0.7155302131102925
-0.9894921747336253
-0.8855017572107787
-0.4432797655311684
0.16826003005623805
0.912205930943216
0.978824547383738
-0.9881971765058258
-0.49752340993008
0.6094374063418793
-0.7964776482596585
-0.28894903686903245
0.32894828558901873
0.8211985434930544
0.999778869294675
0.796477648259665
0.2889490368690155
-0.32894828558900857
-0.8211985434930645
-0.9997788692946752
-0.7964776482596716
0.17205622013822872
-0.43982328217773853
-0.8837052397453437
-0.9900418317665983
-0.7182160943372335
-0.17205622013823935
0.4398232821777288
0.8837052397453253
0.9900418317666079
0.718216094337241
0.17205622013822197
-0.43982328217771915
-0.8837052397453203
-0.9900418317666014
-0.718216094337209
-0.17205622013823257
0.4398232821777095
0.8837052397453419
0.9900418317666029
0.7182160943372164
0.1720562201382432
-0.8161536114270234
-0.3206392527819495
0.2973484022984504
0.8017590742013623
0.9999250305479725
0.8161536114270296
0.3206392527819597
-0.2973484022984944
-0.8017590742013898
-0.9999250305479724
-0.8161536114270358
-0.3206392527819161
0.2973484022984841
0.8017590742013834
0.9999250305479723
0.816153611427042
0.3206392527819263
-0.2973484022984738
-0.8017590742013769
-0.9999250305479722
0.9914843282761685
0.7255827135199615
0.1825331638485358
-0.4302378503389717
-0.8786726289436951
-0.9914843282761625
-0.725582713519969
-0.1825331638485464
0.43023785033896195
0.8786726289437442
0.9914843282761638
0.7255827135199764
0.182533163848557
0.9710104288399742
0.9260664354178127
0.5273965395065198
-0.07272090894717166
-0.6450614418758753
-0.9710104288399716
-0.9260664354178167
-0.5273965395065289
0.0727209089471609
0.6450614418758671
0.971010428839969
-0.8144887687223635
-0.9999561047546028
-0.8034741960285633
-0.30009245350302355
0.31791440649324737
0.8144887687223573
0.9999561047546028
0.8034741960285359
0.3000924535030338
-0.31791440649323716
-0.8144887687223511
-0.9999561047546025
-0.8034741960285423
-0.3000924535030441
0.3179144064932269
0.8144887687223448
0.9999561047546025
0.8034741960285149
0.30009245350305436
-0.3179144064932167
-0.8144887687223386
-0.9999561047546022
-0.8034741960285213
-0.08126006330517603
-0.6515821790882108
-0.9730220489233021
-0.9228005678727186
-0.5201006347324747
0.08126006330516529
0.6515821790882457
0.9730220489232997
0.9228005678727227
0.5201006347324839
-0.08126006330515455
-0.6515821790881944
-0.9730220489232971
-0.9228005678727269
-0.520100634732493
0.0812600633051438
0.6515821790882294
0.07358166178447753
0.6457206961221278
0.9381587484375847
0.5554919563258212
-0.039353882625198046
-0.6191678760026667
-0.9624807854892151
-0.9381587484375687
-0.5554919563258301
0.03935388262518728
0.6191678760026582
0.9624807854892277
0.9381587484375725
0.555491956325839
-0.03935388262517651
-0.6191678760026498
-0.9624807854892247
-0.7881100385310589
-0.9993964426850401
-0.8289473739690347
-0.3418685832819036
0.275792386533217
0.7881100385310522
0.9993964426850398
0.8289473739690408
0.3418685832818603
-0.2757923865332067
-0.7881100385310457
-0.9993964426850394
-0.8289473739690468
-0.3418685832818705
0.2757923865331963
0.788110038531074
0.999396442685041
0.8289473739690528
0.3418685832818806
-0.27579238653318594
-0.7881100385310673
0.8795297242463962
0.4318604381316484
-0.8931742923240148
-0.4582598838828086
0.15169422452109313
0.703706295054949
0.9869264789751061
0.8931742923240197
0.4582598838828182
-0.15169422452113868
-0.7037062950549413
-0.9869264789751043
-0.8931742923240245
-0.4582598838827772
0.15169422452112802
0.7037062950549741
0.9869264789751026
0.25491497347586173
-0.3621363227196506
-0.8408638521971128
-0.9984099700464704
-0.77459741404487
-0.2549149734758721
0.3621363227196406
0.8408638521971069
0.9984099700464678
0.774597414044805
0.2549149734758276
-0.36213632271963053
-0.21874323861313735
0.39658353786998407
0.8604288822655222
0.9956196385376386
0.7505175327552822
0.21874323861314787
-0.39658353787002637
-0.8604288822655167
-0.9956196385376396
-0.7505175327552894
-0.2187432386131584
0.3965835378700165
0.8604288822654822
0.9956196385376354
0.7505175327552965
0.2187432386131689
-0.39658353787000655
-0.8604288822654768
-0.9956196385376364
-0.645599514026123
-0.0734233978276753
0.526797960771442
0.9258004035599394
0.971178558986971
0.6455995140261314
0.07342339782768606
-0.5267979607714328
-0.9258004035599569
-0.9711785589869737
-0.9995959694200119
-0.8253970674303622
-0.3359245398968256
0.28185974422211857
-0.9885677306674296
-0.7111433279279827
-0.16208634479273215
0.4488821129410121
-0.2232622785295162
-0.7535715946109907
-0.9960421745075458
-0.8580584979706017
-0.39232563954459554
0.22326227852950567
0.6465373920361279
0.9714707016929786
0.9253352223778498
0.5257531391018518
-0.07464877361908678
-0.6465373920361197
-0.971470701692976
-0.9253352223778109
-0.5257531391017644
0.07464877361918941
0.6465373920361115
0.9714707016929734
0.925335222377858
0.5257531391018702
-0.07464877361917865
-0.6465373920361033
-0.9714707016929979
-0.925335222377819
-0.5257531391017827
0.07464877361916791
0.646537392036095
0.9714707016929683
0.9253352223778231
0.5257531391018885
-0.07464877361915716
0.7001180835708465
0.14671284110532362
-0.4627317200764667
-0.8954284918616499
-0.9861020142507676
-0.700118083570773
-0.14671284110522181
-0.4476930604584714
0.1633988122825977
0.7120778924530831
0.9887674203439037
0.8877814006319364
0.44769306045848106
-0.16339881228269923
-0.7120778924531553
-0.9887674203439192
-0.887781400631889
-0.44769306045849067
0.16339881228257644
0.712077892453068
0.9887674203439005
0.887781400631894
0.4476930604585003
-0.16339881228267794
-0.7120778924531401
-0.988767420343916
-0.8877814006318989
-0.44769306045851
0.16339881228255515
0.7120778924530528
0.9887674203439143
0.8877814006319039
0.44769306045841795
-0.16339881228265668
-0.712077892453125
-0.9887674203439127
-0.8877814006319089
-0.44769306045852925
0.1633988122825339
0.7120778924530377
0.9887674203439111
0.8877814006318615
0.4476930604584372
-0.16339881228263542
-0.7120778924531099
-0.9998149513761618
-0.8201745245589561
-0.3272553060670386
0.29066431634372847
0.7975600492280198
0.9998149513761616
0.8201745245588973
0.32725530606694136
-0.2906643163438269
-0.7975600492280134
-0.9998149513761614
-0.8201745245589684
-0.3272553060669515
0.29066431634381656
0.7975600492280068
0.9998149513761634
0.8201745245589096
0.32725530606696174
-0.2906643163438063
-0.7975600492280004
-0.9998149513761609
-0.657044575764146
-0.9746631550726322
-0.9199935367256109
-0.5139176567796578
0.08845730063740671
0.6570445757641379
0.9746631550726298
0.9199935367255706
0.5139176567795696
-0.08845730063750923
-0.6570445757641298
-0.9746631550726275
-0.9199935367256193
-0.5139176567796763
0.08845730063749849
0.6570445757641217
0.9746631550726504
0.919993536725579
0.513917656779588
-0.08845730063748775
-0.7262059286094864
-0.1834239573807075
0.42941973121648425
0.8782396779288901
0.9916019179411439
0.7262059286094938
0.18342395738060632
0.5490849495228818
-0.0470321941548299
-0.6251846382308821
-0.9645377997470626
-0.935470305193933
-0.5490849495228908
0.04703219415481913
0.6251846382309624
0.9645377997470896
0.9354703051938967
0.5490849495228998
-0.04703219415480836
-0.6251846382308652
-0.9645377997470569
-0.9354703051939005
-0.5490849495229089
0.04703219415491115
0.6251846382309456
0.964537799747084
0.9354703051939043
0.5490849495229179
-0.04703219415478682
-0.6251846382309372
-0.9645377997470812
-0.9354703051939081
-0.5490849495228318
0.047032194154889614
0.6251846382309287
0.9645377997470783
0.9354703051939119
0.5490849495229359
-0.04703219415476528
-0.6251846382309203
-0.9645377997471055
-0.9354703051939157
-0.5490849495228498
0.047032194154868076
0.6251846382309119
0.9645377997470727
0.9354703051939195
0.5490849495229538
-0.047032194154857314
-0.6251846382309035
-0.9645377997470997
-0.9354703051938832
-0.5490849495228679
0.047032194154846545
0.6251846382308951
0.9645377997470669
0.9354703051939272
0.5490849495228769
-0.08468975392276835
0.5171581067727279
0.9214691482386045
0.9738102946617764
-0.3630836961726457
0.2539318659647965
0.7739540861303764
0.9983521511260388
0.8414136271331552
0.36308369617265573
-0.25393186596489603
-0.7739540861304416
-0.9983521511260447
-0.8414136271330995
-0.3630836961726658
0.2539318659647756
0.7739540861303628
0.9983521511260376
0.8414136271331054
0.36308369617267583
-0.25393186596487516
-0.7739540861304279
-0.9983521511260435
-0.8414136271331112
-0.3630836961726858
0.2539318659647548
0.7739540861303491
0.9983521511260364
0.8414136271331171
0.36308369617258995
-0.25393186596485434
-0.7739540861304143
-0.9983521511260423
-0.8414136271331228
-0.3630836961727059
0.25393186596473394
0.7739540861303355
0.9983521511260416
0.8414136271331287
0.36308369617261005
-0.25393186596483347
-0.7739540861304006
-0.998352151126041
-0.8414136271331345
-0.363083696172726
0.25393186596482303
0.7739540861303938
0.9983521511260404
0.8414136271330789
0.36308369617263014
-0.2539318659648126
-0.773954086130387
-0.9983521511260398
-0.8414136271331462
-0.3630836961726402
0.25393186596480216
0.7739540861303802
0.9983521511260457
0.8414136271330905
0.36308369617265024
-0.2539318659647918
-0.7739540861303733
-0.998352151126045
-0.8414136271331578
-0.3630836961727662
0.2539318659648913
0.7739540861303665
0.9983521511260445
0.8414136271331022
0.36308369617267033
-0.2539318659647709
-0.7739540861303597
-0.9983521511260438
-0.8414136271331081
-0.3630836961726804
0.25393186596487044
0.7739540861304248
0.9983521511260433
0.9946472584504705
0.743951418171854
0.2090914221302972
-0.4056343904089751
-0.865421652817932
-0.9946472584504716
-0.7439514181717852
-0.20909142213019655
0.4056343904090691
0.9028971132085771
0.4777956659344644
-0.1298074860494838
-0.687828590356511
-0.9831225515812994
-0.8590278667575282
-0.3940639279879989
0.2214190375327544
0.7523274564721861
0.9958723577090218
0.8590278667575337
0.39406392798800877
-0.22141903753263303
-0.7523274564721042
-0.9958723577090208
-0.8590278667575393
-0.3940639279879142
-0.9572218501203457
-0.9444873596524042
-0.5709907997417643
-0.6995055447820269
-0.14586456167981943
0.46349172623007007
0.895809928224335
0.985959185096534
0.6995055447820346
0.14586456167983008
-0.4634917262300605
-0.8958099282242797
-0.9859591850965168
-0.699505544781961
-0.14586456167984077
0.46349172623005097
0.8958099282243255
0.9859591850965376
0.69950554478205
0.14586456167985143
-0.4634917262300414
-0.8958099282243207
-0.9859591850965395
-0.6995055447819765
-0.14586456167974962
0.4634917262300319
-0.3895477425264608
0.22620316115657882
0.8575918497205821
0.3914902945002232
-0.22414724695350344
-0.7541681585557146
-0.9961224668226047
-0.8575918497205877
-0.3914902945002331
0.22414724695360375
0.7541681585557822
0.9961224668225938
0.8575918497205931
0.39149029450013845
-0.22414724695359323
-0.7541681585557751
-0.9961224668226029
-0.8575918497205403
-0.39149029450014833
0.22414724695358273
0.754168158555768
0.9961224668225919
0.8575918497206042
0.39149029450015826
-0.22414724695357222
-0.754168158555761
-0.996122466822601
-0.8575918497205514
-0.3914902945001682
0.2241472469535617
0.7541681585557539
0.9961224668226
0.8575918497206153
0.3914902945000735
-0.224147246953662
-0.7541681585557468
-0.9961224668225991
-0.8575918497205625
-0.391490294500188
0.22414724695354069
0.7541681585558144
0.9961224668225981
0.8575918497205679
0.3914902945000933
-0.224147246953641
-0.7541681585558073
0.6991612085667662
0.1453879702429806
-0.46391853115836174
-0.8960239216679877
-0.9858786288335045
-0.6991612085666927
-0.1453879702429913
0.4639185311583522
0.8960239216680334
0.9858786288335254
0.6991612085667817
0.1453879702428895
-0.46391853115834264
-0.8960239216680286
-0.9858786288335082
-0.699161208566708
-0.14538797024290015
0.8660331903843863
0.9945202673830665
0.7431344047420779
0.20789645769905826
-0.4067508700444985
-0.8660331903843809
-0.9945202673830676
-0.743134404742009
-0.2078964576989576
0.40675087004438476
0.8660331903843755
0.9945202673830688
0.7431344047420162
-0.8249342080914456
-0.33515266366924684
0.28264580685453233
0.7924831859375264
0.9996189235052145
0.8249342080914517
0.335152663669257
-0.2826458068546311
-0.7924831859375893
-0.9996189235052142
-0.8249342080914578
-0.33515266366926716
0.2826458068545117
0.7924831859375133
0.9996189235052139
-0.7142989634398924
-0.9892360367920869
-0.8863185669859748
-0.5014945290101753
-0.9142463650040209
-0.977787163657376
-0.6678464995569517
-0.10281117189343315
0.501494529010166
-0.8737136358765246
-0.9927718056354764
-0.7326248887142103
-0.19264016530827374
0.4209265536470193
0.8737136358765193
0.9927718056354641
0.732624888714295
0.19264016530839587
-0.4209265536471127
-0.8737136358765694
-0.9927718056354518
-0.7326248887142249
-0.1926401653082949
0.42092655364699977
0.8737136358765089
0.9927718056354666
0.7326248887143096
0.19264016530841702
-0.42092655364709314
-0.8737136358765589
-0.9927718056354543
-0.7326248887142396
-0.19264016530831604
0.42092655364698023
0.8737136358764983
0.992771805635442
0.7326248887143243
0.19264016530821507
0.944600818176608
0.571274410236268
-0.020259405511486108
-0.6040548169455335
-0.9571218193745007
-0.9446008181765743
-0.5712744102361836
0.020259405511361666
0.6040548169454343
0.9571218193744646
0.9446008181766151
0.5712744102362858
-0.020259405511237224
-0.6040548169453351
-0.9571218193744286
-0.944600818176656
-0.5712744102363879
0.02025940551134011
0.6040548169454171
0.9571218193744584
0.9446008181766222
0.5712744102363034
-0.020259405511442993
-0.9712428482330853
-0.6458055846238608
-0.07369253781283695
0.5265685537254516
0.9256983551475082
0.9712428482331149
0.6458055846239559
0.07369253781273433
-0.5265685537255391
-0.9256983551474611
-0.9712428482330905
-0.6458055846238773
-0.0736925378126317
0.5265685537256266
0.9256983551475001
0.971242848233066
0.6458055846237988
0.07369253781275584
-0.5265685537255208
-0.9256983551475391
-0.9712428482330956
0.7322746263818337
0.9927099289194157
0.873963779579302
0.4213931713762419
-0.19213530566542106
-0.732274626381749
-0.9927099289194007
-0.873963779579252
-0.4213931713761485
0.19213530566552206
0.7322746263818191
0.9927099289194131
0.873963779579202
0.4213931713760552
-0.19213530566562304
-0.7322746263818891
-0.9927099289194254
-0.8739637795792625
-0.4213931713761681
0.19213530566550088
0.35898977669544807
0.8390331943586793
0.6961116960273993
0.9851569139534218
0.8979056750011215
0.4676849868897968
-0.1411754701853676
-0.6961116960274731
-0.9851569139534395
-0.8979056750011762
-0.4676849868899068
0.1411754701852444
0.6961116960273838
0.9851569139534181
0.8979056750012311
0.4676849868900168
-0.14117547018534626
-0.6961116960272944
-0.9851569139534357
-0.8979056750011858
-0.4676849868897249
0.30275274290127085
-0.3152678680450146
-0.8128668689588305
-0.999978354259104
-0.805132096246612
-0.3027527429013895
0.3152678680448965
0.812866868958758
0.9999783542591048
0.805132096246551
0.30275274290129145
-0.3152678680449941
-0.812866868958818
-0.9999783542591041
-0.80513209624649
-0.30275274290119336
0.31526786804509177
0.8128668689588779
0.9999783542591034
0.8051320962465638
0.302752742901312
-0.3152678680449737
-0.8128668689588054
-0.9999783542591042
-0.8051320962466376
-0.3027527429014306
0.31526786804507134
0.8128668689588654
0.9999783542591035
0.8051320962465766
0.3027527429013325
-0.315267868045169
-0.8128668689589253
-0.9999783542591029
-0.8051320962465155
-0.30275274290123444
0.31526786804505086
0.8128668689588529
0.9999783542591036
0.8051320962465893
0.30275274290135307
-0.31526786804493273
-0.8128668689587804
-0.999978354259103
-0.8051320962465283
-0.3027527429014717
0.31526786804503043
0.8128668689588403
0.9999783542591023
-0.542817486466771
-0.9328004193178419
-0.9664852967096785
-0.6310056403854731
-0.054503276526928816
0.5428174864666664
0.932800419317797
0.9664852967096521
0.6310056403855697
0.054503276526826065
-0.5428174864667529
-0.9328004193178341
-0.9664852967096257
-0.6310056403853135
-0.05450327652695035
0.5428174864668392
0.9328004193178712
0.9664852967096577
0.6310056403854101
0.05450327652684759
-0.5428174864667348
-0.9328004193178263
-0.9664852967096896
