0.07895438602711254
-0.5220748816954964
-0.9236892892830061
-0.9724857834086414
-0.6498257618482444
-0.07895438602711266
0.5220748816954963
0.9236892892830061
0.9724857834086414
0.6498257618482445
0.07895438602711279
-0.5220748816954962
-0.923689289283006
-0.9724857834086416
-0.6498257618482446
-0.07895438602711291
0.5220748816954961
0.9236892892830066
0.9724857834086416
0.1871796240385902
-0.42596506479311447
-0.8764055768939006
-0.9920889465511757
-0.7288280584889804
-0.18717962403859031
0.42596506479311436
0.8764055768939005
0.9920889465511763
0.728828058488978
0.18717962403859045
-0.425965064793111
-0.8764055768939005
-0.9920889465511767
-0.7288280584889805
-0.18717962403858707
0.42596506479311413
0.8764055768938988
0.9920889465511763
0.7288280584889781
0.18717962403859068
-0.4259650647931108
-0.8764055768939003
-0.9920889465511759
-0.7288280584889807
-0.18717962403858732
0.4259650647931139
0.8764055768938986
0.9920889465511763
0.7288280584889832
0.18717962403859092
-0.425965064793117
-0.8764055768938969
-0.9920889465511767
-0.7288280584889808
-0.18717962403858754
0.42596506479310725
0.8764055768938984
0.9920889465511763
0.7288280584889785
0.18717962403859814
-0.42596506479311036
-0.8764055768939001
-0.992088946551176
-0.7288280584889859
-0.18717962403859478
0.42596506479311347
0.8764055768939017
0.9920889465511755
0.7288280584889836
0.1871796240385914
-0.4259650647931166
-0.8764055768938965
-0.9920889465511769
-0.7288280584889811
-0.18717962403858804
0.4259650647931068
0.8764055768938982
0.9920889465511764
0.7288280584889788
0.18717962403859165
-0.42596506479311635
-0.8764055768939033
-0.9920889465511786
-0.7288280584889911
-0.18717962403860222
0.4259650647931066
0.8764055768938981
0.9920889465511764
0.728828058488979
0.18717962403861282
-0.42596506479312257
-0.876405576893893
-0.9920889465511777
-0.7288280584889864
-0.1871796240385955
-0.036333218498637736
-0.6167913469252466
-0.9616561447932367
-0.9392009808403966
-0.5580029644737599
0.036333218498641164
0.6167913469252381
0.9616561447932337
0.9392009808403954
0.5580029644737687
-0.03633321849864459
-0.6167913469252408
-0.9616561447932308
-0.9392009808403942
-0.5580029644737777
0.03633321849863382
0.6167913469252435
0.9616561447932356
0.9392009808403979
0.5580029644737631
0.12093204964113127
-0.48563528819481183
-0.9067064520766733
-0.981446569084089
-0.6813074548433591
-0.12093204964111376
0.4856352881948024
0.9067064520766808
0.981446569084091
0.6813074548433462
0.12093204964112446
-0.48563528819479296
-0.9067064520766882
-0.9814465690840931
-0.6813074548433333
-0.12093204964113516
0.4856352881948084
0.9067064520766837
0.9814465690840952
0.6813074548433412
0.12093204964114586
-0.4856352881948238
-0.9067064520766791
-0.9814465690840918
-0.6813074548433491
-0.12093204964112834
0.4856352881948144
0.9067064520766746
0.9814465690840884
0.681307454843357
0.12093204964111083
-0.48563528819480495
-0.906706452076682
-0.9814465690840904
-0.6813074548433649
-0.12093204964112153
0.4856352881947955
0.9067064520766894
0.9814465690840926
0.681307454843352
0.12093204964113224
-0.48563528819478613
0.8367235089482965
0.3550373020095342
-0.26226108702278295
-0.7793846547389343
-0.9988097746548824
-0.8367235089482868
-0.35503730200954425
0.2622610870228274
0.7793846547389275
0.9988097746548833
0.8367235089482928
0.35503730200955436
-0.262261087022817
-0.7793846547389207
-0.9988097746548842
-0.8367235089482987
-0.35503730200953787
0.9753501831759654
0.9187771451338151
0.9765318322824788
0.6634377045698231
0.096932923129732
-0.506596940317082
-0.9166239911594309
-0.9765318322824811
-0.6634377045698312
-0.09693292312971444
0.5065969403170728
0.9166239911594266
0.9765318322824773
0.663437704569818
0.09693292312972517
-0.5065969403170635
-0.9166239911594224
-0.9765318322824796
-0.6634377045698473
-0.09693292312970761
0.5065969403170542
0.9166239911594294
0.9765318322824819
0.6634377045698554
0.09693292312971834
-0.5065969403170694
-0.9166239911594365
-0.9765318322824842
-0.6634377045698422
-0.09693292312972906
0.5065969403170356
0.9166239911594322
0.9765318322824743
0.663437704569829
0.09693292312973979
-0.5065969403170754
-0.9166239911594278
-0.9765318322824766
-0.663437704569837
-0.09693292312969395
0.506596940317066
-0.11731737059413776
0.4888145394834631
-0.9341761582633379
-0.965493303219867
-0.6280248222568232
-0.0506722049703028
0.5460354723299705
0.934176158263334
0.9654933032198698
0.6280248222568316
0.05067220497031357
-0.5460354723299614
-0.9341761582633302
-0.9654933032198727
-0.62802482225684
-0.05067220497032433
0.5460354723299524
0.9341761582633467
0.9654933032198755
0.6280248222568484
0.0506722049703351
-0.546035472329991
-0.9341761582633428
-0.9654933032198783
-0.6280248222568569
-0.050672204970345865
0.546035472329982
0.9341761582633389
0.965493303219881
0.6280248222568652
0.050672204970356634
-0.6505968995406102
-0.9727217354593636
-0.9232999300284522
-0.5212089331370504
0.07996616097265292
0.650596899540602
0.972721735459361
0.9232999300284346
0.5212089331370111
-0.07996616097264217
-0.6505968995405939
-0.9727217354593717
-0.9232999300284387
-0.08145332026678126
0.5199350142300707
0.9227258452321544
0.9730667656535572
0.6517292549182154
0.081453320266792
-0.5199350142300615
-0.9227258452321503
-0.9730667656535598
-0.6517292549182235
-0.0814533202667461
0.6799282015528827
0.9810838712261882
0.9074988479054197
0.4872801094361676
-0.24216375852905223
-0.7662046501858765
-0.9975814078099458
-0.847915974195548
-0.37437545804245065
0.24216375852904176
0.7662046501858696
0.997581407809945
0.8479159741955538
0.9095509437782187
0.9801212811356508
0.6763186021963842
0.11418520444182492
-0.49156306039706893
-0.9095509437782142
-0.980121281135653
-0.6763186021963502
-0.11418520444183564
0.49156306039705955
0.9095509437782097
0.9801212811356551
0.5559478660529427
-0.03880591759179239
-0.6187371596811361
-0.9623318368748336
-0.9383484608384476
-0.5559478660529517
0.03880591759183842
0.6187371596811276
0.9623318368748306
0.9383484608384512
0.5559478660529606
-0.038805917591827645
-0.6187371596811191
-0.9623318368748277
-0.938348460838455
-0.5559478660529696
0.038805917591816876
0.6187371596811553
0.9623318368748248
0.9383484608384587
0.5559478660529313
-0.0388059175918629
-0.6187371596811468
-0.9623318368748218
-0.9383484608384428
-0.5559478660529402
0.03880591759185213
0.6187371596811384
0.9623318368748344
0.9383484608384661
0.5559478660529492
-0.038805917591841356
-0.6187371596811299
-0.9623318368748315
-0.9383484608384306
-0.5559478660529109
0.03880591759183059
0.6187371596811214
0.9623318368748285
0.9383484608384344
0.5559478660529199
-0.03880591759181981
-0.6187371596811576
-0.962331836874841
-0.938348460838438
-0.5559478660529289
0.03880591759180904
-0.5153532845258987
-0.9206484922233109
-0.9742872675827758
-0.6557814215318903
-0.08678936164650737
0.16753633367315304
0.7150171791020492
0.9893857646540711
0.885842616093518
0.4439376968683489
-0.1675363336731424
-0.7150171791020814
-0.9893857646540696
-0.8858426160934966
-0.44393769686835854
0.16753633367313178
0.715017179102074
0.989385764654068
0.8858426160935017
0.4439376968683682
-0.16753633367312115
-0.7150171791021062
-0.9893857646540664
-0.8858426160935067
-0.44393769686837786
0.16753633367316656
0.7150171791020986
0.9893857646540648
0.8858426160935117
0.4439376968683875
-0.16753633367315593
-0.7150171791020911
-0.9893857646540632
-0.8858426160935167
-0.4439376968683972
0.16753633367320137
0.7150171791020835
0.9893857646540617
0.8858426160935217
0.4439376968683559
-0.16753633367319073
-0.715017179102076
-0.9893857646540601
-0.8858426160935267
-0.44393769686836554
0.1675363336731801
0.7150171791020684
0.9893857646540668
0.8858426160935317
0.4439376968683752
-0.16753633367316947
-0.7150171791020609
-0.9893857646540652
-0.8858426160935102
-0.44393769686833395
-0.807320268401787
-0.30627578397057376
0.3117556400064235
0.8107070056853984
0.999995850110229
0.8073202684017933
0.3062757839705299
-0.3117556400064672
-0.8107070056853921
-0.999995850110229
-0.8073202684017997
-0.3062757839705401
0.311755640006457
0.8107070056853858
0.9999958501102291
0.8073202684017725
0.3062757839705504
-0.3117556400063927
-0.8107070056854128
-0.9999958501102291
-0.8073202684018124
-0.3062757839706148
0.3117556400063285
0.8107070056854064
0.9999958501102291
0.8073202684017516
0.3062757839705168
-0.31175564000642625
-0.8107070056854001
-0.6523721792513966
-0.08229846219544244
0.5192104701974172
0.9223986502895797
0.9732618971481777
0.6523721792514048
0.0822984621954532
-0.5192104701973108
-0.9223986502895316
-0.9732618971482063
-0.6523721792514129
-0.08229846219535064
0.5192104701973987
0.9223986502895714
0.9732618971481827
0.6523721792514211
0.08229846219547468
-0.5192104701972924
-0.9223986502895233
-0.9732618971481851
0.07938164957586154
-0.5217092734284352
-0.9235249862289839
-0.9725855437498665
-0.6501514805251263
-0.07938164957587228
0.521709273428329
0.9235249862289362
0.9725855437498954
0.9748344030129028
-0.5190623627575739
-0.9223317059655707
-0.9733016863964206
-0.6525035039314575
-0.08247116074309742
0.5190623627575647
-0.7210902453536231
-0.1761324532747955
-0.9966053924893237
-0.7578802572026409
-0.2296706230670837
0.3862653828627271
0.8546611412164786
0.9966053924893246
0.7578802572026478
0.22967062306698352
-0.386265382862822
-0.854661141216532
-0.9966053924893254
-0.757880257202655
-0.22967062306710467
0.38626538286270723
0.8546611412165265
0.9966053924893263
0.7578802572025878
0.2296706230670045
-0.38626538286280215
-0.8546611412165208
-0.9966053924893272
-0.757880257202669
-0.22967062306712566
0.38626538286268736
0.8546611412165153
0.9966053924893188
0.7578802572026019
0.2296706230670255
-0.3862653828627823
-0.8546611412165097
-0.996605392489329
-0.757880257202683
-0.22967062306714664
0.38626538286277234
0.854661141216504
0.9966053924893206
0.757880257202616
0.22967062306704647
-0.3862653828627624
-0.8546611412164985
-0.9966053924893308
-0.7578802572026971
-0.22967062306705696
0.3862653828627524
0.8546611412165519
0.9966053924893223
0.75788025720263
0.22967062306706745
-0.3862653828627425
-0.8546611412164873
-0.9966053924893232
-0.7578802572027112
-0.22967062306707794
0.3862653828628374
0.8546611412165407
0.9966053924893241
0.7578802572026441
0.22967062306708844
-0.3862653828627226
-0.8546611412164761
-0.996605392489325
-0.7578802572026511
-0.22967062306709893
-0.9999688855598705
-0.8136285468500626
-0.31650975746063303
0.30150500150769743
0.8043550976781846
0.9999688855598704
0.8136285468500689
0.3165097574607511
-0.30150500150757875
-0.8043550976781781
-0.9999688855598703
-0.8136285468500091
-0.31650975746065346
0.30150500150767684
0.8043550976781717
0.9999688855598702
0.8136285468500815
0.31650975746077153
0.4260739641476705
0.8764635370080023
0.9920738286312399
0.7287456370666346
0.18706138129566544
-0.4260739641477636
-0.8764635370080518
-0.9920738286312413
-0.7287456370665641
-0.49513167443584455
-0.9112483152256453
-0.9792990717902558
-0.6732908680822405
-0.1101084370817508
0.49513167443583517
0.911248315225594
0.979299071790281
0.6732908680822485
0.11010843708176152
-0.4951316744358258
-0.9112483152256364
-0.9792990717902601
-0.6732908680822565
-0.11010843708177223
0.49513167443581646
0.9112483152255851
0.8548327219712066
0.996578123277093
0.7576645539357418
0.22934887706198734
-0.3865702755679234
-0.8548327219712011
-0.9965781232770846
-0.7576645539356747
-0.22934887706188717
0.3865702755679134
0.8548327219711954
0.9965781232770948
0.7576645539356818
0.22934887706189766
-0.38657027556790347
-0.8548327219712488
-0.9965781232770864
-0.7576645539356888
-0.22934887706190815
0.38657027556789353
0.8548327219711843
0.9965781232770966
0.4449671212684363
0.8863752271744317
0.9892181230857295
0.7142133182656051
0.16640330108590312
-0.4449671212684267
-0.8863752271744794
0.5513295364085389
0.9364168917454825
0.9638248220751797
0.6230844295730554
0.04434696283473852
-0.5513295364086248
-0.9364168917454787
-0.9638248220751825
0.5209486902334932
0.923182777536176
0.972792421648573
0.6508284246896053
0.08027009034363905
-0.520948690233581
-0.9231827775362155
-0.9727924216485756
-0.6508284246895273
-0.08027009034364979
0.5209486902334748
0.9231827775361676
0.9727924216486044
0.6508284246895354
0.08027009034366053
-0.5209486902335626
-0.9231827775362073
-0.9727924216485806
-0.6508284246895436
-0.08027009034367127
0.5209486902334564
0.923182777536203
0.972792421648583
0.6508284246895518
0.0802700903435687
-0.5209486902335443
-0.9231827775361989
-0.9727924216485856
-0.65082842468956
0.9822497030258263
0.684401097190819
0.12513453416679318
-0.29473724201830914
0.3232274162380354
0.8177301875872696
-0.9999518750384949
-0.8032115424163936
-0.2996717007474824
0.31833254514047105
0.23538315005615848
-0.38084107925448907
-0.851596960602185
-0.9970717477158713
-0.7616990164243841
-0.23538315005616897
0.38084107925447913
0.8515969606021794
0.997071747715872
0.7616990164243175
0.23538315005606894
-0.3808410792545743
-0.8515969606021737
-0.9970717477158728
-0.7616990164243981
-0.23538315005618993
0.3808410792545643
0.851596960602168
0.9970717477158737
0.7616990164243314
0.2353831500560899
-0.38084107925455435
-0.8515969606021624
-0.9970717477158745
-0.7616990164243383
-0.23538315005621088
0.3808410792546495
0.8515969606022163
0.9970717477158754
0.7616990164243453
0.23538315005611085
-0.3808410792545344
-0.8515969606021512
-0.9970717477158761
-0.7616990164243523
-0.23538315005612134
0.38084107925462957
0.851596960602205
0.9970717477158683
0.7616990164243593
0.2353831500561318
-0.38084107925451444
-0.8515969606021399
-0.9970717477158691
-0.7616990164243663
-0.2353831500561423
0.3808410792546096
0.8515969606021938
0.9970717477158699
0.6044310012560937
0.9572584787730122
0.9444457534176504
0.5708868507872431
-0.0207314251134847
-0.6044310012560851
-0.9572584787730091
-0.9444457534176539
-0.570886850787252
0.02073142511358758
0.6044310012561671
0.9572584787730388
0.9444457534176575
0.5708868507872608
-0.020731425113463143
0.745955296537634
0.21202787466434417
-0.40288698876831625
-0.8639127161165888
-0.9949531492215773
-0.7459552965376413
-0.21202787466435472
0.40288698876841045
0.8639127161166406
0.9949531492215784
0.7459552965376484
0.21202787466436523
-0.40288698876840057
-0.8639127161165779
-0.994953149221591
-0.7459552965375799
-0.21202787466437578
0.4028869887683907
0.8639127161166298
0.9949531492215806
0.7459552965376628
0.2120278746643863
-0.4028869887682768
-0.8639127161166243
-0.9949531492215816
-0.7459552965375942
-0.4480618909901826
0.16299182428498626
0.7117882025717256
0.9887056802671697
0.8879711929706702
0.4480618909901923
-0.16299182428497563
-0.7117882025716382
-0.9887056802671851
-0.861380040204539
-0.3982990783573736
0.21691859373465014
0.7492807358117696
0.9954431039243455
0.8613800402045444
0.3982990783573835
-0.21691859373463962
-0.7492807358117625
-0.9954431039243553
-0.8613800402044921
-0.3982990783572891
0.21691859373462907
0.7492807358117552
0.9954431039243434
0.8613800402045554
0.398299078357299
-0.21691859373461855
-0.7492807358117481
-0.9954431039243532
-0.8613800402045031
-0.3982990783573089
0.21691859373460803
0.749280735811741
0.9954431039243414
0.8613800402045663
0.3982990783572145
-0.8242298222712336
-0.9996525180830099
-0.7932419289264553
-0.2838398842215494
0.3339793488931452
0.8242298222712275
0.9996525180830103
0.7932419289264618
0.2838398842215597
-0.33397934889324216
-0.8242298222712858
-0.9996525180830075
-0.7932419289264684
-0.28383988422157
0.3339793488931248
0.8242298222712153
0.9996525180830108
0.793241928926475
0.28383988422158035
-0.33397934889311465
-0.8242298222712736
-0.999652518083008
-0.7932419289264816
-0.28383988422159073
0.3339793488931045
0.8242298222712031
0.9996525180830114
0.7932419289264189
0.28383988422160106
-0.33397934889309433
-0.8242298222712614
-0.9996525180830086
-0.7932419289264947
-0.2838398842216114
0.33397934889308417
0.8242298222712553
0.9996525180830089
0.7932419289265705
0.2838398842215127
-0.3339793488931812
-0.8242298222712492
-0.9996525180830093
-0.7932419289265078
-0.28383988422163203
0.33397934889306385
0.8242298222713075
-0.05768010371355109
-0.6334708427010133
-0.9672972506588028
-0.9316489860891086
-0.5401424744177803
0.05768010371365383
0.6312160594870525
0.05477413738316167
-0.5425896434966391
-0.93270262250451
0.9545885555368058
0.597161077500489
0.01163836461751303
-0.5783298079758884
-0.9473956506297174
-0.9545885555368429
-0.5971610775005889
-0.011638364617637488
0.5783298079759723
-0.6503676828930863
-0.07966533290101263
0.5214664665341703
0.9116892164096281
0.49606258032016337
-0.10904310090461458
-0.6724980238225173
-0.9790815590074209
-0.9116892164095859
-0.49606258032027145
0.10904310090471687
0.6724980238225935
0.9790815590074419
0.13029494704260117
0.6881853728270004
0.983212376752024
0.9026856709173701
0.4773637199496099
-0.1302949470427032
-0.6881853728270751
-0.9832123767520428
-0.9026856709173259
-0.4773637199497193
0.1302949470425798
0.6881853728269848
0.9832123767520201
0.9026856709173794
0.4773637199498287
-0.1302949470424564
-0.6881853728268945
-0.9832123767520389
-0.9026856709174329
-0.47736371994993804
0.13029494704255842
0.6881853728269691
0.9832123767520576
0.9026856709172908
0.4773637199498476
-0.13029494704266045
-0.6881853728270438
-0.9832123767520349
-0.9026856709173444
-0.4773637199497572
0.13029494704253702
0.6881853728269535
0.9832123767520122
0.9026856709173979
0.47736371994986654
-0.13029494704241362
-0.6881853728268632
-0.9832123767519895
-0.9026856709173536
-0.47736371994977617
0.13029494704251565
0.9539973365368358
0.5955731757164333
0.009660304559856763
-0.5799424745967265
-0.9480269399770997
-0.953997336536805
-0.5955731757163506
-0.009660304559981226
0.5799424745966251
-0.7475099345295076
-0.2143115170999193
0.4007466156812777
0.8627331621487299
0.9951849638970668
0.7475099345295904
0.21431151710004087
-0.4007466156811636
-0.8627331621486669
-0.9951849638970567
-0.747509934529522
-0.21431151709994034
0.4007466156812579
0.862733162148719
0.9951849638970466
0.7475099345294536
0.21431151709983984
-0.40074661568135217
-0.8627331621487709
-0.9951849638970588
-0.7475099345295363
-0.2143115170999614
0.40074661568123815
0.8627331621487081
0.995184963897071
0.747509934529619
0.21431151710008298
-0.4007466156813324
-0.8627331621487601
-0.9951849638970832
-0.7475099345295506
-0.21431151709998247
0.4007466156814267
0.8627331621488121
0.9951849638970508
0.7475099345294822
0.21431151709988194
-0.40074661568131265
-0.8627331621487492
-0.995184963897063
-0.7475099345295649
-0.21431151710000354
0.4007466156811986
0.8627331621486862
0.9951849638970752
0.7475099345296476
0.2143115171001251
-0.40074661568129294
-0.8627331621487383
-0.9951849638970651
-0.7475099345294282
-0.21431151710002458
0.4007466156813872
0.8627331621487904
0.995184963897055
0.7475099345295109
0.21431151709992408
-0.4007466156812732
0.5018609410781952
0.9144178964832609
0.9776982953529306
0.6675311761406427
0.10238983619284177
-0.5018609410780877
-0.9144178964832106
-0.977698295352909
-0.6675311761405661
-0.1023898361927394
0.5018609410781767
0.9144178964833443
-0.9478826825139235
-0.03798323696261137
-0.6180901768365596
-0.9621076772713931
-0.9386327458257974
0.44996008812556304
-0.16089547712328245
-0.7102944387471699
-0.9883850667896895
-0.8889461932914116
-0.4499600881256742
0.1608954771231596
0.7102944387472423
0.9883850667897052
0.8889461932913645
-0.8829950940180323
-0.43846209323112284
0.17354852439163757
0.7192695043941876
0.9902539807894709
0.9043021708700072
0.4806744487854454
-0.1265545752117474
-0.6854440529096619
-0.982517199782587
-0.9043021708699633
-0.4806744487853552
0.12655457521162392
0.6854440529095713
