-0.546568367423523
-0.9344029821879983
-0.965327416945921
-0.627529588702643
-0.05003678652119744
0.5465683674235229
0.9344029821879987
0.965327416945921
0.6275295887026431
0.050036786521197564
-0.5465683674235235
-0.9344029821879986
-0.9653274169459208
-0.6275295887026425
-0.0500367865211968
0.5465683674235234
0.9344029821879986
0.9653274169459208
0.6275295887026425
0.050036786521196926
-0.5465683674235233
-0.9344029821879986
-0.9653274169459208
-0.6275295887026426
-0.050036786521197044
0.5465683674235232
0.9344029821879984
0.9653274169459208
0.6275295887026427
0.050036786521193616
-0.5465683674235231
-0.9344029821879984
-0.965327416945921
-0.6275295887026429
-0.05003678652119374
0.546568367423523
0.9344029821879983
0.965327416945921
0.627529588702643
0.050036786521193866
-0.5465683674235229
-0.9344029821879996
-0.965327416945921
-0.6275295887026431
-0.050036786521193984
0.5465683674235229
0.9344029821879996
-0.35846946577931726
-0.8387297875123795
-0.998623837792693
-0.7770775240120555
-0.25871400795242205
0.3584694657793138
0.8387297875123814
0.9986238377926928
0.7770775240120623
0.2587140079524393
-0.3584694657793104
-0.8387297875123794
-0.998623837792693
-0.7770775240120645
-0.25871400795243604
0.3584694657793136
0.8387297875123813
0.15520454094793132
0.9682837594480028
0.6364980615729307
0.061591737950419674
-0.5368405361429631
-0.9302179719684623
-0.9682837594480056
-0.636498061572939
-0.061591737950430436
0.536840536142966
0.9302179719684636
0.9682837594480047
0.6364980615729363
0.06159173795042701
-0.5368405361429689
-0.9302179719684597
-0.9682837594480038
-0.6364980615729336
-0.06159173795042359
0.5368405361429718
0.9302179719684609
0.9682837594480029
0.6364980615729311
0.06159173795043435
-0.5368405361429627
0.21424518938409595
0.7474648268877244
-0.8335424788782709
-0.34962491187630723
0.26783748814872055
0.7829950711623331
0.9990751500155732
0.833542478878269
0.34962491187631733
-0.26783748814871017
-0.7829950711623264
-0.9990751500155733
-0.8335424788782672
-0.3496249118763141
0.26783748814871344
0.7829950711623197
0.9990751500155735
0.8335424788782732
0.1655483667272614
0.7136062407857994
0.9890907854482327
0.8867762680287602
0.44574335663906306
-0.16554836672725076
-0.7136062407858117
-0.9890907854482311
-0.8867762680287521
-0.4457433566390727
0.16554836672724013
0.7136062407858241
0.9890907854482296
0.886776268028757
0.4457433566390824
-0.16554836672725753
-0.7136062407858166
-0.9890907854482279
-0.8867762680287489
-0.445743356639092
0.1655483667272749
0.713606240785809
0.9890907854482306
0.8867762680287539
0.4457433566390762
-0.16554836672726428
-0.7136062407858015
-0.9890907854482331
-0.8867762680287589
-0.44574335663906045
0.16554836672725365
0.7136062407858138
0.9890907854482316
0.8867762680287639
0.44574335663907005
-0.16554836672724302
-0.7136062407858261
-0.9890907854482299
-0.8867762680287556
-0.4457433566390797
0.16554836672726042
0.7136062407858186
0.9890907854482284
0.8867762680287606
0.44574335663908937
-0.1655483667272498
-0.713606240785811
-0.989090785448231
-0.8867762680287525
-0.4457433566390736
0.1655483667272672
0.7136062407858035
0.9890907854482294
0.8867762680287575
0.4457433566390832
-0.16554836672725656
-0.7136062407858158
-0.9890907854482278
-0.8867762680287624
-0.44574335663906745
0.16554836672724593
0.7136062407858083
0.9890907854482304
0.8867762680287543
0.4457433566390771
-0.1655483667272353
-0.7136062407858207
-0.9890907854482288
-0.8867762680287593
-0.44574335663908676
0.16554836672722467
0.7136062407858131
0.9890907854482273
0.8867762680287511
0.44574335663909637
-0.16554836672724205
-0.7136062407858056
-0.9890907854482256
-0.8867762680287561
-0.4457433566390806
0.16554836672725945
0.8881021951328532
0.44831659931896345
-0.16271069971397617
-0.7115880417894994
-0.9886629378893833
-0.888102195132845
-0.44831659931897305
0.16271069971399357
0.7115880417894918
0.988662937889386
0.8881021951328499
0.4483165993189573
-0.16271069971401098
-0.7115880417894842
-0.9886629378893844
-0.8881021951328549
-0.9753157731980047
-0.9188386739428086
-0.5113964314193564
-0.8990284490548662
-0.4699438782470679
0.13864328124615422
-0.7509285420749239
-0.21935028880084834
0.39601231935303943
0.8601116814778135
0.995677615398807
0.8734903144463353
0.4205102401475947
-0.19309045327018987
-0.732937156441878
-0.9928267774704332
-0.8734903144463405
-0.42051024014755295
0.1930904532701793
0.7329371564418706
0.992826777470432
0.8734903144463457
0.4205102401475627
-0.19309045327016872
-0.7329371564418633
-0.9928267774704307
-0.873490314446351
-0.4205102401475725
0.1930904532702139
0.732937156441856
0.9928267774704295
0.8734903144463285
0.4205102401475307
-0.19309045327020333
-0.7329371564418486
-0.9928267774704281
-0.8734903144463338
-0.42051024014754046
0.19309045327019275
0.7329371564418413
0.9928267774704268
0.8734903144463391
0.4205102401475503
-0.19309045327018218
-0.732937156441834
-0.9928267774704324
-0.8734903144463166
-0.42051024014756005
0.1930904532701716
0.7329371564418653
0.992826777470431
0.8734903144463219
0.4205102401475698
-0.19309045327016103
-0.732937156441858
-0.9928267774704298
-0.8734903144463272
-0.4205102401475796
0.19309045327015045
0.7329371564418506
0.9928267774704352
0.8734903144463324
0.42051024014758936
-0.19309045327013985
-0.732937156441882
-0.992826777470434
-0.8734903144463376
-0.4205102401475992
0.19309045327018506
0.7329371564418746
0.9928267774704327
0.8734903144463428
0.4205102401475574
-0.1930904532701745
0.6431089006452698
0.9944878101117989
0.7429269294708012
0.20759321292958105
-0.40703405511693885
-0.866188148687498
-0.9944878101118001
-0.7429269294708084
-0.20759321292959157
0.407034055116929
0.8661881486875211
0.9944878101118012
0.7429269294708156
0.20759321292960212
-0.40703405511691915
-0.8661881486875157
-0.9944878101117963
-0.7429269294708228
-0.20759321292961266
0.4070340551169612
0.8661881486875387
0.9944878101117974
0.74292692947083
0.2075932129296232
-0.4070340551169514
-0.8661881486875334
-0.9944878101117987
-0.7429269294708373
-0.20759321292963376
0.4070340551169416
0.8661881486875279
0.9944878101117998
0.660511445398178
-0.884378616365982
-0.44111666306513236
0.17063686252262303
0.7172129063604241
0.9898379971386039
0.884378616365987
0.441116663065142
-0.1706368625226124
-0.7172129063604167
-0.9898379971386023
-0.884378616365992
-0.4411166630651517
0.1706368625226578
0.7172129063604091
0.9898379971386008
0.8843786163659706
0.4411166630651104
-0.17063686252264718
-0.7172129063604016
-0.9898379971385992
-0.8843786163659756
-0.44111666306512004
0.17063686252263655
0.7172129063603941
0.9898379971385978
0.8843786163659806
0.4411166630651297
-0.17063686252262592
-0.7172129063603866
-0.9898379971386043
-0.5583791212178295
0.03588015615244856
0.6164344333940989
0.9615317089150046
0.939356552891177
0.5583791212178385
-0.03588015615243778
-0.6164344333940903
-0.9615317089150016
-0.9393565528911807
-0.5583791212178474
0.035880156152427005
0.6164344333940819
0.9615317089149987
-0.9503157175614118
-0.585851241731646
0.0023884960882427754
0.5897159095844191
0.9517918893259245
0.9503157175614151
0.5858512417316548
-0.002388496088231995
-0.5897159095844104
-0.9517918893259212
-0.9503157175614184
-0.5858512417316636
0.0023884960882212146
0.5897159095844017
0.9517918893259353
0.9503157175614041
0.5858512417316722
-0.0023884960882104337
-0.589715909584393
-0.9517918893259321
0.471016830587066
0.8995602297176106
0.9845021960236976
0.6933977854476638
0.13743898855448367
-0.47101683058705646
-0.4560511085743865
-0.8920546905902264
0.6256402202295914
0.04761539915943581
-0.5485968860017773
-0.935263806832622
-0.9646917419010338
-0.6256402202295999
-0.047615399159389796
0.5485968860018158
0.9352638068326383
0.9646917419010366
0.6256402202296082
0.047615399159400565
-0.5485968860018067
-0.9352638068326345
-0.9646917419010395
-0.6256402202296166
0.8434241342341626
0.3665578338180968
-0.2503211002740457
-0.7715858821626026
0.798000896204417
0.2913638237801502
-0.3265643262360444
-0.8197560031432343
-0.9998287493314971
-0.7980008962044236
-0.2913638237801061
0.32656432623598053
0.819756003143228
0.9998287493314973
0.79800089620443
0.29136382378006204
-0.3265643262360778
-0.8197560031432545
-0.9998287493314976
-0.7980008962044366
-0.2913638237801811
0.32656432623596016
0.6573068609839203
0.9747409313479505
0.9198570961627753
0.5136191150362995
-0.0888039107625433
-0.6573068609839979
-0.9747409313479735
-0.9198570961627796
-0.5136191150362113
0.08880391076253256
0.7698580083650742
0.9979616968793168
0.8448779366561485
0.36907952097522967
-0.24769472716668636
-0.7698580083650673
-0.997961696879316
-0.844877936656215
-0.36907952097534535
0.2476947271665658
0.7698580083650605
0.9979616968793227
0.8448779366561601
0.3690795209752497
-0.2476947271666655
-0.7698580083650536
-0.9979616968793147
-0.8448779366562266
-0.3690795209753654
0.24769472716665503
0.7698580083650467
0.9979616968793212
0.8448779366561715
0.36907952097526975
-0.2476947271666446
-0.7698580083650398
-0.9979616968793134
-0.8448779366561773
-0.36907952097527974
0.24769472716663415
0.7698580083651055
0.9979616968793199
0.844877936656183
0.3690795209752898
-0.2476947271666237
-0.7698580083650262
-0.9979616968793192
-0.8448779366561888
-0.3690795209752998
0.2476947271667234
0.7698580083650918
0.9979616968793185
0.8448779366561946
0.3690795209753098
-0.24769472716660282
-0.7698580083650124
-0.9979616968793178
-0.8448779366561395
-0.3690795209752142
0.24769472716670252
-0.5010872589103501
-0.9140555633215787
-0.9778857101498989
-0.6681967528137682
-0.10327934707510966
0.5010872589103408
0.9140555633215742
0.9778857101499249
0.6681967528138608
0.10327934707523347
-0.5010872589103315
-0.914055563321616
-0.9778857101499271
-0.6681967528137843
-0.1032793470751311
0.5010872589103221
0.9140555633215656
0.9778857101499294
0.6681967528138769
0.10327934707514183
-0.5010872589103128
-0.9140555633215611
-0.9778857101499079
0.9009898886968665
0.9839209362861607
0.6910276284567409
0.13418525372210027
-0.4739113271453504
-0.9009898886968618
-0.983920936286183
-0.6910276284567487
-0.13418525372222362
0.4739113271453409
0.9009898886969064
0.9839209362861646
0.6910276284567565
0.13418525372212164
-0.4739113271453314
-0.9009898886968524
-0.9839209362861868
-0.6910276284567642
-0.13418525372213233
0.4739113271453219
0.900989888696897
0.9839209362861685
0.6910276284567721
0.13418525372214302
-0.4739113271453124
-0.900989888696843
-0.07845482162841463
-0.6494447882242397
-0.9723689195349017
-0.9238811731872713
-0.5225022202482583
0.07845482162840389
0.649444788224318
0.9723689195349258
0.923881173187232
0.5225022202481706
-0.07845482162839314
-0.6494447882242234
-0.9723689195348967
-0.9238811731872361
-0.5225022202481797
0.0784548216283824
0.6494447882243016
0.9723689195349207
0.9238811731872402
0.5225022202481889
-0.07845482162837164
-0.6494447882242069
0.8553859548607805
0.9964893538700784
0.7569676891284571
0.22831009552525164
-0.38755419459385804
-0.8553859548607748
-0.9964893538700698
-0.7569676891283899
-0.22831009552515144
0.38755419459395285
0.8553859548607693
0.9964893538700802
0.7569676891284712
0.22831009552527262
-0.9318514811198725
-0.9671556461453913
-0.6330392267547653
-0.8505925299871056
-0.3790713985223626
0.2372421230149551
0.7629372171237505
0.9972162255735539
0.8505925299871112
0.3790713985223726
-0.23724212301505504
-0.7629372171238171
-0.9972162255735616
-0.8505925299871169
-0.3790713985223826
0.23724212301493414
0.7629372171238101
0.9972162255735608
0.8505925299871225
0.37907139852228733
0.8312953496159723
0.999241298632354
0.7855110345337192
0.2717422537813235
-0.3458228317360302
0.9489387147539072
0.9531305657987157
0.5932589364247691
0.00678255746622559
-0.5822845279137666
-0.9489387147539039
-0.9531305657987189
-0.5932589364248694
-0.0067825574662363705
0.5822845279136654
0.9489387147539005
-0.9880198215238516
-0.8900359788225635
-0.45208864342136373
0.15854118783895213
0.7086136739615744
0.9880198215238499
0.8900359788225684
0.452088643421272
-0.15854118783905372
-0.708613673961647
-0.9880198215238483
-0.8900359788225732
-0.452088643421383
0.15854118783904309
0.7086136739616394
0.9880198215238466
0.8900359788225264
0.9419539891933865
0.5647125962855742
-0.028229814528075086
-0.6103893956881061
-0.959400974067807
-0.9419539891933901
-0.5647125962856769
-0.8074967430079136
-0.3065605088912907
0.311471420013332
0.8105318529971318
0.9999966671003763
0.8074967430079201
0.3065605088911928
-0.21973514428597296
-0.7511889914813787
-0.9957141759055641
-0.8599103882139447
-0.3956500595037406
0.21973514428596244
0.7511889914812965
0.9957141759055526
0.8599103882139502
0.39565005950375054
-0.21973514428606283
0.9954723453652554
0.749484107021454
0.21721841382323184
-0.39801733047293897
-0.8612239826400689
-0.9954723453652456
-0.33712000863051367
-0.826113108749439
-0.9995590798779375
-0.7912074562566697
-0.28064147649750126
0.3371200086306106
0.8261131087494329
0.9995590798779378
0.7912074562566068
0.2806414764976208
-0.3371200086304934
-0.8261131087494268
-0.9995590798779381
-0.7912074562566134
-0.28064147649752197
0.3371200086305903
0.8261131087494848
0.9995590798779385
0.7912074562566199
0.28064147649764143
-0.3371200086304731
-0.8261131087494147
-0.9995590798779388
-0.7912074562566266
-0.2806414764976518
0.33712000863056996
0.8261131087494726
0.9995590798779391
0.8825181163402509
0.4375494454559722
-0.17454824183391882
-0.7199744334196131
-0.9903948624701278
-0.882518116340256
-0.4375494454559819
0.1745482418339082
0.7199744334196845
0.9903948624701105
0.882518116340261
0.43754944545599156
-0.17454824183389758
-0.719974433419677
-0.9903948624701249
-0.14350029752552654
-0.6977960153156045
-0.9855573724694034
-0.8968693112028776
-0.46560765652358554
0.14350029752551585
0.6977960153155969
0.9855573724693825
0.8968693112029327
0.4656076565235951
-0.1435002975255052
-0.6977960153155891
-0.9855573724693998
-0.8968693112028872
-0.46560765652360464
0.1435002975254945
0.6977960153155813
0.985557372469398
0.8968693112029422
0.4656076565237148
-0.14350029752559637
-0.6977960153155737
-0.9855573724693962
-0.8968693112028967
-0.4656076565236237
0.1435002975254732
0.6977960153155659
0.9855573724693943
0.8968693112029015
0.46560765652363323
-0.14350029752557503
-0.6977960153156396
-0.9855573724693926
-0.8968693112029062
-0.4656076565236428
0.14350029752545185
0.6977960153155505
0.9855573724693907
0.8968693112029109
0.4656076565236523
-0.14350029752555368
-0.6977960153156242
-0.9855573724693889
-0.8968693112029157
-0.4656076565236619
0.14350029752554302
0.697796015315535
0.9855573724693678
0.8968693112028702
0.4656076565236714
-0.14350029752553234
-0.6977960153156088
-0.9855573724693852
-0.8968693112029252
-0.46560765652368097
0.14350029752552168
-0.9376978141244485
-0.9628405585583598
-0.6202109353698501
-0.04068181506458442
0.5543863758715922
0.9376978141244843
0.962840558558332
0.6202109353698585
0.0406818150644816
-0.5543863758714886
-0.937697814124441
-0.962840558558335
-0.6202109353698669
-0.040681815064492366
0.5543863758715742
0.9376978141244767
0.9628405585583378
0.6202109353698755
0.040681815064503135
-0.5329703422492037
0.06616297655094741
0.6400242871055882
0.9694180736112207
0.9285271053058427
0.5329703422492128
-0.06616297655093666
-0.6400242871055799
-0.9694180736111901
-0.9285271053058045
-0.5329703422491258
0.0661629765509259
0.6400242871055716
0.9694180736112153
0.9285271053058507
0.532970342249231
-0.06616297655102858
-0.6400242871055634
-0.9694180736112127
-0.9285271053058125
-0.532970342249144
0.06616297655101783
0.640024287105555
0.96941807361121
0.9285271053058587
0.5329703422492493
-0.06616297655112051
-0.6400242871055468
-0.9694180736112074
-0.9285271053058205
-0.5329703422491623
0.06616297655099632
0.6400242871055385
0.9694180736112327
0.9285271053058245
0.5329703422491714
-0.066162976551099
-0.6400242871056175
-0.96941807361123
-0.9285271053058285
-0.5329703422491805
0.0661629765509748
0.640024287105522
0.9694180736112273
0.4003321992962239
0.8625043734369603
0.995229192370224
0.7478102864141413
0.21475326818467216
0.7757257393185475
0.2566415586613652
-0.3604709744787011
-0.83989584732571
-0.9985090535042024
-0.7757257393184825
-0.25664155866126576
0.3604709744787971
0.8398958473257658
0.9985090535042092
0.775725739318561
0.25664155866138605
-0.360470974478681
-0.8398958473256983
-0.9985090535042159
-0.7757257393186396
-0.2566415586612866
0.36047097447877696
0.8398958473257542
0.9985090535042104
0.7757257393185747
0.2566415586611871
-0.36047097447887294
-0.83989584732581
-0.9985090535042047
-0.7757257393185097
-0.2566415586613074
0.36047097447875687
0.8398958473257425
0.9985090535042115
0.7757257393185882
0.2566415586614277
-0.3604709744786408
-0.8398958473256749
-0.9985090535042059
-0.7757257393185233
-0.25664155866132826
0.36047097447873677
0.8398958473258542
0.9985090535042003
0.7757257393184583
0.2566415586612288
-0.36047097447883275
-0.8398958473257866
-0.9989402769386873
-0.8352126202211909
-0.3524621304120818
0.2649169134672343
0.7811067005969313
0.998940276938692
0.8352126202211343
0.3524621304119855
-0.26491691346733354
-0.7811067005968536
-0.9989402769386863
-0.8352126202212028
-0.35246213041210195
0.2649169134672135
0.7811067005967759
0.9989402769386806
0.8352126202211462
0.35246213041200564
-0.2649169134673127
-0.7811067005968402
-0.9989402769386854
-0.8352126202210896
-0.3524621304119094
0.264916913467412
0.7811067005969045
0.99894027693869
0.835212620221158
0.35246213041202584
-0.26491691346729196
-0.7811067005968267
-0.9989402769386844
-0.8352126202212266
-0.3524621304121423
0.26491691346717194
0.781106700596891
0.9989402769386786
0.8352126202211699
0.352462130412046
-0.26491691346727114
-0.7811067005969552
-0.9989402769386938
-0.8352126202211133
-0.35246213041194974
0.2649169134673704
0.7811067005968775
0.998940276938688
0.8352126202211818
0.3524621304120662
-0.2649169134672504
-0.7811067005967998
-0.9989402769386824
-0.8352126202212502
-0.35246213041218266
0.26491691346713037
0.781106700596864
0.998940276938687
0.8352126202210686
0.35246213041208635
-0.26491691346744883
-0.7811067005969283
-0.9989402769386918
-0.8352126202211371
-0.3524621304119901
0.2649169134673288
0.7811067005968506
0.998940276938686
0.8352126202212055
0.35246213041210656
-0.2649169134672088
-0.6051768980166433
-0.9575289598222106
-0.9441375041879791
-0.5701176120073979
0.021667830375067566
0.6051768980167251
0.9575289598222403
0.9441375041880201
0.5701176120075001
-0.021667830374943128
0.4915932021827394
0.9095653279564944
0.98011441343934
0.6762931058520532
0.11415081818653226
-0.49159320218263103
-0.9095653279564426
-0.9801144134393647
-0.6762931058521449
-0.11415081818643003
0.4915932021827206
0.9095653279565798
0.9801144134393442
0.6762931058519016
0.7580928880378887
0.9966321768871057
0.8544918484471568
0.3859646770101244
-0.22998788258788908
-0.7026131419468609
-0.15017441932843614
0.45962582723266765
0.8938646298981928
0.98667752528398
0.7026131419469495
0.15017441932855918
-0.459625827232759
-0.893864629898239
-0.9866775252839632
-0.7026131419468762
-0.15017441932823267
0.4596258272328504
0.8938646298982851
0.9866775252839465
0.702613141946803
0.1501744193283557
0.6214502847234938
0.04226136946595386
-0.5530699525164623
-0.9371473507938965
-0.9632663135350105
-0.6214502847235914
-0.04226136946607822
0.553069952516548
0.8958752412019736
0.9859346310556814
0.6994005025317354
0.14571915378944375
-0.463621958888538
-0.8958752412019183
-0.9859346310557022
-0.6994005025318243
-0.1457191537895669
0.4636219588884278
0.895875241201964
0.985934631055685
0.6994005025317508
0.1457191537894651
-0.4636219588885189
-0.8958752412020098
