-0.9823626803412974
-0.6848408040778284
-0.12573301753943658
0.4814005081909335
0.9046554019938389
0.9823626803412974
0.6848408040778282
0.3742065039654744
0.84781937148679
0.9975940554207253
0.7663217171587898
0.2423405292593802
-0.3742065039654743
-0.8478193714867909
-0.9975940554207253
-0.7663217171587899
-0.24234052925938035
0.37420650396547417
0.8478193714867918
0.9975940554207253
0.76632171715879
0.24234052925938046
-0.37420650396547733
-0.8478193714867898
-0.9249873389396319
-0.971687652843618
-0.6472363098099478
-0.07556269518193902
0.5249733007240224
-0.5927504266093335
-0.9529392995302379
-0.9491377492461065
-0.5827978387555411
0.006151037569664784
0.5927504266093363
-0.7287174173500486
-0.18702089981592002
0.42611124484130664
0.8764833769576807
0.9920686496505035
0.728717417350051
0.18702089981591663
-0.42611124484130974
-0.8764833769576824
-0.992068649650504
-0.7287174173500487
-0.18702089981591327
0.4261112448413064
0.8764833769576806
0.9920686496505045
0.7287174173500464
0.18702089981590989
-0.42611124484131596
-0.8764833769576789
-0.992068649650504
-0.728717417350044
-0.1870208998159205
0.4261112448413062
-0.98972158897669
-0.551765598508033
0.04382470476537209
0.6226754603653462
0.9636853540662436
0.9366001969743085
0.5517655985080302
-0.04382470476538971
-0.6226754603653489
-0.9636853540662444
-0.9366001969743073
-0.5517655985080392
0.04382470476537894
0.6226754603653516
0.9636853540662453
0.9366001969743061
0.5517655985080363
-0.04382470476538237
-0.6226754603653432
-0.9636853540662424
-0.9366001969743099
-0.5517655985080334
0.043824704765385795
0.6226754603653569
0.9636853540662472
0.022681249398813844
0.6059835592097311
0.9578207460261772
0.9438029629904003
0.5692845267751457
-0.02268124939881727
-0.6059835592097451
-0.9578207460261782
-0.9438029629903945
-0.569284526775143
0.8280207498347978
0.34031316232127257
-0.27738248638000645
-0.7891274531680987
0.10752705808264264
-0.4973861491646739
-0.912314752964508
-0.9787701295698602
-0.6713685838526603
-0.10752705808263922
0.4973861491646769
0.9123147529645095
0.9561893243281484
0.6014998693618927
0.017057908527976257
-0.5738995935865945
-0.9456469570808725
-0.9561893243281515
-0.6014998693618786
-0.017057908527987033
0.5738995935866089
0.9456469570808691
0.9561893243281546
0.6014998693618645
0.017057908527997812
-0.5738995935866233
-0.9456469570808655
-0.9561893243281495
-0.601499869361873
-0.017057908527980174
0.5738995935866146
0.9456469570808621
0.9561893243281443
0.6014998693618817
0.017057908527962535
-0.5738995935866057
-0.9456469570808678
-0.9561893243281475
-0.6014998693618676
-0.017057908527973314
0.5738995935865969
0.9456469570808735
0.9561893243281506
0.6014998693618535
0.017057908527984094
-0.5738995935866114
-0.94564695708087
-0.9561893243281455
-0.6014998693618622
-0.017057908527994874
0.5738995935866258
0.9456469570808665
0.9561893243281403
0.9702619092326554
0.9272361952115945
0.530037770218833
-0.06961706767631803
-0.642680551916217
-0.9702619092326529
-0.9272361952115878
-0.5300377702188421
0.3524560708952541
-0.2649231571546469
-0.7811107435784459
-0.9989405749329503
-0.8352090594044269
-0.3524560708952642
0.2649231571546639
0.7811107435784392
0.9989405749329499
0.8352090594044328
0.35245607089527425
-0.2649231571546809
-0.7811107435784325
-0.9989405749329506
-0.8352090594044387
-0.35245607089528436
0.2649231571546705
0.7811107435784257
0.9989405749329514
0.8352090594044447
0.35245607089526787
-0.26492315715466014
-0.781110743578419
-0.998940574932951
-0.8352090594044506
-0.3524560708952513
0.26492315715464976
0.78111074357843
0.9989405749329504
0.8352090594044566
-0.40822816232059767
0.20631383935499392
0.8378899806005743
0.9987034376895844
0.7780461262625341
0.26020163941838337
-0.3570310297551199
-0.8378899806005684
-0.9987034376895848
-0.7780461262625409
-0.2602016394183938
0.3570310297551364
0.8378899806005781
0.9987034376895854
0.7780461262625477
0.26020163941837676
-0.3570310297551263
-0.8378899806005722
-0.9987034376895859
-0.7780461262625366
-0.26020163941838714
0.35703102975511625
0.8378899806005817
0.998703437689585
0.7780461262625433
0.2602016394183976
-0.35703102975513273
-0.8378899806005758
-0.9987034376895856
-0.7780461262625322
-0.26020163941838054
0.35703102975512263
0.83788998060057
0.9987034376895847
0.778046126262539
0.2602016394183909
-0.3570310297551126
-0.8378899806005796
-0.9987034376895852
-0.7780461262625458
-0.26020163941837393
0.35703102975512907
0.8378899806005582
0.9987034376895858
0.7780461262625169
0.2602016394183843
-0.35703102975511897
-0.8378899806005523
-0.9987034376895835
-0.7780461262625237
-0.26020163941839475
0.3570310297551089
0.8378899806005775
0.998703437689584
0.7780461262625304
0.26020163941840513
-0.35703102975509887
-0.8378899806005716
-0.9987034376895846
0.16424643752367454
0.7126808978942489
0.9888954784019783
0.8873855974812686
0.44692457944982233
-0.1642464375236639
-0.7126808978942414
-0.9888954784019768
-0.8873855974812735
-0.446924579449832
0.16424643752370935
-0.9523873284396474
-0.5912872405920628
-0.004335523952407239
0.5842722154779827
0.9848683260031957
0.8986409247201113
0.46916323387555603
-0.13951886603766317
-0.6949095011962924
-0.9848683260031939
-0.898640924720116
-0.4691632338755656
-0.7206960368615573
-0.9905381714618487
-0.8820283917178747
-0.4366137453801046
0.17557251173746027
0.7206960368615498
0.9905381714618473
0.8820283917178798
0.4366137453801143
-0.17557251173750563
-0.7206960368615817
-0.9905381714618458
-0.8820283917178849
-0.4366137453800729
0.17557251173755098
0.7206960368615742
0.9905381714618443
0.8820283917178632
0.4366137453800826
-0.17557251173754035
-0.7206960368615668
0.893745808490468
0.4593904993972164
-0.15043636635697039
-0.7028016533069109
-0.9867205960431397
-0.8937458084904729
-0.459390499397226
0.15043636635701593
0.7028016533069033
0.9867205960431379
0.8937458084904777
0.45939049939718507
-0.15043636635700527
-0.7028016533068956
-0.9867205960431361
-0.8937458084904826
-0.4593904993971946
0.15043636635699462
0.7028016533068879
0.9867205960431343
0.8937458084904873
0.4593904993972042
-0.15043636635704016
-0.7028016533068803
-0.9867205960431327
-0.8937458084904667
-0.4593904993971633
0.1504363663570295
0.7028016533068726
0.9867205960431401
0.8937458084904716
0.45939049939717286
-0.15043636635701885
-0.7028016533069054
-0.9867205960431291
-0.8937458084904764
-0.45939049939718246
0.1504363663570082
0.7028016533068977
0.9867205960431367
0.8937458084904557
0.459390499397192
-0.15043636635699753
-0.70280165330689
-0.9867205960431441
-0.8937458084904606
-0.4593904993972016
0.15043636635704305
0.7028016533069228
0.9867205960431423
0.8937458084904654
0.45939049939721116
-0.1504363663570324
-0.7028016533069151
-0.9867205960431406
-0.8937458084904703
-0.45939049939722076
0.1722824194033085
0.7183758553354344
0.9900741312266589
0.5252915964836268
0.925129399755111
0.9715992163119316
0.6469511556803843
0.07518974263990354
-0.5252915964836176
-0.9251293997551284
-0.9715992163119341
-0.6469511556803491
-0.07518974263991429
0.5252915964836083
0.9251293997551243
0.9715992163119367
0.6469511556803573
0.07518974263992503
-0.5252915964835992
-0.9251293997551419
-0.9715992163119392
-0.6469511556803655
-0.0751897426398791
0.5252915964836384
0.9251293997551377
-0.525374067364803
-0.9251661921502783
-0.9715762767766423
-0.6468772463374324
-0.07509309434628074
0.5253740673647938
0.9251661921502742
0.9715762767766448
0.6468772463374406
0.0750930943462915
-0.5253740673647845
-0.9251661921502701
-0.9715762767766474
-0.6468772463374488
-0.3922506256938268
-0.8580166145621394
-0.9960494195798527
-0.7536252007926674
-0.22334177008111383
0.3922506256938169
0.858016614562163
0.9960494195798487
0.7536252007926745
0.22334177008112435
-0.392250625693807
-0.8580166145621575
-0.9960494195798496
-0.7536252007926442
-0.22334177008113484
0.39225062569379704
0.858016614562152
0.9960494195798506
0.7536252007926513
0.22334177008114536
-0.39225062569383945
-0.8580166145621756
-0.9960494195798515
-0.7536252007926583
-0.22334177008115585
0.3922506256938295
0.9849776066865512
0.6953636198288909
0.14014436473677502
-0.4686052743530226
-0.8983636259474488
-0.9849776066865531
-0.6953636198288987
-0.14014436473667313
0.46860527435311355
0.898363625947494
0.984977606686555
0.6953636198289065
0.1401443647367964
-0.4686052743530036
-0.8983636259474892
-0.9849776066865568
-0.6953636198288325
-0.1401443647366945
0.4686052743530945
0.8983636259474845
0.9849776066865586
0.9444764987238802
0.5709636620484435
-0.02063788718837341
-0.6043564649752183
-0.9572314144623159
-0.9444764987238837
-0.5709636620483591
0.020637887188476294
0.6043564649753004
0.9572314144623127
0.9444764987238873
0.5709636620484613
-0.020637887188465515
-0.6043564649752011
-0.9572314144623096
-0.9444764987238535
-0.5709636620483768
0.02063788718845474
0.6043564649752832
0.9572314144623064
0.9444764987238944
0.5709636620484789
-0.02063788718844396
-0.6043564649752746
-0.9572314144623033
-0.9444764987238605
-0.5709636620483944
0.020637887188433183
0.604356464975266
0.9572314144623002
0.6202316373671934
0.9628476857172497
0.9376886441124322
0.554364411321497
-0.04070818444090669
-0.6202316373671849
-0.962847685717216
-0.9376886441124359
-0.5543644113216006
0.04070818444089592
0.6202316373672656
0.9628476857172438
0.9376886441124397
0.554364411321515
0.9729058739606877
0.6512005198732164
0.08075870068579669
-0.5205301972763156
-0.922994252049622
-0.9729058739606903
-0.6512005198731382
-0.08075870068569412
0.5205301972764034
0.9229942520496179
0.9729058739606927
0.6512005198732327
0.08075870068581817
-0.5205301972762971
-0.897036628550281
-0.9854932164663998
-0.6975248913748402
-0.14312576577719052
0.46594253768158583
0.8970366285502762
0.9854932164663823
0.6975248913747665
0.1431257657770887
-0.4659425376815763
-0.8970366285502714
-0.9854932164664034
-0.6975248913747742
-0.14312576577721187
0.4659425376815668
0.8970366285503169
0.985493216466386
0.6975248913747819
0.14312576577711003
-0.46594253768155725
-0.8970366285502619
-0.9854932164664071
-0.6975248913748712
-0.1431257657771207
0.4659425376815477
0.8970366285503074
0.9854932164663897
0.6975248913747975
0.14312576577713138
-0.46594253768153815
-0.8970366285502523
-0.9854932164663914
-0.6975248913748051
-0.14312576577714203
0.4659425376816292
0.8970366285502979
0.9854932164663933
0.6975248913748129
0.1431257657771527
-0.46594253768151905
-0.8970366285502428
-0.9854932164663951
-0.6975248913748205
-0.14312576577716338
-0.5824851547888715
0.006535763068637399
0.5930602415762509
0.9530558651779775
0.9490165414591819
0.5824851547888803
-0.006535763068512934
-0.5930602415761507
-0.9530558651779397
-0.9490165414591852
-0.5824851547888891
0.006535763068615838
0.5930602415762336
0.9530558651779709
0.9490165414591887
0.5824851547888978
-0.006535763068491373
-0.5930602415762248
-0.9530558651779677
-0.949016541459192
-0.5824851547888141
0.006535763068594278
0.5930602415762162
0.9530558651779644
0.9490165414591955
0.5824851547889154
-0.006535763068583497
-0.5930602415762075
-0.9530558651779956
-0.949016541459163
-0.5824851547888317
0.006535763068572717
0.5930602415761989
0.9530558651779579
0.9490165414591664
0.5824851547889328
-0.0065357630685619365
-0.5930602415762817
-0.953055865177989
-0.9490165414591698
-0.5824851547888492
0.006535763068551156
0.5930602415761815
0.9530558651779514
0.9490165414591732
0.582485154788858
-0.006535763068540376
-0.5930602415762644
-0.9530558651779825
-0.9490165414591766
-0.5824851547888668
0.006535763068529595
-0.9955594411513508
-0.8607556743656418
-0.3971724959816196
0.21811707647073875
0.7500933392381164
0.9955594411513498
0.8607556743655895
0.3971724959815251
-0.21811707647083917
-0.7500933392381093
-0.9955594411513488
-0.8607556743656528
-0.39717249598153503
0.21811707647082865
0.7500933392381022
0.9955594411513584
0.8607556743656004
0.3971724959815449
-0.21811707647081813
-0.750093339238095
-0.9955594411513466
-0.8607556743656638
-0.3971724959815548
0.2181170764708076
0.7500933392380879
0.9955594411513564
0.8607556743656114
0.3971724959815647
-0.2181170764707971
-0.7500933392380807
-0.9955594411513446
-0.860755674365617
-0.3971724959815746
0.21811707647078657
0.7500933392381488
0.9955594411513543
0.8607556743656224
0.3971724959815845
-0.21811707647077605
-0.21346620084653742
-0.746934850741797
-0.824966158591187
-0.33520592271500577
0.2825915824079633
0.7924487079857154
0.9996173614538878
0.8249661585911932
0.335205922715123
-0.28259158240795296
-0.7924487079857089
-0.9996173614538875
-0.824966158591135
-0.3352059227150261
0.2825915824079426
0.7924487079857023
0.9996173614538871
0.8249661585912054
0.3352059227151433
-0.28259158240793225
-0.7924487079856958
-0.99961736145389
-0.8249661585911472
-0.3352059227150464
0.2825915824079219
0.7924487079856892
0.9996173614538866
0.8249661585912176
0.33520592271516364
-0.2825915824080206
-0.7924487079856826
-0.9996173614538862
-0.8249661585911594
-0.3352059227150667
0.2825915824079012
0.792448707985676
0.999617361453886
0.8249661585911655
0.3352059227150769
-0.2825915824079999
-0.564186442502014
0.028866955645575527
0.6108941578882917
0.959580555346443
0.9417397956057426
0.5641864425020229
-0.02886695564556475
-0.6108941578883732
-0.959580555346472
-0.9417397956057463
-0.5641864425020319
0.028866955645553975
0.6108941578882747
0.959580555346437
0.9417397956057116
0.5641864425020408
-0.028866955645656837
-0.6108941578883561
-0.9595805553464659
-0.9417397956057535
-0.5641864425020496
0.02886695564564606
0.6108941578883476
0.9595805553464309
0.9417397956057189
0.5641864425019647
-0.028866955645635285
-0.8309280422280381
-0.34520300974229223
0.6186636018993319
0.03871235855439403
-0.556025689973743
-0.9383808235499245
-0.96230637692118
-0.6186636018993404
-0.03871235855440481
0.5560256899736395
0.9383808235498815
0.9623063769211521
0.6186636018993489
0.03871235855441558
-0.556025689973725
-0.938380823549917
-0.9623063769211859
-0.6186636018993573
-0.038712358554426354
0.5560256899737162
0.9383808235499134
0.9623063769212198
0.6186636018992765
0.03871235855432353
-0.5560256899737072
-0.999934816582798
-0.8156753824105502
-0.31985567594395636
0.2981380272385815
0.802253137354832
0.9999348165827979
0.8156753824105564
0.31985567594407427
-0.2981380272384627
-0.8022531373548255
-0.9999348165827978
-0.8156753824105626
-0.3198556759439768
0.298138027238561
0.8022531373548191
0.9999348165827977
0.8156753824105688
0.319855675943987
-0.2981380272384421
-0.8022531373547448
-0.9999348165827989
-0.8156753824105751
-0.3198556759439972
0.2981380272385404
0.8022531373548062
0.9999348165827975
0.8156753824105814
0.31985567594400743
-0.9933911867731554
-0.7362056369560839
-0.19781455653096408
0.4161349610194138
0.8711350673675003
0.9933911867731566
0.7362056369560912
0.1978145565310861
-0.4161349610193006
-0.871135067367495
-0.9933911867731579
-0.7362056369560215
-0.1978145565309852
0.4161349610193942
0.8711350673674897
0.9933911867731591
0.7362056369560288
0.4269981587188722
-0.1860575132037582
-0.7280455389449186
-0.9919449141667507
-0.8769550471444787
-0.4269981587187791
0.18605751320385933
0.7280455389449113
0.9919449141667638
0.8769550471445385
0.4269981587188917
-0.18605751320384872
-0.7280455389449039
-0.9919449141667768
0.7998241396436734
0.999880254960662
0.8180160975625522
0.3236975942401197
-0.2942623880054569
-0.7998241396436669
-0.9998802549606619
-0.8180160975625584
-0.3236975942402375
0.29426238800555526
0.7998241396437288
0.9998802549606635
0.8180160975625647
0.3236975942401401
-0.2942623880054363
-0.7998241396436541
-0.9998802549606632
-0.8180160975625709
-0.32369759424015027
0.29426238800553467
0.7998241396437158
0.9998802549606631
0.8180160975625771
0.3236975942401605
-0.2942623880054157
-0.7998241396436411
-0.9998802549606647
-0.8180160975625832
-0.3236975942400631
0.2942623880055141
0.7998241396437028
0.9998802549606628
0.8180160975625894
0.3236975942400733
-0.29426238800550375
-0.7998241396436964
-0.9998802549606643
-0.8180160975625302
-0.32369759424008354
0.9381481409911095
0.9624890986272281
0.9513854212591722
0.9507265303734026
0.5869224188913152
-0.0010661078479339515
-0.5886474176249454
-0.9513854212590989
-0.9507265303734411
-0.5869224188912319
0.0010661078480368577
0.5886474176252124
0.9513854212591305
0.9507265303734093
0.5869224188911486
-0.0010661078481397639
-0.5886474176251117
-0.9513854212591623
-0.9507265303733773
-0.5869224188912494
0.9943804953862533
0.8666966946848101
0.4079642145509852
-0.20659672934764975
-0.7422447446002037
-0.9943804953862642
-0.8666966946847587
-0.4079642145508912
0.20659672934775045
0.7422447446001204
0.9943804953862511
0.8666966946848209
0.40796421455100484
-0.20659672934762865
-0.742244744600037
-0.9943804953862379
-0.866696694684883
-0.4079642145509109
0.20659672934772935
0.7422447446001059
0.9943804953862487
0.8666966946848317
0.40796421455081694
-0.20659672934783002
-0.7422447446001749
-0.9943804953862596
-0.8666966946847803
-0.40796421455093057
0.20659672934770826
0.7422447446000915
0.9943804953862465
0.8666966946848423
0.40796421455104426
-0.20659672934758647
-0.7422447446001604
-0.9943804953862574
-0.8666966946849045
-0.4079642145509503
0.20659672934768714
0.7422447446002294
0.9943804953862683
0.8666966946847398
0.40796421455085635
-0.20659672934778783
-0.742244744600146
-0.9943804953862551
-0.8666966946848018
-0.40796421455097
0.20659672934766604
0.7422447446000626
0.9943804953862418
0.8666966946848639
0.4079642145510836
-0.20659672934754428
-0.7422447445999791
-0.9943804953862528
-0.8666966946848126
-0.40796421455098963
0.20659672934764495
0.7422447446000481
0.9943804953862637
0.8666966946847612
0.4079642145508957
-0.20659672934774564
-0.7422447446001171
-0.9943804953862505
-0.8666966946848234
-0.40796421455100934
0.20659672934762385
0.7422447446000336
0.9943804953862373
0.8666966946848854
0.40796421455091536
-0.20659672934772455
-0.7422447446001026
-0.9943804953862482
-0.8666966946848341
-0.40796421455082144
-0.6352903293293592
-0.9678915854263981
-0.9307911533156037
-0.5381601370659903
0.060029760152513593
0.6352903293292631
0.9678915854263669
0.9307911533156492
0.20774235053221102
-0.4068947902106236
-0.8661119509383836
-0.99450378446998
-0.743028974274473
0.4088141797295636
-0.2056855739269249
-0.7416204293388632
-0.9942814874946673
-0.8671608118122277
-0.40881417972946965
0.2056855739268031
0.7416204293389322
0.9942814874946783
0.8671608118121765
0.4088141797293757
-0.2056855739271263
-0.7416204293390013
-0.9942814874946893
-0.8671608118122385
-0.4088141797294893
0.2056855739270045
0.7416204293389178
0.997389636022053
0.7644626989902739
0.23953699407571247
-0.37688370101278196
-0.8493476321202579
-0.997389636022062
-0.7644626989903541
-0.23953699407561255
0.37688370101287727
0.8493476321204322
0.9973896360220545
0.7644626989902878
0.23953699407551263
-0.3768837010129726
-0.8493476321203665
-0.9973896360220471
-0.7644626989902215
-0.23953699407563347
0.3768837010128573
0.8493476321203007
0.9973896360220561
0.7644626989903017
0.23953699407575432
-0.376883701012742
-0.8493476321202351
-0.9973896360220487
-0.7644626989902353
-0.23953699407565443
0.3768837010128373
0.8493476321202894
0.9973896360220412
0.764462698990169
0.2395369940755545
-0.3768837010129326
-0.8493476321203437
-0.9973896360220502
-0.7644626989902493
-0.23953699407567536
0.3768837010128173
0.849347632120278
0.9973896360220592
0.7644626989903295
0.23953699407557544
-0.3768837010127021
-0.8493476321202124
-0.9973896360220518
-0.7644626989902632
-0.23953699407547552
0.376883701013008
0.8493476321202666
0.9973896360220443
0.7644626989901968
0.23953699407559637
-0.3768837010128927
-0.8493476321203209
-0.9973896360220533
-0.7644626989902771
-0.2395369940757172
