0.9985322494104147
0.8396642325087517
0.3600730179263398
-0.25705385107218387
-0.7759948859001866
-0.9985322494104147
-0.8396642325087514
-0.36007301792634033
0.25705385107218315
0.7759948859001863
0.9985322494104147
0.839664232508751
0.3600730179263388
-0.25705385107218304
-0.7759948859001862
-0.9985322494104147
-0.1727523226566228
-0.7187076400622348
-0.9901410669382947
-0.8833742599010134
-0.43918851036832823
0.1727523226566227
0.7187076400622322
0.9901410669382952
0.8833742599010134
0.43918851036832834
-0.17275232265662255
-0.7187076400622322
-0.9901410669382947
-0.8833742599010118
-0.43918851036832846
-0.07168966296813319
-0.6442710282192514
-0.9707627586574626
-0.9264561103011304
-0.5282747168947901
0.07168966296812952
0.6442710282192541
0.9707627586574635
0.9264561103011292
0.5282747168947932
-0.07168966296813295
-0.6442710282192566
-0.9707627586574643
-0.9264561103011305
-0.5282747168947903
0.07168966296813636
0.6442710282192539
0.9707627586574634
0.9264561103011318
0.5282747168947873
-0.07168966296813979
-0.644271028219262
-0.9707627586574625
-0.9264561103011306
-0.5282747168947965
0.07168966296812904
0.6442710282192536
0.9707627586574634
0.9264561103011293
0.5282747168947937
-0.07168966296813245
-0.6442710282192563
-0.9707627586574642
-0.9264561103011334
-0.5282747168947907
0.07168966296813588
0.644271028219259
0.9707627586574651
0.9264561103011321
0.5282747168947878
-0.07168966296814638
-0.644271028219267
-0.8307806121028487
-0.7409780572646251
-0.14631004378843573
0.4630926561553917
0.8956097013883257
0.9860342813450595
0.6998272799005529
-0.9999933773588121
-0.8111508226900229
-0.31247622375609463
0.3055536719764677
0.8068724504013324
0.9999933773588121
0.8111508226900292
0.31247622375609135
-0.30555367197645744
-0.8068724504013345
-0.9999933773588121
-0.8111508226900273
-0.31247622375610157
0.3055536719764607
0.806872450401328
0.9999933773588121
0.8111508226900253
0.3124762237560848
-0.30555367197646394
-0.8068724504013385
-0.9999933773588121
-0.8111508226900149
-0.3124762237560816
0.3055536719764672
0.8068724504013322
0.9999933773588121
0.8111508226900213
0.3124762237560783
-0.30555367197645694
-0.8068724504013342
-0.999993377358812
-0.8111508226900193
-0.3124762237560886
0.3055536719764602
0.8068724504013361
0.9999933773588121
0.8111508226900173
0.3124762237560853
-0.3055536719764635
-0.8068724504013298
-0.9999933773588121
-0.8111508226900235
-0.312476223756082
0.30555367197646677
0.8068724504013403
0.9999933773588121
0.8111508226900298
0.31247622375606526
0.05950918785144977
-0.5385996102055415
-0.9309816634914584
-0.9677603642265514
-0.6348874987920757
-0.059509187851460525
0.5385996102055564
0.9309816634914545
0.967760364226547
0.6348874987920841
0.05950918785144292
-0.5385996102055473
-0.9309816634914505
-0.9677603642265498
-0.549739274495774
-0.935746771972367
-0.9643308074185168
-0.6245732508294064
-0.046249940887509486
0.5497392744957887
-0.9976177482352901
-0.7665417803588876
-0.24267290618227103
0.3738887700073043
0.8476376440659374
0.9976177482352889
0.7665417803588946
0.24267290618225393
-0.37388877000729426
-0.8476376440659468
-0.9976177482352897
-0.7665417803589015
-0.2426729061822368
0.37388877000728427
0.8476376440659561
0.9976177482352905
0.766541780358872
0.24267290618224727
-0.37388877000730064
-0.8476376440659504
-0.9976177482352913
-0.7665417803588789
-0.24267290618225773
0.373888770007317
0.8476376440659447
0.99761774823529
0.7665417803588858
0.24267290618226817
-0.373888770007307
-0.8476376440659541
-0.9976177482352888
-0.7665417803588928
-0.24267290618225107
0.37388877000729703
0.8476376440659634
0.9976177482352895
0.7665417803588814
0.24267290618223394
-0.373888770007287
-0.8476376440659577
-0.9976177482352883
-0.7665417803588701
-0.2426729061822444
0.37388877000730336
0.847637644065952
0.997617748235287
0.766541780358877
0.2426729061822273
-0.37388877000731974
-0.8476376440659462
-0.9976177482352878
-0.7665417803588839
-0.24267290618221019
0.37388877000730975
0.8476376440659557
0.9976177482352886
0.7665417803588909
0.24267290618222065
-0.37388877000729975
0.929156963115766
0.5344081133738344
0.7927279268421774
0.9996299231216168
0.9074627157579837
0.981100517637065
0.6799912681589079
0.11914846629721212
-0.48720499998259387
-0.9074627157579791
-0.981100517637067
-0.6799912681589159
-0.11914846629722282
0.4872049999825845
0.9074627157579984
0.9811005176370691
0.6799912681589237
0.11914846629723352
-0.4872049999826247
-0.9074627157579939
-0.9811005176370712
-0.6799912681589316
-0.9978698776184001
-0.7689490581872013
-0.2463158341457384
0.3704016665721074
0.845638320149055
0.9978698776184007
0.7689490581872082
0.24631583414574887
-0.37040166657209733
-0.8456383201490493
-0.9978698776183977
-0.768949058187215
-0.2463158341457593
0.37040166657208734
0.8456383201490739
0.9978698776183984
0.03374482548234963
-0.5601503602539604
-0.9400871471837153
-0.9609425962762278
-0.6147506348287981
-0.03374482548236041
0.5601503602539044
-0.7574351840223713
-0.9965490184034204
-0.8550149992096993
-0.38689431120886264
0.2290068536197688
0.7574351840224014
0.9965490184034195
0.8550149992097049
0.3868943112088726
-0.22900685361981366
-0.7574351840223944
-0.9965490184034186
-0.8550149992097105
-0.3868943112088825
0.11394136682114082
0.6761377888383078
0.9800725565974037
0.9096529191773252
0.491776784597096
-0.11394136682113011
-0.6761377888382998
-0.9800725565974016
-0.9096529191773296
-0.49177678459705587
0.11394136682117588
0.6761377888382919
0.9800725565973994
0.3869427912753864
0.8550422635547263
0.996544652973779
0.7574008562638461
0.22895567556941995
-0.38694279127537645
-0.8550422635547208
-0.9965446529737799
-0.7574008562638532
-0.2289556755693751
0.3869427912753665
0.8550422635547152
0.9965446529737808
0.7574008562638602
0.2289556755693856
-0.386942791275409
-0.8550422635547096
-0.9965446529737817
-0.7574008562638301
-0.22895567556934077
0.38694279127539905
0.855042263554704
0.9965446529737826
0.7574008562638372
0.22895567556935126
-0.3869427912753891
-0.8550422635546985
-0.9965446529737787
-0.7574008562638442
0.6523786303902913
0.08230694522306566
-0.5192031955091929
-0.9223953626245336
-0.9732638522825523
-0.6523786303902994
-0.0823069452230764
0.5192031955092322
0.9223953626245515
0.9732638522825547
0.6523786303903076
0.08230694522308715
0.7688358055513645
0.9911462109621952
0.7238109685542878
0.18000453758865248
-0.4325575086066348
-0.8798972886031754
-0.9911462109621891
-0.7238109685542953
-0.18000453758866308
0.43255750860662506
0.8798972886031973
0.9911462109621906
0.7238109685543027
0.18000453758867369
-0.43255750860661535
-0.8798972886031922
-0.991146210962192
-0.7238109685543102
-0.18000453758862836
0.43255750860660563
0.879897288603214
0.9911462109621935
0.7238109685543176
0.1800045375886949
-0.43255750860664716
-0.8798972886032089
-0.9911462109621949
-0.723810968554325
-0.1800045375887055
0.43255750860663744
0.8798972886032038
0.9911462109621964
0.7238109685542932
0.1800045375887161
-0.4325575086066277
-0.8798972886031987
-0.9911462109621977
-0.7238109685543006
-0.1800045375886708
0.43255750860666925
0.8798972886031936
0.9911462109621991
0.723810968554308
0.1800045375886814
-0.43255750860665954
-0.8798972886031884
-0.991146210962193
-0.7238109685542763
-0.180004537588692
0.4325575086066498
0.8798972886031833
0.9911462109621945
0.7238109685542837
0.18000453758864668
-0.4325575086066401
-0.8798972886031782
-0.9911462109621959
-0.7238109685542912
-0.18000453758865728
0.4325575086066304
0.8798972886031731
0.9911462109621898
0.7238109685542986
0.18000453758866788
-0.4325575086066207
0.18285428922538505
-0.4299429802020921
-0.8785166444167499
-0.9915268101467405
-0.7258074351574694
-0.18285428922539565
0.4299429802020824
0.8785166444167447
0.9915268101467419
0.7258074351574768
0.18285428922535035
-0.4299429802020726
-0.8785166444167396
-0.9915268101467433
-0.7258074351574451
-0.18285428922536096
0.4299429802020629
0.8785166444167345
0.9915268101467299
0.7258074351574525
0.18285428922537156
-0.9964423287268196
-0.7566017463042306
-0.22776501274097286
0.388070214241277
0.8556758094048239
0.9964423287268205
0.7566017463041633
0.22776501274087266
-0.38807021424137184
-0.8556758094048772
-0.9964423287268214
-0.7566017463042447
-0.22776501274099384
0.38807021424125715
0.8556758094048715
0.9964423287268223
0.7566017463041774
0.22776501274089364
-0.38807021424135196
-0.855675809404866
-0.9964423287268231
-0.7566017463042588
-0.22776501274101485
0.388070214241342
0.8556758094048604
0.9964423287268145
0.7566017463041915
0.22776501274091465
-0.3880702142413321
-0.8556758094048549
-0.996442328726825
-0.7566017463042729
-0.22776501274103583
0.917248800083924
0.9761934021823583
0.6622653042404709
0.09537436964855758
-0.5079463324935056
-0.9172488000839196
-0.9761934021823606
-0.6622653042405642
-0.09537436964868148
0.5079463324933984
0.9172488000839154
0.9761934021823383
0.6622653042405723
0.09537436964857905
-0.5162303791188187
-0.9210476894426934
-0.9740560876590181
-0.655008167338329
-0.08576939000319622
0.6808296669240683
0.981321248686082
0.9069814673324813
0.4862055926241299
-0.1202842929463398
-0.6808296669240604
-0.98132124868608
-0.9069814673325337
-0.4862055926242386
0.1202842929463291
0.6808296669240524
0.9813212486860997
0.9069814673324904
0.4862055926241487
-0.12028429294631839
-0.6808296669240446
-0.9813212486860757
-0.906981467332495
-0.48620559262425744
0.12028429294630769
0.68082966692412
0.9813212486860956
0.9069814673324995
0.4862055926241675
-0.12028429294629699
-0.6808296669240288
-0.9813212486860716
-0.9069814673325519
-0.48620559262417695
0.12028429294628629
0.6808296669241042
0.9813212486860914
0.9069814673325085
0.4862055926241864
-0.12028429294627559
-0.680829666924013
-0.9813212486860894
-0.9069814673325131
-0.48620559262419577
0.12028429294637774
0.6808296669240884
0.9813212486860873
0.9069814673325176
0.4862055926242052
-0.12028429294625417
-0.6808296669240805
-0.9813212486860852
-0.9069814673325222
-0.4862055926241153
0.12028429294635634
0.6808296669240727
0.9813212486860832
0.9069814673325267
0.4862055926242241
-0.12028429294623277
-0.6808296669240647
-0.9813212486861029
-0.9069814673325313
-0.48620559262413415
0.12028429294633493
0.6808296669240568
0.981321248686079
0.9069814673325358
0.4862055926242429
-0.12028429294632423
-0.6808296669240489
-0.9813212486860988
-0.9069814673324924
-0.48620559262415297
0.12028429294631353
0.680829666924041
0.9813212486860748
0.9069814673325449
0.4862055926242617
-0.12028429294630283
-0.6808296669241164
-0.9813212486860946
-0.9069814673325015
-0.48620559262417185
0.12028429294629212
0.6808296669240252
0.9813212486860707
0.9069814673325539
0.4862055926241812
-0.4311830413774182
0.18150334455731837
0.7248616219428453
0.9913473968866031
0.8791721608784393
0.4311830413774279
-0.18150334455719597
-0.7248616219427596
-0.9913473968866017
-0.8791721608784444
-0.4311830413773351
0.18150334455729716
0.7248616219428304
-0.2528240678250326
0.3641504756918482
0.8420319145139573
0.9982857816037994
0.7732284106067738
0.252824067825043
-0.36415047569183817
-0.8420319145138903
-0.9982857816038001
-0.7732284106067807
-0.25282406782505346
0.11056551601477341
0.6736308269955582
0.9793920579337596
0.9110588110529997
0.9704789687783868
0.926899411620735
0.5292757833762413
-0.07051320469573451
-0.23989645765129405
-0.9607448113152605
-0.6141874956155055
-0.03303143205582237
0.5607415158521011
0.9403302636076762
0.9607448113152635
0.614187495615514
0.03303143205571952
-0.5607415158521862
-0.9403302636077113
-0.9607448113152665
-0.6141874956155224
-0.5012894897443887
0.10304689250395851
-0.7235449860714561
-0.17962541461856044
0.4329049599754303
0.8800803537570664
-0.995387530118583
-0.8616750369358113
0.07510279163152449
0.6468846623414592
0.9715785788380015
0.9251625009597314
0.5253657928316584
-0.07510279163151373
-0.6468846623415377
-0.9715785788379989
-0.9251625009596923
-0.5253657928316676
0.07510279163150298
0.6468846623414428
0.9715785788379964
0.9251625009596964
0.5253657928316767
-0.5754934943885086
-0.9462785331200011
-0.9556173350240406
-0.599942795187483
-0.015110498894941335
0.5754934943884997
0.9462785331199977
0.9556173350240772
0.5999427951875825
0.015110498894952114
-0.8333103342420993
-0.3492313197715697
0.26824218891564333
0.7832562986537588
0.9990931242085997
0.8333103342421053
0.3492313197716863
-0.49942835924136153
-0.9132768336025441
-0.9782845986654399
-0.6696208977086702
-0.10518477340442452
0.4994283592413522
0.9132768336025396
0.9782845986654658
0.6696208977086782
0.10518477340443524
-0.49942835924144136
-0.9132768336025816
-0.9782845986654445
-0.6696208977086862
0.9919825601700735
0.8768120168242236
0.42672908479578775
-0.18634985363643586
-0.7282494817781145
-0.5691550264358163
-0.9437508937038462
-0.9578659964901237
-0.6061088452849894
-0.022838716062844724
0.5691550264358074
0.9437508937038427
0.9578659964900941
0.6061088452849076
0.0228387160628555
-0.5691550264357985
-0.9437508937038391
-0.9578659964901298
-0.6061088452850065
-0.022838716062866277
0.5691550264357896
0.9437508937038355
0.9578659964901003
0.6061088452849247
0.022838716062877056
-0.5691550264357808
-0.9437508937038696
-0.9578659964901034
-0.6061088452850237
-0.022838716062774177
0.5691550264358654
0.943750893703866
0.9578659964901065
0.6061088452849419
0.022838716062898612
-0.5691550264357631
-0.9437508937038624
-0.9578659964901096
-0.6061088452849505
-0.022838716062795732
0.5691550264358477
0.9437508937038589
0.9578659964901127
0.606108845284959
0.022838716062920168
-0.5691550264357453
-0.9437508937038552
-0.9578659964901158
-0.6061088452849676
-0.022838716062817288
0.5691550264358299
0.9437508937038517
-0.9711744529292171
-0.9258069151377166
-0.5268126027832284
0.0734062181325972
0.6455863587073617
0.9711744529292146
0.9258069151377207
0.5268126027833342
-0.07340621813247308
-0.6455863587073535
-0.971174452929212
-0.9258069151376819
0.33891442783237125
-0.2788109456292655
-0.7900400142960996
-0.9995006499741941
-0.10080016822803077
0.5032424319206078
0.9150635276567898
0.977361457693386
0.6663405301852798
0.1008001682280415
-0.5032424319205985
-0.9150635276567395
-0.9773614576934123
-0.6663405301852878
-0.10080016822805223
0.5032424319205892
0.915063527656781
0.9773614576933906
0.6663405301852959
0.10080016822806295
-0.5032424319205798
-0.9150635276567767
-0.9773614576934169
-0.6663405301853886
-0.10080016822796056
0.5032424319205705
0.9150635276567723
0.9773614576933951
0.6663405301853119
0.1008001682280844
-0.5032424319205612
-0.915063527656768
-0.9773614576933974
-0.66634053018532
-0.10080016822798202
0.5032424319206501
0.9150635276567637
-0.7176403021911223
-0.17124134810147418
0.44056598068368186
0.8840920791345019
0.9899250525405299
0.7176403021911298
0.1712413481014848
-0.4405659806835701
-0.8840920791344438
-0.9899250525405153
-0.7176403021911373
-0.17124134810138342
0.4405659806836625
0.8840920791344918
0.989925052540533
0.7176403021911448
0.17124134810139405
-0.4405659806836528
-0.8840920791344337
-0.9899250525405183
-0.7176403021910732
-0.17124134810140468
0.4405659806836431
0.8840920791344817
0.989925052540536
0.7176403021911598
0.17124134810141528
-0.44056598068363345
-0.8840920791345299
-0.9899250525405214
-0.7176403021910882
-0.1712413481014259
0.4405659806836238
0.8840920791345248
-0.2818799637361643
-0.6822372602368733
-0.7943837910250229
-0.9997002483929278
-0.823165189436476
-0.3322090064710604
0.28563972559756573
0.7943837910250163
0.9997002483929275
0.8231651894364176
0.33220900647096335
-0.2856397255975554
-0.7943837910250098
-0.9997002483929273
-0.8231651894364883
-0.33220900647108076
0.2856397255974361
0.7943837910250032
-0.9909706609581082
-0.8805217006533639
-0.43374337853092076
0.1787101717951099
0.7229025106308252
0.9909706609581067
0.880521700653315
0.43374337853082806
-0.17871017179521115
-0.7229025106308178
-0.9909706609581053
-0.8805217006533201
-0.4337433785308378
0.1787101717953124
0.4979316680752237
-0.10690175084084723
-0.6709023343926747
-0.9786410293380544
-0.9125721138615092
-0.49793166807523304
0.10690175084083652
0.6709023343925823
0.9786410293380289
0.9125721138614671
0.49793166807514383
-0.10690175084071277
-0.6709023343926587
-0.97864102933805
-0.9125721138615179
-0.49793166807525174
0.10690175084081507
0.6709023343925663
0.9786410293380244
0.9125721138614293
0.49793166807506395
-0.10690175084103043
-0.670902334392727
-0.978641029338069
-0.9125721138614803
-0.49793166807517186
0.10690175084090668
0.6709023343926347
0.9786410293380433
0.9125721138615311
0.49793166807527983
-0.10690175084078292
-0.6709023343925423
-0.9786410293380178
-0.9125721138615821
-0.49793166807538775
0.10690175084065917
0.6709023343927872
0.9786410293380857
0.912572113861447
0.4979316680751013
-0.10690175084098756
-0.670902334392695
-0.9786410293380601
-0.912572113861498
-0.4979316680752093
0.1069017508408638
0.6709023343926027
0.9786410293380345
0.9125721138615488
0.4979316680753172
-0.10690175084074005
-0.6709023343925103
-0.9786410293380089
-0.9125721138614138
-0.49793166807542516
0.10690175084061629
0.6709023343927553
0.9786410293380768
0.9125721138614646
0.4979316680751387
-0.10690175084094468
-0.670902334392663
-0.9786410293380512
-0.9125721138615155
-0.49793166807524664
0.10690175084082093
0.6709023343925707
0.9786410293380257
0.9125721138615664
0.9015703193872231
0.9836807669340802
0.6900585955917112
0.973218312438345
0.6522284157400531
0.08210943265735034
-0.5193725629033149
-0.9224718922590719
-0.9732183124383214
-0.6522284157399751
-0.08210943265747438
0.5193725629032085
0.9224718922590238
0.97321831243835
0.6522284157400695
0.08210943265759843
-0.5193725629032965
0.831783167902209
0.34664672699575183
-0.2708969815341666
-0.7849672505677939
-0.9992067099401022
-0.831783167902278
-0.34664672699586857
0.2708969815340468
0.7849672505677169
0.9992067099401063
0.831783167902221
0.3466467269957721
-0.2708969815343647
-0.7849672505677806
-0.9992067099401104
-0.8317831679021638
-0.34664672699567556
0.2708969815342449
0.7849672505678443
0.9992067099401054
0.831783167902233
0.3466467269957923
-0.2708969815341251
-0.7849672505677673
-0.9992067099401005
-0.831783167902302
-0.34664672699590904
0.27089698153422415
0.784967250567831
0.9992067099401046
0.8317831679022448
0.3466467269958125
-0.27089698153432323
-0.7849672505678947
-0.9992067099401087
-0.8317831679021878
-0.34664672699571597
0.2708969815342034
0.7849672505678177
0.9992067099401037
0.8317831679022568
0.34664672699583277
-0.2708969815340836
-0.7849672505677405
-0.9992067099401079
-0.8317831679021997
-0.34664672699573623
0.2708969815341826
0.7849672505678043
0.999206709940112
0.8317831679021426
0.3466467269956397
-0.2708969815342817
-0.7849672505678681
-0.999206709940107
0.630397842748595
0.05372120520165536
-0.5434751068157074
-0.9330824000689656
-0.9662839308002333
-0.6303978427486917
-0.0537212052015526
-0.8783276028272873
-0.42958579544341635
0.1832431847156673
0.7260794965201467
0.9915781191883623
0.8783276028273467
0.42958579544352876
-0.18324318471554493
-0.7260794965200611
-0.9915781191883756
-0.8783276028272975
-0.42958579544343584
0.1832431847156461
0.7260794965201318
0.9915781191883889
0.8783276028272483
0.4295857954433429
-0.18324318471574727
-0.7260794965202025
-0.9915781191883728
-0.8783276028273078
-0.42958579544345527
-0.667525805967762
-0.9776967806385143
-0.9144208157967328
-0.5534624203608357
-0.9373116460325597
-0.9631396809709226
-0.6210810936922506
-0.041790638392826596
0.5534624203609214
0.9373116460325955
-0.45009392950340366
0.16074755212697525
0.7101889324531998
0.988362279016326
0.8890148281935516
0.4500939295033118
-0.1607475521270768
-0.7101889324532722
-0.9883622790163417
-0.8890148281935045
-0.4500939295034229
