-0.995581559018883
-0.8606359031369948
-0.3969565841952368
0.2183466578510423
0.7502488979281678
0.995581559018883
0.8606359031369943
0.39695658419523605
-0.21834665785104304
-0.7502488979281677
-0.995581559018883
-0.8606359031369945
-0.39695658419523616
0.2183466578510429
0.7502488979281677
0.995581559018883
0.8606359031369945
0.3969565841952363
-0.2183466578510428
-0.7502488979281676
-0.9955815590188833
-0.8606359031369927
-0.39695658419523316
0.21834665785104268
0.518755574545261
-0.0828288210465192
-0.6527754222466174
-0.9733839991690694
-0.9221929725142376
-0.5187555745452641
0.08282882104652263
0.65277542224662
0.9733839991690669
0.9221929725142363
0.5187555745452612
-0.08282882104652604
-0.6527754222466227
-0.9733839991690677
-0.9221929725142349
-0.5187555745452582
0.0828288210465153
0.6527754222466144
0.9733839991690685
0.9221929725142336
0.5187555745452553
-0.08282882104651872
-0.6527754222466171
-0.9733839991690693
-0.9221929725142323
-0.5187555745452646
0.08282882104652214
0.6527754222466197
0.97338399916907
0.9221929725142365
0.5187555745452617
-0.08282882104651139
-0.6527754222466114
-0.9733839991690676
-0.9221929725142352
-0.5187555745452587
0.08282882104651482
0.6527754222466141
0.9733839991690684
0.9221929725142338
0.5187555745452679
-0.08282882104651823
-0.6527754222466167
-0.9733839991690691
-0.9221929725142325
-0.022154272892770634
0.5697178053494305
0.9439770459441436
0.9990215904685833
0.7822305675404538
0.266654054850988
-0.35077524355356426
-0.8342203213326898
-0.9990215904685832
-0.95546136164227
-0.946449443954275
-0.5759260073091933
0.014581589123001108
0.5995195141201718
0.9554613616422668
0.9464494439542784
0.5759260073091904
-0.014581589122990329
-0.5995195141201746
-0.955461361642272
-0.9464494439542773
-0.5759260073091993
0.01458158912299376
0.5197383844472634
-0.08168272732327679
-0.6519038135501376
-0.9731198003964999
-0.9226370986169194
-0.5197383844472605
0.08168272732329437
0.6519038135501402
-0.7787527389458695
-0.26128829572820533
0.35597939559508707
0.8372750570957208
0.9987601047182827
0.7787527389458584
0.2612882957282157
-0.3559793955950903
-0.8372750570957149
-0.9987601047182832
-0.7787527389458652
-0.26128829572822615
0.7934606678740832
0.9996619250884665
0.8240263041782026
0.7293538907021025
0.1879342821610983
-0.4252698345141075
-0.8760353287950072
-0.9921851028218778
-0.7293538907020904
-0.1879342821611089
0.4252698345141234
0.876035328795002
0.9921851028218756
0.7293538907020979
0.1879342821611195
-0.4252698345141394
-0.8760353287949968
-0.9921851028218734
-0.7293538907021052
-0.18793428216110217
0.42526983451412964
0.8760353287950053
0.9921851028218748
0.7293538907021125
0.18793428216108485
-0.42526983451411987
-0.8760353287950138
-0.9921851028218761
-0.7293538907021005
-0.18793428216109542
0.42526983451411016
0.8760353287950086
0.9921851028218774
0.7293538907020884
0.18793428216110603
-0.4252698345141261
-0.8760353287950033
-0.9921851028218752
-0.7293538907020958
-0.1879342821611166
0.4252698345141421
0.8760353287949982
0.9921851028218766
0.7293538907021032
0.18793428216109928
-0.4252698345141323
-0.8760353287950067
-0.9921851028218743
-0.7293538907021105
-0.18793428216108193
0.42526983451412254
0.8760353287950152
0.9921851028218758
0.7293538907020986
0.18793428216109254
0.3632433774289585
-0.2537660974740251
-0.7738455483343489
-0.9983423017737477
-0.8415062283423906
-0.36324337742896856
0.25376609747404216
0.773845548334342
0.9983423017737472
0.8415062283423811
0.3632433774289786
-0.2537660974740317
-0.7738455483343353
-0.9983423017737482
-0.841506228342387
-0.3632433774289622
0.2537660974740213
0.7738455483343284
0.9983423017737475
0.8415062283423774
0.3632433774289457
-0.25376609747401085
-0.7738455483343396
-0.9983423017737469
-0.8415062283423679
-0.36324337742895574
0.25376609747402795
0.7738455483343507
-0.7965534184069427
-0.28906900807841357
0.32882993824182594
0.8211270246722588
0.9997814967589328
0.7965534184069321
0.2890690080784239
0.9998806465311992
0.7998393398071745
0.29428659081610975
-0.3236736334334215
-0.8180015309735151
-0.9998806465311989
-0.7998393398071809
-0.29428659081612
0.3236736334334382
0.8180015309735252
0.9998806465311987
0.7998393398071704
0.29428659081604885
-0.323673633433428
-0.8180015309735191
-0.9998806465311988
-0.7998393398071427
-0.2942865908160591
0.32367363343341776
0.8180015309735456
0.999880646531199
0.7998393398071492
0.29428659081606945
-0.32367363343346134
-0.8180015309735393
-0.9998806465311991
-0.7998393398071557
-0.2942865908160798
0.3236736334334511
0.8180015309735332
0.9998806465311985
0.7998393398071622
0.29428659081609004
-0.32367363343344097
-0.818001530973527
-0.9998806465311987
-0.7998393398071686
-0.294286590816046
0.32367363343343075
0.8180015309735208
0.9998806465311988
0.799839339807141
0.29428659081605635
-0.32367363343342054
-0.8180015309735473
-0.999880646531199
-0.7998393398071474
-0.2942865908160666
0.3236736334334641
0.8180015309735411
0.9738079004470526
0.654181042788933
0.08467926158132223
-0.5171671194081079
-0.9214732386475314
-0.9738079004470421
-0.6541810427889411
-0.08467926158133297
0.5171671194080987
0.9214732386475493
0.9738079004470446
0.6541810427889492
0.08467926158134371
-0.5171671194081381
-0.921473238647545
-0.973807900447047
-0.6541810427889574
-0.08467926158135446
0.5171671194081289
0.9214732386475408
0.9738079004470495
0.6541810427889655
0.0846792615813652
-0.5171671194081197
-0.9214732386475588
-0.9738079004470519
-0.6541810427889737
-0.0846792615813193
0.5171671194081591
0.9214732386475546
0.9738079004470543
0.6541810427889388
0.08467926158133005
-0.5171671194081499
-0.9214732386475504
-0.9738079004470569
-0.654181042788947
-0.08467926158134079
0.5171671194081406
0.9214732386475462
0.9738079004470593
0.6541810427889552
0.08467926158129489
-0.5171671194081314
-0.921473238647542
-0.9738079004470488
-0.6541810427889203
-0.08467926158130563
0.5171671194081222
0.9214732386475378
0.9738079004470512
0.6541810427889285
0.08467926158131638
-0.5171671194081129
-0.9214732386475336
-0.9738079004470537
-0.6541810427889366
-0.08467926158132712
0.5171671194081037
0.9214732386475295
0.9738079004470432
0.6541810427889447
0.08467926158133786
-0.5171671194080945
-0.9214732386475474
-0.9738079004470457
-0.654181042788953
-0.0846792615813486
0.5171671194080852
0.9214732386475432
0.9738079004470481
0.654181042788961
0.0846792615813027
-0.517167119408076
-0.921473238647561
-0.2336024229400952
0.38253419765722074
0.8525557566086046
0.9969299938399093
0.7605108578286212
0.2336024229401057
-0.38253419765721075
-0.8525557566085991
-0.9969299938399102
-0.7605108578286282
-0.2336024229400609
0.3825341976572008
0.8525557566085934
0.996929993839911
0.7605108578285982
0.23360242294007139
-0.3825341976571908
-0.8525557566085877
-0.9969299938399119
-0.7605108578286052
-0.23360242294008185
0.3825341976571809
0.8525557566086118
0.9969299938399127
0.7605108578286122
0.23360242294009234
-0.3825341976571709
-0.8525557566086062
-0.9969299938399091
-0.7605108578285823
-0.23360242294010283
0.38253419765716096
0.8525557566086005
0.9969299938399054
0.7605108578285893
0.2336024229401133
-0.38253419765720353
-0.8525557566086246
-0.9969299938399063
-0.7605108578285963
-0.2336024229401238
0.38253419765719354
0.8525557566086189
0.9969299938399072
0.7605108578286033
0.23360242294013428
-0.3825341976571836
-0.8525557566086134
-0.996929993839908
-0.7605108578286103
-0.23360242294008948
0.3825341976572261
0.8525557566086077
0.9969299938399089
0.7605108578285804
0.23360242294009997
-0.3825341976572162
-0.8525557566086021
-0.9969299938399097
-0.7605108578285504
-0.23360242294011044
0.38253419765720625
0.8525557566085964
0.9969299938399061
0.7605108578285574
0.23360242294006567
-0.38253419765719626
-0.8525557566085908
-0.996929993839907
-0.7605108578285645
-0.23360242294007613
0.3825341976571863
0.8525557566085852
0.9969299938399033
0.7605108578285715
0.23360242294008662
-0.38253419765717633
-0.8525557566086093
-0.9969299938399042
-0.7605108578285785
-0.23360242294009712
0.3825341976571664
0.12042363343275213
-0.4860829343615636
-0.9069223425810604
-0.9813482410912947
-0.6809324663046094
-0.12042363343276283
0.4860829343615542
0.9069223425811038
0.9813482410912749
0.6809324663045341
0.12042363343277353
-0.48608293436154476
-0.9069223425810513
-0.9813482410912989
-0.680932466304542
-0.12042363343278423
0.4860829343616347
0.9069223425810947
0.9813482410912792
0.6809324663045498
0.12042363343279493
-0.48608293436152594
-0.9069223425810902
-0.981348241091303
-0.6809324663045577
-0.12042363343269277
0.48608293436161587
0.9069223425810856
0.9813482410912833
0.6809324663045656
0.12042363343281634
-0.48608293436150707
-0.9069223425810811
-0.9813482410912854
-0.6809324663045735
-0.12042363343271417
0.486082934361597
0.9069223425810765
0.9813482410912874
0.6809324663045814
0.12042363343283774
-0.48608293436158756
-0.906922342581072
-0.9813482410912676
-0.680932466304506
-0.12042363343273559
-0.7274880959738851
-0.9918416282619708
-0.877345370010973
-0.42773300028816197
0.18525883743474592
0.7274880959738776
0.991841628261955
0.8773453700110327
0.4277330002882745
-0.1852588374347353
-0.7274880959738702
-0.9918416282619681
-0.8773453700109833
-0.42773300028818145
0.1852588374347247
0.7274880959738629
0.9918416282619522
0.8773453700110431
0.42773300028819117
-0.18525883743471414
-0.7274880959739335
-0.9918416282619653
-0.8773453700109938
-0.42773300028820094
0.25471046749838827
-0.3623334470415634
-0.8409783000725585
-0.9983980262769689
-0.7744636407443453
-0.2547104674983987
0.36233344704165926
0.8409783000726141
0.9983980262769632
0.774463640744352
0.2547104674984091
-0.3623334470415433
-0.8409783000725468
-0.6934433529285157
-0.9845132848319178
-0.8995326043053624
-0.4709610429228949
-0.2762958465303684
-0.7884323551600617
-0.9994145019486537
-0.8286542778424373
-0.341376284523433
0.27629584653035805
0.7884323551599851
0.9994145019486533
0.828654277842507
0.3413762845234431
-0.27629584653045697
-0.7884323551600484
-0.999414501948653
-0.8286542778424494
-0.34137628452345326
0.27629584653033734
0.7884323551599719
0.9994145019486527
0.8286542778423918
0.34137628452346336
-0.27629584653043626
-0.7884323551600352
-0.9994145019486522
-0.8286542778424615
-0.3413762845234735
0.27629584653031664
0.7884323551600285
0.9994145019486519
0.8286542778424039
0.34137628452337676
-0.2762958465304155
-0.7884323551600219
-0.9994145019486516
-0.8286542778424735
-0.3413762845234938
0.2762958465302959
-0.40771218443593354
-0.8665589682409612
-0.9944096794339039
-0.7424296918250117
-0.20686679619609677
0.40771218443592366
0.8665589682408991
0.9944096794339171
0.742429691825019
0.20686679619610732
-0.40771218443591384
-0.8665589682409505
-0.9944096794339062
-0.7424296918250262
-0.20686679619611786
0.407712184435904
0.8665589682408883
0.9944096794339073
0.7424296918250334
0.2068667961961284
-0.40771218443599794
-0.8665589682409397
-0.9944096794339085
-0.7424296918250407
-0.20686679619613896
0.4077121844358843
0.8665589682409343
-0.8180258037465576
-0.9998799936808587
-0.7998140107000656
-0.294246260310243
0.7782476200348373
0.9987197174153694
0.8377148279779498
0.35673134713274934
-0.2605113834646136
-0.7782476200347591
-0.998719717415363
-0.8377148279780178
-0.35673134713286564
-0.6770140796203639
-0.9803082459479816
-0.9091579817752431
-0.4907402697076234
0.11512354574000372
0.677014079620356
0.9803082459479795
0.9091579817752949
0.4907402697076328
-0.11512354573988008
-0.677014079620348
-0.9803082459479998
-0.9091579817752521
-0.4907402697076422
0.1151235457399823
0.6770140796203401
0.9803082459479753
0.9091579817753039
0.49074026970765156
-0.11512354574008453
-0.6770140796203321
-0.9803082459479956
-0.8946899024993269
-0.9863758289419271
-0.7012997144100113
-0.14835094527410472
0.4612628426933299
0.3669002988712462
-0.24996469070772726
-0.7713516644237836
-0.9981085196086702
-0.8436218447639148
-0.36690029887125625
0.24996469070771682
0.5113540690591689
-0.09143095519954679
-0.6592924621958095
-0.9753266571598974
-0.9188192192227491
-0.5113540690591781
0.09143095519942283
0.6592924621958014
0.9753266571598951
0.9188192192227533
0.5113540690590898
-0.09143095519952531
-0.6592924621957933
-0.9753266571598926
-0.9188192192227576
-0.5113540690591967
0.09143095519940136
0.6592924621957852
0.9753266571599154
0.9188192192227619
0.5113540690591083
-0.09143095519950384
-0.6592924621957771
-0.9753266571598879
-0.9188192192227661
-0.5113540690592152
0.09143095519949311
0.659292462195769
0.9753266571599106
0.9188192192227255
0.5113540690591268
-0.09143095519948237
-0.6592924621957609
-0.9753266571598832
-0.9188192192227747
-0.511354069059136
0.09143095519947164
0.6592924621958383
0.022373475256721898
-0.5695375976357977
-0.9439046661024585
-0.9577322342575678
-0.6057386410475473
-0.022373475256619018
0.5695375976357888
0.9439046661024549
0.9577322342575382
0.6057386410476463
0.022373475256743453
-0.5695375976358734
-0.9439046661024514
-0.9577322342575413
-0.6057386410475644
-0.022373475256640574
0.5695375976358645
0.9987997967799688
0.8368352845216388
0.355228136561256
-0.26206408580522694
-0.7792567346249323
-0.9987997967799683
-0.8368352845216447
-0.3552281365611598
0.26206408580532625
0.7792567346248542
0.9987997967799678
0.8368352845216506
0.3552281365611699
-0.26206408580531587
-0.7792567346249187
-0.9987997967799728
-0.8368352845215943
-0.35522813656117996
0.26206408580530544
0.7792567346248407
0.9987997967799667
0.8368352845216623
0.35522813656119007
-0.26206408580529506
-0.7792567346249052
-0.7735413300613009
-0.9983145500491575
-0.8417655433817618
-0.36369070970107525
0.2533016136928403
0.773541330061294
0.9983145500491568
0.841765543381829
0.36369070970119116
-0.2533016136927199
-0.7735413300612872
-0.9983145500491563
-0.8417655433817735
-0.3636907097010953
0.25330161369281945
0.7735413300612803
0.9983145500491556
0.8417655433817792
0.36369070970110534
-0.25330161369269905
-0.7735413300613456
-0.9983145500491616
-0.8417655433818464
-0.3636907097011154
0.2533016136927986
0.7735413300612667
0.9587775609968061
0.9426910357763189
0.5665285757791484
-0.02602854456756961
-0.6086436455672585
-0.958777560996803
-0.9426910357762844
-0.5665285757790637
0.026028544567672483
0.6086436455672499
0.9587775609968
0.9426910357762881
0.8915331992493819
0.45502503096907737
-0.15528723340954023
-0.706285052644555
-0.9875059875153792
-0.8915331992493868
-0.455025030969087
0.15528723340952957
0.7062850526445473
0.9875059875153954
0.8915331992493403
0.4550250309689954
-0.15528723340951892
-0.7062850526445398
-0.9875059875153759
-0.8915331992493966
-0.4550250309691062
0.15528723340950826
0.7062850526445321
0.9875059875153921
-0.6263858371864361
-0.9649431329032078
-0.9349249490617891
-0.5477972116090586
0.04857044173612493
0.6263858371864278
0.9649431329032049
0.9349249490617526
-0.9847638445689866
-0.6944765872272884
-0.13892287795570496
0.46969464887991846
0.8989047841773745
0.9847638445689885
0.6944765872272962
0.13892287795571562
-0.4696946488798086
-0.89890478417732
-0.9847638445689706
-0.694476587227304
-0.1389228779557263
0.4696946488798994
0.8989047841773651
0.9847638445689922
0.6944765872273118
0.138922877955737
-0.46969464887988993
-0.8989047841773604
-0.9847638445689744
-0.6944765872272377
-0.13892287795574765
0.46969464887988044
0.8989047841773556
0.984763844568996
0.9818417743308094
0.9058305353732292
0.4838228199506158
-0.12298876816029787
-0.6828228270685454
-0.9818417743308073
-0.9058305353731856
-0.5457176532586547
-0.9340407451237921
-0.9655920192289162
-0.9439553416535454
-0.5696637581045683
0.022220018881338913
0.6056165038852397
0.9576880685529121
0.943955341653549
0.5696637581045771
-0.022220018881441796
-0.6056165038853216
-0.9576880685529091
-0.9439553416535525
-0.569663758104586
0.022220018881431016
0.6056165038852226
0.9576880685529386
0.9439553416535186
0.5696637581045949
-0.022220018881420237
-0.6056165038853044
-0.9576880685529029
-0.9439553416535597
-0.5696637581046038
0.02222001888140946
0.6056165038852959
0.9576880685529324
0.9439553416535258
0.5696637581045192
-0.02222001888139868
-0.6056165038852873
-0.9576880685529293
-0.9439553416535293
-0.5696637581046214
0.022220018881387905
0.6056165038852788
0.9576880685529263
0.9439553416535329
0.5696637581045368
-0.022220018881377125
-0.6056165038852701
-0.9576880685529232
-0.9439553416535365
-0.5696637581045457
0.02222001888136635
0.6056165038852616
0.9576880685529201
0.94395534165354
0.5696637581045546
-0.02222001888135557
-0.605616503885253
-0.957688068552917
-0.9439553416535436
-0.5696637581045635
0.022220018881458452
0.6056165038852445
0.9576880685528484
0.9439553416535471
0.5696637581045724
-0.022220018881561332
-0.6056165038854168
-0.957688068552878
-0.9439553416535131
-0.5696637581044878
0.022220018881436897
0.6056165038853177
0.9576880685529077
0.9439553416535542
0.56966375810459
-0.022220018881312458
0.7809636920700831
0.9989297108907712
0.8353385325233199
0.3526764268444444
-0.2646960868581328
-0.7809636920700054
-0.9989297108907654
-0.8353385325233884
-0.35267642684456085
0.26469608685823204
0.7809636920700697
0.9989297108907702
0.8353385325232068
0.35267642684446454
-0.2646960868583313
-0.7809636920701339
-0.998929710890775
-0.8353385325232752
-0.35267642684436823
0.2646960868582113
0.7809636920700562
0.9989297108907692
0.8353385325233437
0.3526764268444847
-0.2646960868580912
-0.7809636920699784
-0.998929710890774
-0.835338532523287
-0.35267642684438844
0.26469608685819046
0.7809636920700427
0.9989297108907788
0.8353385325232305
0.3526764268442921
-0.2646960868582897
-0.780963692070107
-0.998929710890773
-0.8353385325232989
-0.3526764268444086
0.26469608685816964
0.7809636920700292
0.9989297108907672
-0.8760160856108244
-0.4252337204522182
0.18797347275677503
0.7293811883558323
0.9921900807577436
0.8760160856107748
0.42523372045212504
-0.1879734727566528
-0.7293811883557472
-0.9921900807577565
-0.8760160856108349
-0.7199418921773195
-0.17450207322259295
-0.8354543769401952
-0.35287363778169684
0.2644928372755804
0.7808320382744888
0.998919940157424
0.8354543769402636
0.3528736377818133
-0.2644928372754603
0.19518222260089485
-0.41857464096144276
-0.8724502185054166
-0.9930794660724128
-0.7343861111293744
-0.1951822226007939
0.41857464096153624
0.8724502185053558
0.9930794660724274
0.7343861111294588
0.195182222600916
-0.4185746409614232
-0.8724502185052949
-0.993079466072442
-0.734386111129389
-0.19518222260081505
0.41857464096151664
0.8724502185053452
0.9930794660724299
0.7343861111293192
0.19518222260071413
-0.4185746409616101
-0.8724502185053955
-0.9930794660724178
-0.7343861111294037
-0.1951822226008362
0.4185746409614971
0.8724502185053347
0.9930794660724325
0.7343861111294882
0.19518222260095827
-0.4185746409615905
-0.872450218505385
-0.9930794660724204
-0.6266613693809779
-0.9650358564007657
-0.9347994466377714
-0.2771207442785693
0.34056931118100603
0.8281734652945866
0.9994435042464408
0.7889600944114836
0.2771207442786889
-0.34056931118088896
-0.8281734652945169
-0.9994435042464449
-0.7889600944114205
-0.27712074427859
0.3405693111809857
0.8281734652945745
0.9994435042464339
0.20092392586476954
-0.41324758750793233
-0.8695725682215125
-0.9937503835590372
-0.7383493287102834
-0.20092392586489147
0.413247587507819
0.8695725682215634
0.9937503835590257
0.738349328710214
0.20092392586479066
-0.4132475875079127
-0.8695725682216142
-0.9937503835590142
-0.7383493287101446
-0.20092392586468985
0.4132475875080064
0.8695725682215527
0.9937503835590281
0.7383493287102285
0.20092392586481178
-0.41324758750789303
-0.9864113874588558
-0.7014538850280813
-0.14856484005703643
0.4610709242824381
0.894593266770364
0.9864113874588388
0.7456514456127419
0.9949072784983056
