-0.9887935061533588
-0.887701010097846
-0.4475369000325697
0.16357109462538433
0.7122004907134668
0.9887935061533587
0.8877010100978456
0.4475369000325698
-0.16357109462538333
-0.712200490713466
-0.9887935061533586
-0.8877010100978456
-0.4475369000325691
0.1635710946253832
-0.9546525341705553
-0.5973333751920992
-0.011853169504958974
0.5781545440586675
0.9473268725420769
0.9546525341705543
0.5973333751921021
0.011853169504955545
-0.5781545440586645
-0.9473268725420757
-0.9546525341705554
-0.5973333751920994
-0.011853169504959219
0.5781545440586673
0.9473268725420768
0.9546525341705544
0.5973333751921023
0.01185316950495579
-0.5781545440586643
-0.9473268725420779
-0.9546525341705555
-0.5973333751920995
-0.011853169504959465
-0.5128451303581203
0.08970212907265486
0.6579862240609056
0.9749419455870915
0.9195029809569549
0.5128451303581173
-0.08970212907265829
-0.6579862240609081
-0.974941945587089
-0.9195029809569591
-0.5128451303581143
0.0897021290726617
0.6579862240609107
0.9749419455870898
0.9195029809569578
0.5128451303581114
-0.08970212907266512
-0.6579862240609026
-0.9749419455870906
-0.6029303828101227
-0.9567123584001949
-0.9450627305384597
-0.5724312611118121
0.8950704348923599
0.4620191789534908
-0.14750769989129361
-0.7006916509799123
-0.9862352070274942
-0.8950704348923584
-0.46201917895350036
0.14750769989128296
0.7006916509799147
0.9862352070274948
0.8950704348923568
0.4620191789534973
-0.14750769989128634
-0.700691650979907
-0.986235207027493
-0.8950704348923616
-0.46201917895349426
0.14750769989128976
0.7006916509799196
0.9862352070274959
0.8950704348923602
0.4620191789535038
-0.1475076998912791
-0.7006916509799119
-0.9862352070274941
-0.8950704348923586
-0.6749393393768326
-0.9797483922540493
-0.9103268597132899
-0.4931914076340072
0.11232639920206389
0.6749393393768351
0.97974839225405
0.9103268597132825
0.4931914076340042
0.9813183077202627
0.9069879056517344
0.4862189510093226
-0.1202691169443324
-0.6808184700221879
-0.9813183077202634
-0.9069879056517389
-0.48621895100933205
0.1202691169443358
0.68081847002218
0.9813183077202641
0.9069879056517375
0.4862189510093166
-0.1202691169443251
-0.6808184700221721
-0.981318307720262
-0.906987905651736
-0.48621895100932605
-0.7869682598141098
-0.27401102616452605
0.34360910618767093
0.8299822388201481
0.9993303662820576
0.7869682598141163
0.27401102616453643
-0.34360910618766083
-0.829982238820142
-0.999330366282058
-0.7869682598141055
-0.27401102616451944
0.3436091061876507
0.829982238820136
0.9993303662820584
0.7869682598141121
0.2740110261645298
-0.34360910618766727
-0.8299822388201459
-0.9993303662820587
-0.7869682598141012
-0.2740110261645402
0.740828127551852
0.9941547467963547
0.8677480428416915
0.4098910801926983
-0.2045303434044985
-0.7408281275518448
-0.9086906428093126
-0.9805289627336765
-0.677838545847451
-0.1162368433323003
0.489763382590793
0.9086906428093199
0.9805289627336786
0.677838545847459
0.11623684333231102
-0.4897633825907836
-0.9086906428093153
-0.9805289627336807
-0.677838545847446
-0.11623684333232172
0.4897633825907742
0.9086906428093109
0.9805289627336773
0.6778385458474538
0.11623684333233243
-0.48976338259078955
-0.9086906428093063
-0.9805289627336794
-0.7806177554887971
-0.9989039477534444
-0.8356427834727209
-0.35319447835901013
0.26416211284907043
0.7806177554887903
0.9989039477534452
0.8356427834727269
0.35319447835899365
-0.26416211284908747
-0.7806177554887835
-0.9989039477534447
-0.8356427834727328
-0.3531944783589771
0.26416211284907704
0.7806177554887946
0.9989039477534442
0.8356427834727387
0.3531944783589872
-0.2641621128490941
-0.7806177554888056
-0.9989039477534437
-0.835642783472729
-0.3531944783589973
0.26416211284911106
0.7806177554887989
0.9989039477534445
0.8356427834727349
0.35319447835900736
-0.2641621128491007
-0.7806177554887922
-0.998903947753444
-0.8356427834727252
-0.35319447835899087
0.2641621128490903
0.7806177554887854
0.44071582020452893
-0.17107689325144365
-0.7175240481750818
-0.9899014044412846
-0.8841700697221623
-0.4407158202045131
0.17107689325140502
0.7175240481750941
0.989901404441279
0.8841700697221806
0.4407158202045483
-0.17107689325139439
-0.7175240481750865
-0.9899014044412775
-0.8841700697221591
-0.44071582020455796
0.17107689325138378
0.717524048175079
0.989901404441284
0.8841700697221642
0.4407158202045676
-0.17107689325137315
-0.7175240481750715
-0.9899014044412825
-0.8841700697221692
-0.44071582020457734
0.17107689325141853
-0.9601102273237593
-0.6123879197475605
-0.030754241127597497
0.5626265123048989
0.9411030610086946
0.9601102273237623
0.612387919747524
0.030754241127608273
-0.56262651230489
-0.9411030610086909
-0.9601102273237653
-0.6123879197475325
-0.030754241127619045
0.5626265123048811
0.9411030610086872
0.9601102273237684
0.612387919747541
0.030754241127573006
-0.5626265123048722
-0.9411030610086837
-0.9601102273237555
-0.6123879197475046
-0.030754241127583782
0.5626265123048633
0.94110306100868
0.9601102273237585
0.6123879197475132
0.030754241127594558
-0.5626265123048544
-0.9411030610086764
-0.9601102273237615
-0.6123879197475217
-0.03075424112760533
0.5626265123048455
0.9411030610086919
0.9601102273237486
0.6123879197475302
0.030754241127616107
-0.5626265123048365
-0.9411030610087074
-0.9601102273237516
-0.6123879197475387
-0.030754241127626883
0.5626265123048746
0.9411030610087039
0.9601102273237546
0.6123879197475472
0.030754241127580843
-0.5626265123048657
-0.9411030610087002
-0.9601102273237576
-0.6123879197475558
-0.03075424112759162
0.5626265123049038
0.9411030610086966
0.9601102273237606
0.6123879197475643
0.030754241127545576
-0.5626265123048949
-0.9411030610086929
-0.9601102273237637
0.9979947421171341
0.8445996778049122
0.36859624345844866
-0.24819842776371054
-0.7701897355343195
-0.9979947421171335
-0.844599677804918
-0.3685962434584058
0.2481984277637001
0.7701897355343126
0.9979947421171328
0.8445996778048933
0.36859624345841585
-0.24819842776368967
-0.7701897355343057
-0.9979947421171321
-0.8445996778048991
-0.36859624345842584
0.2481984277636792
0.7701897355342988
0.9979947421171315
0.8445996778049049
0.36859624345838304
-0.24819842776366877
-0.7701897355342919
-0.9979947421171343
-0.8445996778048802
-0.36859624345839304
0.24819842776365833
0.7701897355343214
0.9979947421171337
0.844599677804886
0.3685962434584031
-0.24819842776370293
-0.7701897355342782
-0.997994742117133
-0.8445996778048918
-0.3685962434584131
0.2481984277636925
0.7701897355343076
0.9979947421171359
-0.3915667769111066
0.22406624303335781
0.7541135738706177
0.9961151508669229
0.8576345969407928
0.39156677691111647
-0.2240662430334027
-0.754113573870648
-0.996115150866927
-0.8576345969407984
-0.3915667769111264
0.2240662430333922
0.7541135738706409
0.996115150866926
0.8576345969408039
0.39156677691113634
-0.22406624303338168
-0.745122915373846
-0.9835131626916428
-0.9019719215937283
-0.47590806334508096
0.13193649958123538
0.6893858040242099
0.9835131626916408
0.901971921593733
0.47590806334509045
-0.1319364995812247
-0.6533103344148027
-0.9735456313364401
-0.9219195866865176
-0.5181515948166274
0.08353269494823543
-0.9685402223503328
-0.6372909881931711
-0.06261825727025887
0.5359725196136053
0.9298400110410076
0.9685402223503354
0.6372909881931794
0.06261825727026962
-0.5359725196135962
-0.9298400110410244
-0.968540222350324
-0.6372909881931877
-0.06261825727028038
0.535972519613587
0.9298400110410204
0.9685402223503267
0.6372909881931961
0.0626182572702344
-0.535972519613674
-0.9298400110410165
-0.9685402223503293
-0.6372909881932044
-0.06261825727024517
0.5359725196136649
0.9298400110410334
0.968540222350332
-0.815711229190248
-0.3199143866854723
0.2980788780431219
0.8022161426876331
0.9999341071493281
0.8157112291902542
0.31991438668542865
-0.29807887804316585
-0.8022161426876266
-0.999934107149328
-0.8157112291902605
-0.31991438668543887
0.2980788780431556
0.8022161426876542
0.9999341071493278
0.8157112291902667
0.3199143866854491
-0.29807887804314526
-0.8022161426876477
-0.9999341071493277
-0.8157112291902401
-0.31991438668540545
0.29807887804308075
0.8022161426876413
0.9999341071493275
0.8157112291902463
0.31991438668541566
-0.2980788780430704
-0.8022161426876349
-0.9999341071493281
-0.8157112291902525
-0.3199143866854259
0.2980788780431144
0.8022161426876284
0.999934107149328
0.8157112291902587
0.3199143866854361
-0.2980788780431041
-0.802216142687622
-0.9999341071493285
-0.8157112291902321
-0.3199143866854463
0.2980788780430938
0.8022161426876155
0.9999341071493271
0.8157112291902383
0.3199143866854565
-0.29807887804308353
-0.802216142687677
-0.9999341071493283
-0.8157112291902446
-0.31991438668546673
0.29807887804307326
0.8022161426876027
0.9999341071493268
0.8157112291902509
0.31991438668536926
-0.29807887804306293
-0.8022161426876642
-0.999934107149328
-0.8157112291902571
-0.31991438668548716
0.29807887804305266
0.8022161426875898
0.9999341071493278
0.8157112291902633
0.3199143866853897
-0.29807887804315086
-0.8022161426876513
0.2190005394543412
0.7506917693005463
0.9956442583486486
0.8602944814112775
0.3963414529087882
-0.21900053945433068
-0.750691769300464
-0.9956442583486369
-0.8602944814113409
-0.39634145290879813
0.21900053945432016
0.7506917693005319
0.9956442583486466
0.8602944814112885
0.396341452908808
0.794224063772194
0.2853877529920236
-0.33245697945813185
-0.8233144455524164
-0.9996937768744766
-0.7942240637722006
-0.285387752992034
0.33245697945822894
0.8233144455524748
0.999693776874474
0.7942240637722071
0.28538775299204433
-0.33245697945811153
-0.8233144455524686
-0.9996937768744742
-0.7942240637722137
0.832147486929575
0.3472625727958509
-0.27026484112525295
-0.7845602717005018
-0.9991803447090342
-0.832147486929581
-0.347262572795861
0.2702648411251331
0.7845602717004951
0.9991803447090337
0.832147486929587
0.34726257279576445
0.1862407534006836
0.7281733773542336
0.991968520861305
0.8768654051693229
0.4268295082615443
-0.1862407534007847
-0.7281733773543041
-0.9919685208613037
-0.8768654051692734
-0.426829508261554
0.1862407534006624
0.7281733773542188
0.991968520861288
0.8768654051692786
-0.8983042597452063
-0.4684858915696188
0.6572466006772812
0.08872426836371343
-0.865512014694846
-0.40579925312113146
0.2089150305355215
0.7438308732883335
0.994628604326552
0.8655120146948514
0.40579925312103743
-0.20891503053562213
-0.7438308732884023
-0.9946286043265509
-0.8655120146948567
-0.40579925312115117
0.2089150305355004
0.7438308732883951
0.9946286043265498
0.8655120146948622
0.40579925312105714
-0.20891503053560104
-0.7438308732883879
-0.9946286043265486
-0.8655120146948676
-0.4057992531211709
0.2089150305355905
0.7438308732883807
0.9946286043265474
0.865512014694816
0.40579925312107684
-0.20891503053557997
-0.7438308732883735
-0.9946286043265463
-0.8655120146948784
-0.4057992531210867
0.20891503053556942
0.7438308732884422
0.994628604326557
0.8655120146948269
0.40579925312109655
-0.20891503053555888
-0.7438308732883591
-0.9946286043265441
-0.8655120146948891
-0.40579925312110643
0.20891503053565952
0.7438308732884279
0.9946286043265548
0.8655120146948376
0.40579925312111625
-0.20891503053553778
-0.7438308732883446
-0.9946286043265419
-0.8655120146948431
-0.40579925312112614
0.20891503053563842
0.7438308732884135
0.9946286043265525
0.8655120146948484
0.40579925312113596
-0.20891503053551672
-0.7438308732884062
-0.9946286043265514
-0.8655120146948538
-0.4057992531210419
-0.45331692931159373
0.15718093518373322
0.7076410248222715
0.9878062948125308
0.8906631344855312
0.45331692931160333
-0.1571809351836103
-0.7076410248222639
-0.9878062948125291
-0.8906631344855361
-0.4533169293115116
0.15718093518371193
0.7076410248222563
0.9878062948125275
0.890663134485541
0.45331692931162254
-0.15718093518370127
-0.7076410248222487
-0.9878062948125435
-0.8906631344854942
-0.45331692931153084
0.1571809351836906
0.707641024822241
0.9878062948125241
0.8906631344855508
0.45331692931164175
-0.15718093518367998
-0.7076410248222335
-0.9878062948125401
-0.890663134485504
-0.45331692931155004
0.15718093518366932
0.7076410248222258
0.9878062948125207
0.8906631344855606
0.45331692931155965
-0.639606648705206
-0.9692845654986274
-0.9287287230421878
-0.5334300747119473
0.06562073153684571
0.6396066487051977
0.9692845654985968
0.928728723042234
0.5334300747120526
-0.06562073153683495
-0.6396066487052768
-0.9692845654985942
-0.9287287230421958
0.2801397339738165
-0.33761207450564285
-0.8264075455363824
-0.9995434227315174
-0.7908876856746464
-0.28013973397382685
0.33761207450563274
0.8264075455363123
0.9995434227315212
0.7908876856747226
0.8065246889246167
0.9999910625517283
0.8114948387302303
-0.9015536332936002
-0.9836877053122275
-0.6900865082170032
-0.1328957201606375
0.47505671603779326
0.9015536332935955
0.9836877053122294
0.6900865082169287
0.1328957201605355
-0.47505671603778377
-0.9015536332935908
-0.983687705312211
-0.6900865082169365
-0.13289572016065887
0.4750567160378743
0.9015536332936354
0.9836877053122128
0.4146160285672688
-0.19945108287604804
-0.7373346597536925
-0.9935814576887873
-0.8703139093784038
-0.41461602856727864
0.19945108287603747
0.737334659753762
0.9935814576887989
0.8703139093784091
0.41461602856728846
-0.19945108287602692
-0.737334659753678
-0.9935814576887848
-0.8703139093784704
-0.4146160285672983
0.19945108287601634
0.7373346597537475
-0.3798301337434185
-0.8510234556839326
-0.9971547427765907
-0.7624068101717193
-0.23644538933566248
0.3798301337434085
0.8510234556839269
0.9971547427765914
0.7624068101717998
0.2364453893355625
-0.3798301337435037
-0.851023455683981
-0.9971547427765922
-0.7624068101717332
-0.23644538933568343
0.3798301337433886
0.8510234556839753
-0.9532968533531957
-0.5937016673505637
-0.007332623597403755
0.5818372331431632
0.9487650427432557
0.9532968533531989
0.5937016673505724
0.007332623597528219
-0.5818372331430619
-0.9487650427432881
-0.9532968533532022
-0.5937016673504896
-0.007332623597425316
0.5818372331431456
0.9487650427432488
0.9532968533532055
0.5937016673504982
0.007332623597436096
-0.5818372331431368
-0.9487650427432813
-0.9532968533531744
-0.5937016673505069
-0.9636633137224926
-0.9366291099560592
-0.5518344210389063
0.043742260552932725
0.6226108853583066
0.9636633137224897
0.936629109956063
0.5518344210390101
-0.04374226055280838
-0.6226108853582091
-0.9636633137224868
-0.9366291099560667
-0.5518344210389243
0.04374226055291119
0.6226108853582897
0.9636633137224839
0.9366291099560705
0.5518344210389333
-0.04374226055290042
-0.6226108853581922
-0.9636633137225115
-0.9366291099560344
-0.5518344210390371
0.04374226055288965
0.6226108853582728
0.9636633137224782
0.4468246084638205
0.8873340721588364
0.9889120796650546
0.7127592846245945
0.16435666865450846
-0.44682460846381084
-0.8873340721588314
-0.9889120796650392
-0.7127592846245223
-0.1643566686545191
0.4468246084638012
0.8873340721588264
0.9889120796650578
0.7127592846246097
0.1643566686544176
-0.4468246084637915
-0.8873340721588214
-0.9889120796650425
-0.7127592846245375
-0.16435666865454038
0.4468246084637819
0.8873340721588165
0.988912079665044
0.7127592846246248
0.16435666865443888
-0.44682460846387395
-0.8873340721588115
-0.9889120796650457
-0.7127592846245526
-0.16435666865456164
0.8616928840905999
0.9953841553859504
0.7488725111869283
0.21631702095501834
-0.3988642189365791
-0.8616928840905944
-0.9953841553859515
-0.7488725111870108
-0.21631702095513985
0.3988642189365692
0.861692884090589
0.9953841553859416
0.7488725111869426
0.2163170209550394
-0.3988642189365593
-0.8616928840905835
-0.9953841553859426
-0.8973435741082397
-0.985375025637456
-0.6970267090383793
-0.14243788065318425
0.46655737685602194
0.897343574108235
0.9853750256374385
0.6970267090384685
0.14243788065330745
-0.4665573768560124
-0.8973435741082302
-0.9853750256374404
-0.6970267090383947
-0.1424378806532056
0.46655737685600285
0.8973435741082254
0.9853750256374422
0.697026709038484
0.14243788065332877
-0.4665573768560939
-0.8973435741082206
-0.9853750256374441
-0.6970267090384101
-0.14243788065322693
0.46655737685598375
0.8973435741082159
0.985375025637446
0.6970267090384179
0.1424378806533501
-0.4665573768560748
-0.8973435741082613
-0.9853750256374284
-0.6970267090384257
-0.14243788065324828
0.4665573768559647
0.7165691491809804
0.16972696582310176
-0.4419451496718049
-0.8848092391552546
-0.989706272841357
-0.7165691491810672
-0.1697269658232244
0.44194514967189724
0.8848092391553024
0.9897062728413749
0.7165691491809953
0.169726965823123
-0.44194514967198956
-0.7198491554144472
-0.990369889143145
-0.882602986653656
-0.437711741834666
0.17437051109045829
0.7198491554145187
0.9903698891431594
0.8826029866536077
0.43771174183457345
-0.17437051109033572
-0.7198491554144323
-0.9903698891431422
-0.8826029866536662
-0.43771174183468536
0.17437051109021315
0.7198491554143458
0.9903698891431564
-0.8081995032958627
-0.9999990346857413
-0.8098329235427814
-0.31033816081519733
0.3076952313378685
0.8081995032959233
0.9999990346857417
0.809832923542721
0.3103381608150995
-0.3076952313377501
-0.80819950329585
-0.9999990346857415
-0.809832923542794
-0.31033816081521787
0.30769523133763166
0.8081995032957767
0.9999990346857414
0.8098329235428671
0.31033816081533616
-0.3076952313377296
-0.8081995032958373
-0.9999990346857415
-0.8098329235426732
-0.31033816081523835
0.3076952313378275
0.8081995032958978
0.9999990346857416
0.8098329235427463
0.31033816081514054
-0.3076952313377091
0.1470289791602461
-0.4624483680701688
-0.8952861567398157
-0.9861550631919433
-0.7003462536825779
-0.1470289791601443
0.4624483680702601
0.8952861567397602
0.9861550631919639
-0.8763472536323907
-0.42585550097961805
0.18729857875146555
0.7289109674438379
0.9921041413452535
0.8763472536323412
0.4258555009795249
-0.1872985787513433
-0.7289109674437527
0.8624301327079671
0.9952434932301379
0.747907666420601
0.21489653148503493
-0.4001977744135547
-0.8624301327080192
-0.9952434932301278
-0.7479076664205327
-0.21489653148493443
0.4001977744134407
0.8624301327079561
0.99524349323014
0.7479076664206153
0.214896531485056
-0.4001977744133266
-0.8624301327078931
-0.9952434932301522
-0.7479076664205471
-0.2148965314849555
0.4001977744134209
0.8624301327079452
0.995243493230142
0.7479076664204788
0.214896531484855
-0.40019777441351523
-0.8624301327079973
-0.9952434932301321
-0.7479076664205614
-0.21489653148497656
0.40019777441340115
0.8624301327079343
0.9952434932301442
0.747907666420644
0.2148965314850981
-0.40019777441349547
-0.8624301327079864
-0.9952434932301564
-0.7479076664205757
-0.2148965314849976
0.4001977744135897
0.8624301327080385
0.9952434932301242
0.7479076664205074
0.2148965314848971
-0.4001977744134757
-0.8624301327079755
-0.9952434932301363
-0.74790766642059
-0.21489653148501867
0.40019777441336163
0.8624301327079125
0.9952434932301484
0.7479076664206726
0.2148965314851402
-0.40019777441345594
-0.8624301327079645
-0.9952434932301384
-0.7479076664204534
-0.21489653148503973
0.40019777441355026
0.8624301327080166
0.9952434932301284
0.747907666420536
0.21489653148493923
-0.4001977744134362
-0.8624301327079537
-0.9952434932301405
-0.7479076664206187
-0.21489653148506077
0.4001977744133221
0.8624301327078907
0.9952434932301526
0.7479076664205503
0.21489653148496027
-0.4001977744134164
-0.8624301327079428
-0.9952434932301426
-0.747907666420482
-0.21489653148485977
0.40019777441351073
0.8624301327079948
0.9952434932301325
0.7479076664205646
0.21489653148498133
-0.40019777441339666
-0.8624301327079318
-0.9952434932301447
-0.7479076664206473
-0.2148965314851029
0.40019777441349097
0.862430132707984
0.9952434932301568
0.7479076664205789
0.2148965314850024
-0.4001977744135853
-0.862430132708036
-0.9952434932301246
-0.7479076664205107
-0.2148965314849019
0.4001977744134712
