0.7823330041134138
0.26681254163470525
-0.35062124312371423
-0.8341296301866152
-0.9990288495416095
-0.7823330041134138
-0.2668125416347045
0.35062124312371407
0.8341296301866151
0.9990288495416095
0.7823330041134139
0.26681254163470464
-0.3506212431237148
-0.8341296301866146
-0.9990288495416095
-0.7823330041134146
-0.26681254163470647
0.35062124312371634
0.8341296301866145
0.9990288495416095
0.7823330041134146
0.2668125416347066
-0.35062124312371623
-0.8341296301866163
-0.9990288495416094
-0.7823330041134147
-0.2668125416347067
0.1384265619359764
-0.4701370268609139
-0.8991242507667625
-0.9846765709889878
-0.6941159090191195
-0.13842656193598005
0.47013702686091696
0.8991242507667639
0.9846765709889872
0.6941159090191169
0.13842656193597663
-0.47013702686091996
-0.8991242507667655
-0.9846765709889891
-0.6941159090191196
-0.13842656193597325
0.470137026860923
0.8991242507667638
0.9846765709889884
0.6941159090191171
0.13842656193596986
-0.47013702686091974
-0.8991242507667623
-0.9846765709889879
-0.805528993728371
-0.9999825351894076
-0.8124767363643827
-0.3146324393167479
0.30339075558659717
-0.8809773852721309
-0.4346101622628406
0.17776337087474967
0.7222373382929379
0.9908411904274769
-0.8905781954898665
-0.4531504325107642
0.15736539367073651
0.7077729881230128
0.9878353574313848
0.8905781954898714
0.4531504325107738
-0.15736539367072586
-0.7077729881230151
-0.9878353574313854
-0.9450193877913526
-0.7938368750667167
-0.2847772331424265
0.33305763262011884
0.8236758029343451
0.9996778122385217
0.7938368750667146
0.2847772331424368
-0.3330576326201087
-0.823675802934347
-0.9996778122385217
-0.7938368750667212
-0.28477723314241987
0.3330576326201119
0.09391838103810778
-0.5092056164785453
-0.9178303757627355
0.8883404644516245
0.44878013425204777
-0.16219895375607876
-0.7112235543690549
-0.9885849308125579
-0.3230130847135923
0.29495365422738273
0.8002581223594805
0.6148864621680181
0.033916950490244104
0.8914121471907986
0.45478709737918105
-0.15555116598636326
-0.7064741709348055
-0.987548054760052
-0.8914121471907971
-0.4547870973792033
0.15555116598635263
0.7064741709347978
0.9875480547600504
0.8914121471908149
0.4547870973791876
-0.15555116598634197
-0.7064741709348102
-0.9875480547600487
-0.8914121471908069
-0.4547870973791972
0.1555511659863594
0.7064741709348027
0.9875480547600469
0.8914121471907989
0.4547870973792068
-0.15555116598637683
-0.706474170934795
-0.9875480547600497
-0.8914121471908037
-0.4547870973791911
0.15555116598636617
-0.9999163446667245
-0.8013465534091294
-0.2966896155168537
0.3212926713937671
0.8165520781681751
0.9999163446667243
0.8013465534091359
0.29668961551683687
-0.3212926713937569
0.28099762624394664
0.7914343360900546
0.999570029413466
0.8259039456366614
0.3367706260692941
-0.28099762624393626
-0.7914343360900654
-0.9995700294134656
-0.8259039456366514
-0.3367706260693042
0.2809976262439532
0.7914343360900588
0.9995700294134654
0.8259039456366575
0.33677062606931435
-0.28099762624394287
-0.7914343360900522
-0.9995700294134658
-0.8259039456366636
-0.33677062606929775
-0.5287040619055253
-0.9266463547222007
-0.9706412355861901
-0.6438841553384337
-0.07118521256894524
0.5287040619055403
0.9266463547221967
0.9706412355861859
0.643884155338442
0.07118521256895599
-0.5287040619055311
-0.9266463547222032
-0.9706412355861815
-0.6438841553384502
-0.0711852125689384
0.561620428964666
-0.0319701101508518
-0.6133491538128221
-0.9604496676892711
-0.9406910529919786
-0.5616204289646749
0.031970110150812615
0.6133491538128136
0.9604496676892681
0.9559556008132571
0.9459059465009492
0.5745523707859292
-0.016260682252495093
-0.6008627073507284
-0.955955600813254
-0.9459059465009619
-0.5745523707859381
0.01626068225251273
0.6008627073507198
0.9559556008132591
0.9459059465009654
0.5745523707859469
-0.016260682252501952
-0.6008627073507112
-0.955955600813256
-0.9459059465009596
-0.5745523707859325
0.016260682252462754
-0.5619993299746168
-0.9408463427582535
-0.9603220307992748
-0.6129873432202797
-0.03151232520466898
0.5619993299746314
0.9408463427582499
0.9603220307992778
0.6129873432202882
0.03151232520467975
-0.5619993299746225
-0.9408463427582462
-0.9603220307992649
-0.6129873432202968
-0.03151232520469053
0.5619993299746135
0.9408463427582617
0.9603220307992679
0.6129873432203052
0.03151232520464449
0.8687570615158635
0.9939331111525066
0.7394604948728203
0.20253910288955562
-0.4117453423466013
-0.8687570615158582
-0.9939331111525078
-0.7394604948728275
-0.20253910288956617
0.4117453423465915
0.868757061515881
0.9939331111525089
0.7394604948728348
0.20253910288957672
-0.41174534234663346
-0.8687570615158756
-0.9939331111525102
-0.6392496640026606
-0.9691702678626777
-0.92890077028502
-0.5338227506344223
0.06515741579058532
0.6392496640026523
0.969170267862675
0.017619752678344126
0.6019486839269157
0.9563536773986338
0.9454640713700353
0.5734393252199508
-0.01761975267833335
-0.601948683926907
-0.9563536773986305
-0.9454640713700387
-0.5734393252199597
0.01761975267832257
0.6019486839268985
-0.30969619462373665
-0.9645670342913025
-0.9354311483260354
-0.5489923578355794
0.04714285378410718
0.6252710975849328
0.9645670342913146
0.9354311483260391
-0.6751700031163694
-0.9798109472666217
-0.9101974121102839
-0.49291940199994067
0.11263706596004552
0.6751700031163614
0.9798109472666194
0.9101974121102648
0.49291940199995005
-0.11263706596003482
-0.6751700031163534
-0.9798109472666287
-0.9101974121102694
-0.49291940199995943
0.11263706596002411
0.6751700031163456
0.9798109472666151
0.9101974121102503
0.4929194019999688
-0.1126370659600134
-0.6751700031163376
-0.9798109472666243
0.9893988151130821
0.7150799818137271
0.16762490013621426
-0.44385719603252066
-0.8858009294680707
-0.9893988151130837
-0.7150799818137347
-0.5005532007654394
0.10389304283314411
0.6686556752640691
0.9780145665146515
0.9138051348491605
0.5005532007654487
-0.10389304283313339
-0.668655675264061
-0.9780145665146492
-0.9138051348491649
-0.5005532007654089
0.10389304283312267
0.668655675264053
0.978014566514647
0.9138051348491462
0.5005532007654182
-0.10389304283311195
-0.668655675264045
-0.9780145665146566
-0.9138051348491275
-0.5005532007654275
0.10389304283310123
0.668655675264037
0.9780145665146543
0.9138051348491318
0.5005532007654369
-0.1038930428330905
-0.6686556752640712
-0.978014566514664
-0.9138051348491362
-0.5005532007654462
0.10389304283307978
0.6686556752641055
0.9780145665146618
0.9138051348491406
0.5005532007654555
0.9982066898249048
0.842751908409003
0.3653945420647217
-0.2515311200445694
-0.7723804435251723
-0.9982066898249041
-0.8427519084090088
-0.36539454206473176
0.25153112004455896
0.7723804435251655
0.9982066898249069
0.8427519084090147
0.3653945420647418
-0.25153112004454853
-0.7723804435251947
-0.9982066898249062
-0.8427519084090205
-0.36539454206475186
0.2515311200445381
0.772380443525188
0.9982066898249056
0.8427519084090263
0.36539454206470895
-0.25153112004452766
-0.7723804435251811
-0.9982066898249049
-0.842751908409032
-0.365394542064719
0.2515311200445723
0.7723804435252103
0.9982066898249043
0.8427519084090379
0.36539454206472904
-0.25153112004461686
-0.7723804435252035
-0.9982066898249037
-0.5522583590123854
0.04323430888385831
0.6222129402665336
0.9635273767074193
0.9368071043371228
0.5522583590123944
-0.04323430888384754
-0.6222129402665252
-0.9635273767074164
-0.9368071043371266
-0.5522583590124034
0.043234308883836774
0.6222129402665167
0.9635273767074135
0.9368071043371105
0.552258359012365
-0.043234308883826005
-0.6222129402665083
-0.9635273767074106
-0.9599706138304912
-0.6119934607231347
-0.03025560651224834
0.5630388610360733
0.9412716206556603
0.9599706138304942
0.6119934607231432
0.030255606512259114
-0.5630388610360644
-0.9412716206556566
-0.9599706138304813
-0.6119934607231517
-0.03025560651226989
0.5630388610360555
0.9412716206556722
0.40174193124057395
0.8632821141181354
0.9950778712824542
0.7467877030697688
0.21325001466486226
-0.40174193124056407
-0.8632821141181586
-0.9950778712824495
-0.7467877030697759
-0.2132500146648728
0.4017419312405542
0.8632821141181531
0.9950778712824506
0.7467877030697831
0.21325001466488333
-0.4017419312405964
-0.8632821141181477
-0.9950778712824517
-0.7467877030697525
-0.21325001466489388
0.4017419312405345
0.8632821141181136
0.9950778712824527
0.7467877030697596
0.2132500146649044
-0.4017419312406287
-0.8632821141181655
-0.9950778712824538
-0.7467877030697668
-0.21325001466491494
0.12984990800081322
-0.4777580809438114
-0.9028787213677247
-0.9831303779482397
-0.6878596455250858
-0.1298499080008239
0.47775808094370203
0.9028787213677202
0.9831303779482624
0.6878596455250937
0.12984990800072188
-0.47775808094379246
-0.9028787213677155
-0.9831303779482437
-0.6878596455251015
-0.12984990800084528
0.4777580809436831
0.902878721367662
0.9831303779482455
0.6878596455251094
0.12984990800074325
-0.47775808094377353
-0.9028787213677062
-0.9831303779482475
-0.6878596455251171
-0.12984990800086668
0.4777580809436642
0.9028787213676527
-0.9328069318234353
-0.5428326632951007
0.05448523240827802
0.6309916212166334
0.7839863798126133
0.26937413661040593
-0.34812987108674065
-0.8326601005278818
-0.9991424726433007
-0.78398637981262
-0.2693741366105258
0.34812987108673055
0.8326601005278758
0.9991424726433011
0.7839863798125561
0.2693741366104267
-0.34812987108672044
-0.8326601005278699
-0.9991424726433016
-0.7839863798126334
-0.2693741366104371
0.3481298710867103
0.8326601005279268
0.9991424726432974
0.7839863798125695
0.26937413661044746
0.780338301503389
0.998882925411291
0.8358882225939727
0.3536126295415136
-0.26373096914456806
-0.7803383015033822
-0.9988829254112904
-0.8358882225940409
-0.3536126295416301
0.263730969144448
0.7803383015033756
0.9988829254112953
0.8358882225940468
0.35361262954153383
-0.26373096914454724
-0.7803383015033688
-0.9988829254112894
-0.8358882225940528
0.8630690252471966
0.4013554124698444
-0.21366232630218576
-0.7470683185421579
-0.6889062344985463
-0.13128043639367537
0.476490026355757
0.9022574943375246
0.9833932660867
0.6889062344985541
0.13128043639368606
-0.4764900263556476
-0.90225749433752
-0.9833932660867226
-0.6889062344985619
-0.13128043639358405
0.476490026355738
0.9022574943375153
0.983393266086704
0.6889062344985697
0.13128043639370743
-0.4764900263556286
-0.9022574943375107
-0.9833932660867059
-0.6889062344985776
-0.13128043639360543
0.4764900263557191
0.902257494337506
0.9833932660867079
0.6889062344985853
0.1312804363937288
-0.2249059666030393
0.3907737230397896
0.8571911323917681
0.9961906640251273
0.7546792212762441
0.22490596660304982
-0.3907737230398843
-0.8571911323918211
-0.9961906640251184
-0.7546792212761766
0.4021201893397744
-0.21284640423669174
-0.7465129057779475
-0.9950368503524969
-0.8634905381510071
-0.4021201893397843
0.2128464042367923
0.746512905778016
0.9950368503525071
0.8634905381510125
0.40212018933979415
-0.21284640423667067
-0.7465129057780088
-0.9950368503525061
-0.863490538151018
-0.40212018933969995
0.21284640423677123
0.7465129057780017
0.995036850352505
0.8634905381510234
0.4021201893398139
-0.21284640423676068
-0.7465129057779945
-0.9950368503525039
-0.8634905381509715
-0.40212018933971966
0.21284640423675016
0.7465129057779872
0.9950368503525029
0.8634905381510343
0.4021201893398336
-0.21284640423673962
-0.7465129057780557
-0.9950368503525018
-0.8634905381509824
0.4477430848050385
-0.16334361921037568
-0.7120386125328514
-0.9887590571701155
-0.8878071486527249
-0.4477430848050481
0.16334361921036505
0.7120386125329237
0.9887590571701309
0.8878071486526775
0.44774308480505776
-0.1633436192103544
-0.7120386125328362
-0.9887590571701123
-0.8878071486526825
-0.4477430848050674
0.16334361921045593
0.7120386125329085
0.9887590571701277
0.8878071486526875
0.447743084805077
-0.16334361921033314
-0.7120386125328211
-0.988759057170109
-0.8878071486526924
-0.4477430848050867
0.16334361921043467
0.7120386125328934
0.9887590571701245
0.8878071486526974
0.44774308480509634
-0.16334361921031187
-0.712038612532806
-0.9887590571701228
-0.8878071486527024
-0.4477430848050043
0.16334361921041338
0.7120386125328783
0.9887590571701212
0.8878071486527073
0.4477430848051156
-0.16334361921029059
-0.7120386125327908
-0.9887590571701196
-0.88780714865266
-0.44774308480502356
0.16334361921039212
0.712038612532863
0.988759057170118
0.8878071486527173
0.44774308480513486
-0.16334361921026933
-0.7120386125328555
-0.9887590571701164
-0.8878071486526699
-0.4477430848050429
0.16334361921037086
0.712038612532848
0.9887590571701148
0.8878071486527271
0.4477430848050525
-0.1633436192103602
-0.7120386125328404
0.9742579084666585
0.6556830692112224
0.08665958336496843
-0.5154649178757961
-0.9206993404961947
-0.9742579084666865
-0.6556830692112307
-0.08665958336497917
0.5154649178757869
0.9206993404962349
0.9742579084666633
0.6556830692112388
-0.7790950843850762
-0.2618151949614896
0.3554692001663045
0.8369764427841485
0.998787132041549
0.7790950843850117
0.2618151949615
-0.35546920016629446
-0.8369764427842049
-0.9987871320415552
-0.7790950843850898
-0.26181519496140065
0.35546920016628436
0.8369764427841989
0.9987871320415501
0.7790950843850253
0.2618151949614111
-0.3554692001662743
-0.836976442784193
-0.9987871320415562
-0.7790950843851033
-0.2618151949613118
0.3554692001662642
0.8369764427841871
0.9987871320415512
0.7790950843850388
0.2618151949614319
-0.35546920016625416
-0.8369764427842434
-0.9987871320415517
-0.7790950843850456
-0.2618151949613326
0.3554692001663503
0.8369764427842376
0.9987871320415522
0.7790950843850524
0.2618151949614527
-0.35546920016623396
-0.8369764427842317
-0.8104647785323771
-0.3113626021565351
0.3066695054174829
0.8075642852351513
0.9999969561935308
0.8104647785323834
0.3113626021565453
-0.3066695054175808
-0.8075642852352121
-0.9999969561935308
-0.8104647785323897
-0.3113626021565556
0.30666950541757054
0.8075642852351387
0.999996956193531
0.8104647785323295
0.3113626021565658
-0.3066695054175603
-0.8075642852351993
-0.9999969561935307
-0.8104647785324023
-0.3113626021565761
0.30666950541755
0.807564285235193
0.999996956193531
0.810464778532342
0.31136260215647826
-0.3066695054175398
-0.8075642852351866
-0.9999969561935307
-0.8104647785324149
-0.31136260215659656
0.3066695054175295
0.8075642852351803
0.9999969561935309
-0.9499052824430521
-0.9521946994740728
-0.5907781052134256
-0.003704354570563152
0.5847843336118732
0.9499052824430487
0.9521946994740761
0.5907781052134342
0.0037043545705739323
-0.5847843336119567
-0.9499052824430808
-0.9521946994740447
-0.5907781052134429
-0.003704354570584713
0.5847843336118557
0.949905282443042
0.952194699474048
0.5907781052134516
0.0037043545705954936
-0.5847843336119392
-0.9499052824430742
-0.9521946994740512
-0.03958954154381921
-0.6193530563117554
-0.9625447546047776
-0.9380770723316405
-0.5552958324948378
0.03958954154380844
0.6193530563118362
0.9625447546047747
0.9380770723316443
0.5552958324947522
-0.03958954154391126
-0.6193530563118278
-0.9625447546047717
-0.938077072331648
-0.7224360873888583
-0.9908799578158791
-0.8808413631282712
-0.43435130642256503
0.1780461862789054
0.7224360873889295
0.9908799578158777
0.8808413631282763
0.4343513064224723
-0.17804618627878294
-0.7224360873888435
-0.9908799578158762
-0.8808413631282814
-0.43435130642248204
0.1780461862787723
0.7224360873889146
0.9908799578158901
0.8808413631282865
0.43435130642249176
-0.1780461862787617
-0.7224360873888286
0.984349238770797
0.8999399291907754
0.47178415449289707
-0.1365771318675236
-0.6927705959405307
-0.9843492387707952
-0.8999399291907305
-0.4717841544930068
0.1365771318674003
0.6927705959405229
0.9843492387707933
0.8999399291907353
0.47178415449291605
-0.13657713186750225
-0.6927705959405152
-0.9843492387707914
-0.89993992919074
-0.4717841544930258
0.13657713186737894
0.6927705959405893
0.9843492387707895
0.8999399291907446
0.4717841544929351
-0.13657713186748088
-0.6927705959404996
-0.9843492387707876
-0.8999399291907494
-0.4717841544929446
0.13657713186747023
0.6927705959404098
0.9843492387708057
0.8999399291907044
0.4717841544929541
-0.13657713186745954
-0.692770595940484
-0.9843492387707838
-0.8999399291907587
-0.4717841544928634
0.13657713186733622
0.6927705959403943
0.9843492387708019
0.8999399291907139
0.4717841544929731
0.5955569859828482
0.00964015164432042
-0.5799588929660021
-0.9480333525408638
-0.9539912939135866
-0.5955569859827655
-0.009640151643990156
0.579958892966086
0.9480333525408966
0.9539912939136239
0.5955569859828655
0.009640151644114617
-0.5799588929659846
-0.948033352540857
-0.9539912939136612
-0.5955569859829655
-0.009640151644011715
0.5799588929658832
0.9480333525408897
0.9539912939136304
0.5955569859828829
0.009640151643908815
-0.5799588929661522
-0.9480333525409225
0.7334835154659985
0.19387873737102368
-0.34102081856732486
-0.8284425401489032
-0.9994273691199241
-0.7886649123740503
-0.27665926483576997
0.34102081856720784
0.8284425401488335
0.9994273691199206
0.7886649123739871
0.2766592648356711
-0.3410208185673046
-0.8284425401490184
-0.9994273691199171
-0.7886649123739238
-0.2766592648355722
0.3410208185674013
0.8284425401489487
0.9994273691199214
0.7886649123740004
0.2766592648356918
-0.34102081856728433
-0.8284425401488791
-0.9994273691199256
-0.7886649123739371
-0.27665926483559294
0.3410208185671673
0.8284425401489367
0.9994273691199221
0.7886649123738738
-0.7949397288970512
-0.9997222506034341
-0.8226448518888833
-0.33134508042292077
0.2865172497597382
0.7949397288971136
0.9997222506034419
0.8226448518888247
0.3313450804228237
-0.8995546292151345
-0.9845044444938024
-0.6934070240512008
-0.13745168845897665
0.4710055203137115
0.8995546292151795
0.9845044444937844
0.6934070240511266
0.1374516884588747
-0.4710055203136017
-0.8995546292151251
-0.9845044444938061
-0.6934070240512163
-0.137451688458998
0.4710055203134919
0.8995546292150708
0.984504444493828
0.6934070240511422
0.13745168845889608
-0.47100552031358267
-0.8995546292151156
-0.9845044444938099
-0.6934070240512319
-0.13745168845879413
0.4710055203136735
0.8995546292151606
0.9168885795540683
0.5071679278901021
-0.09627363422401258
-0.6629419402850324
-0.9763889577249923
-0.916888579554118
-0.5071679278902094
0.09627363422411502
0.6629419402851094
0.9763889577250636
0.9168885795540769
0.5071679278899247
-0.09627363422421745
-0.6629419402851865
-0.9763889577250368
-0.9168885795540358
-0.507167927890032
0.09627363422409356
0.6629419402850932
0.9763889577250099
0.9168885795540855
0.5071679278901392
-0.09627363422396967
-0.6629419402851703
-0.4538366725752153
0.15660497393497563
0.7072288432093018
0.9877153322019657
0.8909281355029011
0.4538366725753262
-0.1566049739348527
-0.7072288432093746
-0.9877153322019463
-0.8909281355028543
-0.4538366725752345
0.15660497393495434
0.7072288432094473
0.9877153322019979
0.8909281355028076
0.4538366725751428
-0.15660497393505599
-0.7072288432093593
-0.9877153322019784
-0.8909281355028642
-0.45383667257525373
0.15660497393493306
0.7072288432092714
0.987715332201959
0.8909281355029207
0.45383667257536464
-0.1566049739348101
-0.7072288432093441
-0.987715332201975
-0.890928135502874
-0.45383667257527294
0.15660497393491174
0.7072288432094168
0.9877153322019911
0.8909281355028272
0.4538366725751813
-0.15660497393501338
-0.7072288432093289
-0.9877153322019717
-0.8909281355028837
-0.4538366725752922
0.15660497393489045
0.7072288432092408
0.9877153322019523
0.890928135502837
0.4538366725752005
-0.1566049739349921
-0.7072288432093137
-0.9877153322019683
-0.8909281355027903
-0.4538366725751088
0.15660497393509373
0.7072288432093864
0.9877153322019844
0.8909281355028468
0.4538366725752197
-0.1566049739349708
-0.7072288432092984
-0.987715332201965
-0.8909281355029033
-0.4538366725753306
0.15660497393507244
