0.8566989599599247
0.9962734804940484
0.755305393569601
0.22583631818768216
-0.38989455484779495
-0.8566989599599246
-0.9962734804940484
-0.7553053935696011
-0.2258363181876825
0.38989455484779484
0.8566989599599246
0.9962734804940484
0.7553053935696006
0.2258363181876826
-0.3898945548477947
-0.8566989599599245
-0.9962734804940485
-0.7553053935696001
-0.2258363181876827
0.3898945548477946
0.8566989599599245
0.9962734804940485
0.7553053935696002
0.2258363181876811
-0.3898945548477961
-0.8566989599599244
-0.9962734804940485
-0.7553053935696002
-0.22583631818768468
0.389894554847796
0.8566989599599234
0.9962734804940483
0.7553053935696027
0.22583631818768135
-0.38989455484779917
-0.8566989599599252
-0.9962734804940486
-0.7553053935696005
-0.22583631818768493
-0.8188180986978945
-0.9998576826908215
-0.7989856158085622
-0.29292820020970084
0.32501783160593767
0.8188180986978965
0.9222013857467737
0.5187741735705723
-0.0828071404239552
-0.6527589412877168
-0.9733790130399617
-0.922201385746775
0.17550575399406348
-0.43667475018811525
-0.8820603418273157
-0.9905288630168284
-0.7206490253716973
-0.17550575399406013
0.4366747501881311
0.8820603418273241
0.990528863016828
0.720649025371695
0.051150121284475734
0.6283971445410669
0.9656178170163484
0.9340053035338625
0.5456345097741031
-0.05115012128446497
-0.6283971445410585
-0.9656178170163456
-0.9340053035338612
-0.9760164564463171
-0.9175728415870146
-0.5086475883952947
0.09456375526776319
0.6616549585223621
0.9760164564463178
0.9175728415870075
0.5086475883952796
-0.0945637552677666
-0.6616549585223647
-0.8590800934179043
-0.394157698243112
0.22131954073311214
0.7522602375238258
0.9958630919654886
0.8590800934179025
0.39415769824312186
-0.2213195407331155
-0.7522602375238187
-0.995863091965489
-0.8590800934179007
-0.3941576982431187
0.22131954073310497
0.7522602375238209
0.995863091965488
0.8590800934179063
0.39415769824311553
-0.22131954073312218
-0.7522602375238231
-0.9958630919654896
-0.8590800934179045
-0.39415769824312546
0.22131954073311166
0.7522602375238254
0.9958630919654886
0.8590800934179027
0.3941576982431223
-0.22131954073311502
-0.7522602375238183
-0.995863091965489
-0.8590800934179083
-0.39415769824311914
0.22131954073311835
0.7522602375238205
0.9958630919654893
0.8590800934179065
0.39415769824311603
-0.22131954073310783
-0.7522602375238229
-0.9958630919654883
-0.8590800934179047
-0.39415769824311286
0.2213195407331112
0.7522602375238251
0.9958630919654873
0.8590800934178957
0.39415769824312274
-0.678947873979483
-0.9808243525213555
-0.9080592653936748
0.3962824758908299
-0.2190632166389776
-0.7507342060976211
-0.9956502453441084
-0.8602617317763183
-0.3962824758908398
0.2190632166389948
0.750734206097614
0.9956502453441101
0.8602617317763237
0.3962824758908497
-0.21906321663901202
-0.7507342060976069
-0.9956502453441117
-0.6626313287498762
-0.09586074495189194
0.5075253852308305
0.9170540684087575
0.9762992669759065
0.6626313287498842
0.09586074495190267
-0.5075253852308212
-0.9170540684087531
-0.9762992669759089
-0.662631328749871
-0.09586074495188511
0.5075253852308119
0.9170540684087488
0.9762992669759112
0.6626313287498791
0.09586074495189584
-0.5075253852308271
-0.9170540684087559
-0.9762992669759073
-0.6626313287498872
-0.09586074495190657
0.5075253852308423
0.9170540684087516
0.9762992669759096
0.662631328749874
0.09586074495188901
-0.5075253852308085
0.3049668453098232
-0.31306154698034616
-0.8115110688946273
-0.999990944737942
-0.8065082681334766
-0.3049668453098335
0.3130615469803359
0.8115110688946376
0.9999909447379421
0.7272333695542573
0.1848940667796744
-0.42806848518655205
-0.8775234253241948
-0.9917942429122253
-0.7272333695542452
-0.18489406677965708
0.42806848518654234
0.8775234253241896
0.9917942429122266
0.7272333695542526
0.18489406677966766
-0.42806848518655827
-0.8775234253241844
-0.9917942429122244
-0.72723336955426
-0.18489406677965034
0.4280684851865485
0.8775234253241929
0.9917942429122221
0.7272333695542674
0.18489406677966091
-0.4280684851865388
0.6389269178781185
0.06473867866816749
-0.5341775354062201
-0.9290560869820976
-0.9690667907858057
-0.6389269178781268
-0.06473867866817824
0.534177535406211
0.9290560869820936
0.9690667907858084
0.6389269178780913
-0.31078157932542233
-0.8101065034202217
-0.9999982777158529
-0.8079246986153473
-0.30725134499431794
0.31078157932541206
0.8101065034202487
0.999998277715853
0.8079246986153538
0.3072513449943282
-0.31078157932540185
-0.8101065034202424
-0.999998277715853
-0.8079246986153601
-0.3072513449943385
0.3107815793253916
0.810106503420236
-0.7741466361791625
-0.2542260124844772
0.3628003071549159
0.8412492405900741
0.99836955712983
0.7741466361791693
0.2542260124844876
-0.3628003071549588
-0.841249240590099
-0.9983695571298307
-0.7741466361791761
-0.25422601248444304
0.36280030715494876
0.8412492405900932
0.9983695571298312
0.774146636179183
0.2542260124844535
-0.3628003071549917
-0.8412492405900873
-0.9983695571298319
-0.7741466361791898
-0.9963088690338417
-0.7555748691037178
-0.22623695022124857
0.38951579413466536
0.8564867442860294
0.9963088690338427
0.7555748691037248
0.22623695022120371
-0.38951579413470777
-0.8564867442860238
-0.9963088690338436
-0.755574869103732
-0.2262369502212142
0.38951579413469783
0.8564867442860182
0.9963088690338445
0.7555748691037018
0.2262369502212247
-0.3895157941346879
-0.8564867442860127
-0.9963088690338455
-0.7555748691037089
-0.22623695022117984
0.38951579413467796
0.8564867442860071
0.9963088690338464
0.7555748691036787
0.22623695022119034
-0.389515794134668
-0.8564867442860016
-0.9963088690338425
-0.7555748691036858
-0.22623695022120083
0.3895157941346581
0.8564867442860253
0.9963088690338434
0.7555748691036928
0.22623695022121135
-0.3895157941346482
-0.8564867442860198
-0.9963088690338394
-0.7555748691036999
-0.22623695022122184
0.38951579413463827
0.8564867442860435
0.9963088690338404
0.755574869103707
0.22623695022123233
-0.3895157941346807
-0.856486744286038
-0.9963088690338413
-0.755574869103714
-0.22623695022124285
0.38951579413467075
0.8564867442860324
0.9963088690338422
0.7555748691037211
0.22623695022125334
-0.3895157941346608
-0.8564867442860269
-0.9963088690338432
-0.7555748691037281
-0.2262369502212085
0.3895157941347033
0.8564867442860213
0.9963088690338441
0.755574869103698
0.22623695022121898
-0.38951579413469334
-0.8564867442860158
-0.996308869033845
-0.7555748691037423
-0.22623695022122947
0.3895157941346834
0.8564867442860101
0.996308869033846
0.7555748691037121
0.22623695022118462
-0.38951579413467347
-0.8564867442860046
-0.9963088690338469
-0.7555748691037191
-0.2262369502211951
0.45973670266040473
0.8939205968635612
0.9866572063083964
0.7025242981884852
0.15005098608319384
-0.4597367026603952
-0.8939205968635564
-0.9866572063083981
-0.7025242981884523
-0.1500509860832045
0.45973670266038563
0.8939205968635515
0.9866572063083998
0.70252429818846
0.15005098608321515
-0.45973670266037603
-0.8939205968635722
-0.9866572063084016
-0.7025242981884676
-0.1500509860832258
0.45973670266041694
0.8939205968635674
0.9866572063084034
0.7025242981884754
0.15005098608323647
-0.45973670266040734
-0.8939205968635625
-0.9866572063084051
-0.7025242981884425
-0.15005098608324713
0.45973670266044825
0.8939205968635577
0.9866572063084069
0.7025242981884502
0.15005098608320158
-0.4597367026604387
-0.8939205968635529
-0.9866572063084087
-0.7025242981884174
-0.15005098608321224
0.4597367026604291
0.8939205968635481
0.9866572063084011
0.7025242981884251
0.1500509860832229
-0.45973670266041955
-0.8939205968635432
-0.9866572063084029
-0.7025242981884328
-0.15005098608317738
0.45973670266041
0.8939205968635384
0.9866572063084047
0.7025242981884404
0.15005098608318804
-0.4597367026604004
0.12547614980395055
-0.4816274341074621
-0.9047657081042629
-0.9823142334605781
-0.6846521092677391
-0.12547614980396124
0.4816274341074527
0.9047657081042342
0.9823142334605802
0.6846521092677469
0.12547614980397193
-0.48162743410749304
-0.9047657081042295
-0.9823142334605822
-0.6846521092677548
-0.12547614980398264
0.4816274341074836
0.9047657081042492
0.9823142334605842
0.6846521092677627
0.12547614980393693
-0.4816274341074243
-0.9047657081042446
-0.9198247703835685
-0.5135484104936973
0.08888598733626814
0.6573689591273745
0.9747593316809834
0.9198247703835728
0.5135484104937065
-0.0888859873362574
-0.657368959127452
-0.9747593316810064
-0.919824770383577
-0.5135484104937158
0.08888598733624666
0.6573689591273582
0.9747593316810039
0.9198247703835812
0.5135484104936274
-0.08888598733634916
-0.6573689591274358
-0.9747593316810015
-0.9198247703835855
-0.5135484104937342
0.08888598733622519
-0.5271393486352897
0.07302278886002049
0.6452927029641121
0.9710827372282218
0.9259521717594191
0.5271393486352988
-0.07302278886012312
-0.6452927029641907
-0.9710827372282463
0.8521684010302041
0.9969877164855568
0.7609916106095999
0.23432257463432316
-0.3818497205198742
-0.8521684010301984
-0.9969877164855488
-0.7609916106095331
-0.23432257463422312
0.3818497205199693
0.8521684010301929
0.9969877164855585
0.7609916106096138
0.23432257463434414
-0.38184972051995936
-0.8521684010301872
-0.9969877164855505
-0.7609916106095471
-0.23432257463424408
0.38184972051994936
0.8521684010301815
0.9969877164855602
0.7609916106096278
0.23432257463425457
-0.38184972051993943
-0.8521684010302354
-0.9969877164855522
-0.7609916106095611
-0.23432257463426504
0.38184972051992944
0.8521684010301702
0.9969877164855531
0.7609916106096418
0.23432257463427553
-0.3818497205200246
-0.8521684010302241
-0.9969877164855538
-0.7609916106095751
-0.23432257463428602
0.3818497205199095
0.852168401030159
0.9969877164855635
0.7609916106095821
0.23432257463429648
-0.38184972052000465
-0.8521684010302129
-0.9969877164855555
-0.7609916106095891
-0.23432257463430697
0.3818497205198896
0.8521684010302072
0.9969877164855564
0.7609916106095961
0.23432257463420691
-0.3818497205199847
-0.8521684010302015
-0.9969877164855572
-0.7609916106096031
-0.23432257463432793
0.38184972051997473
0.8521684010301959
0.9969877164855581
0.7609916106095364
-0.5733575235257867
0.0177195833305138
0.6020284116209514
0.9563828488653154
0.9454315441006107
0.5733575235257955
-0.017719583330389352
-0.6020284116208521
-0.9563828488652791
0.8188989492429626
0.9998552964628634
0.7989009042655824
0.9343647478141798
0.9653554262101788
0.6276131430179702
0.05014397097909396
-0.5464784936429065
0.9012127270264242
0.474363804790889
-0.13367596784214436
-0.6906560642384203
-0.9838290186318708
-0.9012127270264289
-0.4743638047908985
0.13367596784202102
0.6906560642383304
0.9838290186318688
0.9012127270264335
0.4743638047908079
-0.133675967842123
-0.6906560642384048
-0.9838290186318669
-0.9012127270264382
-0.47436380479091744
0.13367596784199964
0.6906560642383147
0.9838290186318649
0.9012127270263937
0.4743638047908269
-0.13367596784210162
-0.6906560642383892
-0.983829018631863
-0.9012127270264475
-0.4743638047909364
0.13367596784197827
0.6906560642383813
0.9838290186318611
0.901212727026403
0.47436380479084583
-0.13367596784208027
-0.6906560642383736
-0.9838290186318591
-0.9012127270264569
-0.4743638047909554
0.1336759678420696
0.6906560642383658
0.9838290186318775
0.9012127270264123
0.4743638047908648
-0.1336759678420589
0.15056701880934176
0.7028956623320036
0.9867420533886173
0.8936865181796716
0.4592731083136682
-0.1505670188093311
-0.702895662331915
-0.9867420533885972
-0.8936865181796764
-0.45927310831367774
0.15056701880943285
0.7028956623319882
0.9867420533886139
0.8790851245996438
0.4310182580860729
0.9743096771066314
0.655856522693742
0.08688846835517897
-0.5152680276646401
-0.9206096504327472
-0.9743096771066337
-0.65585652269375
-0.08688846835507645
0.291352469916993
-0.32657554430813585
-0.8197628005020636
-0.9998285296170243
-0.7979937433400768
-0.2913524699170033
0.32657554430823316
0.8197628005021226
0.9998285296170245
0.7979937433400832
0.2913524699170136
-0.3265755443081155
-0.9217568587964932
-0.5177924460123434
0.08395108203067475
0.6536281501302109
0.9736414808837446
0.9217568587964974
0.5177924460123526
-0.08395108203055072
-0.6536281501301167
-0.9736414808837162
-0.9217568587965016
-0.5177924460122646
0.08395108203053998
0.6536281501301946
0.9736414808837397
0.9217568587965057
0.5177924460123711
-0.08395108203052924
-0.6536281501301003
-0.9736414808837373
-0.9217568587965099
-0.5177924460123803
0.08395108203063179
0.6536281501301783
0.9736414808837348
0.9217568587965141
0.5177924460123895
-0.08395108203050776
-0.9999866984145224
-0.8120379172500577
-0.3139182518497688
0.3041075160681731
0.8059745490823865
0.9999866984145223
0.8120379172501304
0.313918251849887
-0.30410751606816283
-0.8059745490823802
-0.9999866984145228
-0.8120379172500704
-0.3139182518497893
0.30410751606815256
0.8059745490823738
0.9999866984145228
0.8120379172500766
0.3139182518496916
-0.1422998225403998
-0.6969266895948688
0.7028089155272413
0.9867222541427079
0.8937412291315495
0.4593814317392547
-0.15044645877683227
-0.7028089155272337
-0.9867222541427061
-0.8937412291315544
-0.45938143173926427
0.150446458776934
0.7028089155273068
0.9867222541427227
0.8937412291315593
0.45938143173927387
-0.15044645877681095
-0.7028089155272184
-0.9867222541427025
-0.8937412291315641
-0.4593814317392834
0.15044645877691268
0.7028089155272915
0.9867222541427193
0.893741229131569
0.459381431739293
-0.15044645877690202
-0.7028089155272029
-0.9867222541426991
-0.8937412291315228
-0.45938143173930257
0.15044645877689136
0.7028089155272762
0.9867222541427157
0.8937412291315786
0.4593814317393122
-0.1504464587768807
-0.7028089155272685
-0.9867222541426955
-0.8937412291315324
-0.45938143173922075
0.15044645877687005
0.7028089155272609
0.9867222541427123
0.8937412291315883
0.4593814317393313
-0.1504464587768594
-0.7028089155272532
-0.9867222541427105
-0.8937412291315421
-0.4593814317392399
0.15044645877684873
0.45102843787515784
0.8894936391285857
0.9882025030117358
0.7380753405564172
0.20052602426434563
-0.413617417667814
-0.869773064389842
-0.9937049630141139
-0.7380753405564245
-0.2005260242643562
0.41361741766790766
0.8697730643898928
0.9937049630141152
0.7380753405564318
0.20052602426436675
-0.41361741766779436
0.7865966024021032
0.27343188512958644
-0.3441745186545741
-0.8303179543742227
-0.999308152992227
-0.7865966024021098
-0.27343188512948746
0.2075225956669995
0.7428786059679292
0.9944802383044073
0.8662242207485737
0.4070999927452023
-0.20752259566698894
-0.7428786059679982
-0.9944802383043942
-0.8662242207486359
-0.407099992745316
0.2075225956669784
0.7428786059679909
0.994480238304405
0.8662242207485845
0.40709999274522196
-0.20752259566696785
-0.7428786059679837
-0.994480238304392
0.9024353495744575
0.9833182922749395
0.6886070690859266
0.13087135039955694
-0.4768527759860424
-0.9024353495744528
-0.9833182922749415
-0.688607069085852
-0.1308713503994549
0.476852775985933
0.9024353495744482
0.9833182922749435
0.6886070690858599
0.13087135039946562
-0.4768527759860235
-0.9024353495744925
-0.9833182922749454
-0.6886070690858677
-0.1308713503994763
0.4768527759859141
0.9024353495744388
0.9833182922749474
0.6886070690858755
0.130871350399487
-0.4768527759860045
-0.9024353495744832
-0.9833182922749286
-0.6886070690858833
-0.13087135039949768
0.4768527759858951
0.9024353495744296
0.9833182922749513
0.6886070690858911
0.13087135039950837
-0.4768527759859856
-0.9024353495744739
-0.9833182922749326
-0.688607069085899
-0.13087135039951905
0.4768527759859761
0.9024353495744692
0.9833182922749553
0.6886070690858244
0.13087135039941702
-0.4768527759859666
-0.9024353495744646
-0.9833182922749365
-0.6886070690859146
-0.13087135039954043
0.47685277598595716
0.9024353495744599
0.9833182922749385
0.6886070690858399
0.1308713503994384
-0.47685277598594766
-0.9024353495744554
-0.9833182922749404
-0.6886070690859302
-0.1308713503995618
0.4768527759860381
-0.6429362206182361
-0.06995001340984477
0.5297547214076906
0.9271111583480792
0.970342644148856
0.6429362206181573
0.06995001340985553
-0.5297547214076814
-0.9271111583481177
-0.970342644148886
-0.6429362206182525
-0.06995001340986629
0.5297547214076723
0.6415725627554528
0.9699110425202688
0.927776470106215
0.5312628200740149
-0.06817517026755023
-0.6415725627555318
-0.9699110425202939
-0.9277764701061766
-0.5312628200739278
0.06817517026742605
0.6415725627554363
0.9699110425202636
0.927776470106223
0.5312628200740331
-0.06817517026730187
-0.6415725627553408
-0.9699110425202333
-0.9277764701061846
-0.531262820073946
0.06817517026740454
0.6415725627554197
0.9699110425202584
0.9277764701061463
0.5312628200738588
-0.0681751702675072
-0.6415725627554987
-0.9699110425202834
-0.9277764701061927
-0.5312628200739643
0.06817517026738303
0.6415725627554033
0.9699110425202531
0.9277764701062391
0.5312628200740697
-0.06817517026725885
-0.6415725627554821
-0.9699110425202228
-0.9277764701062007
-0.5312628200739825
0.06817517026736152
0.6415725627555611
0.9699110425203032
0.9277764701061624
0.5312628200738954
-0.06817517026746418
-0.6415725627554657
-0.9699110425202729
-0.9277764701062088
-0.5312628200740008
0.06817517026734
0.6415725627553702
0.9699110425202426
0.9277764701062552
0.5312628200741063
-0.06817517026721583
-0.6415725627554492
-0.9699110425202676
-0.9277764701062168
-0.531262820074019
0.0681751702673185
0.6415725627555281
-0.9272261963296304
-0.5300151290891926
0.0696437029116382
0.6427010075026253
0.9702683718314845
0.9272261963295919
0.5300151290891053
-0.06964370291174087
-0.6427010075027041
-0.9702683718314544
-0.9272261963296385
-0.5300151290892109
0.06964370291161669
0.6427010075026087
0.9702683718314242
0.9272261963296852
0.5300151290893165
-0.06964370291171935
-0.6427010075025134
-0.9702683718314492
-0.9272261963296466
-0.5300151290892292
0.06964370291182201
0.6427010075027665
0.9702683718314741
0.9272261963296081
0.530015129089142
-0.06964370291169784
-0.6427010075026711
-0.970268371831444
-0.9272261963296546
-0.5300151290892474
0.06964370291157368
0.6427010075025757
0.9702683718314138
0.9272261963297013
0.530015129089353
-0.06964370291167633
-0.6427010075026546
-0.9702683718314937
0.9486779965697483
0.5816132560489974
-0.007607979975185474
-0.5939232262343913
-0.9533799867800703
-0.9486779965697157
-0.5816132560489137
0.00760797997506101
0.5939232262342912
0.9533799867800328
0.948677996569755
0.5816132560490149
-0.007607979974936546
-0.593923226234191
-0.9533799867800637
-0.9486779965697225
-0.5816132560489312
0.007607979975039449
0.5939232262342738
0.9533799867800948
0.94867799656969
0.5816132560488475
-0.007607979975142352
-0.5939232262343567
-0.9533799867800573
-0.9486779965697294
-0.5816132560489488
0.007607979975017888
0.5939232262342565
0.9533799867800197
0.9486779965697687
0.58161325604905
-0.007607979975120792
-0.5939232262343392
-0.9533799867799821
-0.9486779965697362
-0.5816132560489663
0.007607979975223695
0.09257117106528279
0.6601529942787182
0.9755788114527175
0.9183666813560324
0.5103696931168142
-0.09257117106515886
-0.6601529942786247
-0.9755788114526902
-0.9183666813560817
-0.5103696931169213
0.09257117106526132
0.660152994278702
0.9755788114527127
0.9183666813560409
0.5103696931168328
-0.09257117106536378
-0.6601529942787794
-0.9755788114527354
-0.9183666813560002
-0.5103696931167443
0.09257117106523985
0.6601529942786858
0.9755788114527081
0.9183666813560495
0.5103696931168513
-0.09257117106511592
-0.6228569063102086
-0.9637472566921488
-0.936518911582008
-0.5515721733548148
-0.21996774061183685
-0.751346354653375
-0.9957361985406785
-0.8597886584140855
-0.3954310739150102
0.21996774061171542
0.7513463546532928
0.995736198540688
0.859788658414033
0.39543107391491567
-0.21996774061181582
-0.7513463546533607
-0.9957361985406975
-0.9989935646344404
