-0.6978463145924512
-0.14356979408204373
0.46554550800988087
0.8968382493518675
0.9597662509795242
0.9415174148192743
0.5636409271979957
-0.029527237162412207
-0.6114170005206577
-0.9597662509795241
0.6196424614118595
0.9626446439560226
0.937949291597026
0.5549891895718517
-0.039957919481011225
-0.6196424614118594
-0.9626446439560226
-0.9190056654112623
-0.5117602018452212
0.09096026473618413
0.6589370018140613
0.975222200643914
0.9190056654112623
0.5117602018452213
-0.09096026473618754
-0.6589370018140586
-0.9752222006439147
-0.9190056654112637
-0.5117602018452214
0.09096026473619095
0.6589370018140611
0.9752222006439154
0.9190056654112624
0.5117602018452245
-0.0909602647361873
-0.6589370018140583
-0.9752222006439146
-0.9190056654112638
-0.5117602018452216
0.09096026473619072
0.658937001814061
0.9752222006439154
0.9190056654112625
0.5117602018452186
-0.09096026473618705
-0.6589370018140582
-0.9752222006439146
-0.9190056654112639
-0.5117602018452219
0.09096026473619047
0.6589370018140608
-0.8872173846055549
-0.9889496171356925
-0.7129367090811936
-0.16460620998517148
0.4465982665658844
0.8872173846055564
0.9889496171356899
0.7129367090811811
0.1646062099851681
-0.4465982665658875
-0.887217384605558
-0.9889496171356915
-0.7129367090811888
-0.1646062099851647
0.4465982665658906
0.8872173846055595
0.988949617135691
0.7129367090811863
0.16460620998516134
-0.4465982665658809
-0.8872173846055547
-0.9889496171356905
-0.7129367090811839
-0.16460620998515796
0.44659826656589674
0.8872173846055562
0.9889496171356921
0.7129367090811914
0.1646062099851686
-0.4465982665658871
0.9888023817058336
0.8876736302755175
0.4474837229969599
-0.16362975705409527
-0.7122422314813732
-0.988802381705834
-0.8876736302755094
-0.4474837229969441
0.16362975705411267
0.7122422314813757
0.9888023817058325
0.8876736302755143
0.44748372299695377
-0.16362975705410204
-0.712242231481378
-0.988802381705835
-0.8876736302755127
-0.44748372299693795
0.16362975705410543
0.7122422314813704
0.9888023817058335
0.8876736302755112
0.4474837229969476
-0.16362975705410882
-0.7122422314813829
-0.9888023817058318
-0.8876736302755162
-0.44748372299695727
0.16362975705409818
0.7122422314813753
0.9888023817058345
0.887673630275508
0.4474837229969415
-0.1636297570541156
-0.7122422314813677
-0.9888023817058371
-0.8876736302755129
-0.4474837229969511
0.16362975705410496
0.7122422314813801
0.9888023817058355
0.8876736302755179
0.44748372299693534
-0.1636297570540943
-0.7122422314813626
-0.9888023817058318
-0.8876736302755164
-0.4474837229969577
0.16362975705409769
0.712242231481375
0.9888023817058343
0.8876736302755213
0.4474837229969673
0.668575717726029
-0.4271883383428423
-0.8770561052898566
-0.9919182500567484
-0.7279013373632756
-0.18585085425353218
0.4271883383428326
0.877056105289865
0.9919182500567497
0.7279013373632829
0.18585085425354278
-0.42718833834284853
-0.8770561052898599
-0.9919182500567512
-0.7279013373632709
-0.18585085425355335
0.42718833834283876
0.8770561052898547
0.9991341221995498
0.8327715006663614
0.3483184707408752
-0.26918037609821366
-0.7838614683723079
-0.9991341221995493
-0.06763266721948716
0.5317234172352763
0.927979228920393
0.9697785160118523
0.6411553715462254
0.06763266721946956
-0.5317234172352672
-0.6333588755849859
-0.05753564858158607
0.5402642406151863
0.9317015528031455
0.9672605391913373
0.6333588755849723
0.057535648581596835
-0.5402642406152012
-0.9317015528031415
-0.96726053919134
-0.6333588755849806
-0.0575356485816076
-0.7638306289094426
-0.9973184019080071
-0.8498644429834369
-0.3777911526691872
0.23858551731566535
0.763830628909454
0.9973184019080064
0.8498644429834425
0.3777911526691972
-0.23858551731568248
-0.7638306289094471
-0.9973184019080056
-0.9749417387850415
-0.9195033463724304
-0.5128459284148144
0.08970120320523914
0.6579855240326763
0.9749417387850391
0.9195033463724235
0.5128459284148236
-0.08970120320525671
-0.6579855240326895
-0.9749417387850368
-0.9195033463724277
-0.5128459284148328
0.08970120320527428
0.6579855240326814
0.9749417387850406
0.9195033463724319
0.5128459284148177
-0.08970120320526354
-0.6579855240326733
-0.9749417387850382
-0.9195033463724361
-0.5128459284148269
0.0897012032052528
0.6579855240326866
0.9749417387850422
0.9195033463724404
0.5128459284148362
-0.08970120320527036
-0.6579855240326785
-0.9749417387850398
-0.9195033463724446
-0.512845928414821
0.08970120320523133
0.657985524032649
0.9749417387850374
0.9195033463724265
0.5128459284148303
-0.08970120320522058
-0.6579855240326836
-0.9749417387850476
-0.9195033463724308
-0.5128459284148396
0.08970120320526646
0.6579855240326755
0.9749417387850452
0.919503346372435
0.2712651903781682
0.6163411876887864
0.03576181629379134
-0.5584773534260483
-0.9393971560842042
-0.9614991740531643
-0.616341187688795
-0.03576181629374531
0.5584773534260394
0.9393971560842005
0.9614991740531673
0.6163411876888034
-0.3113881439964876
0.3066439223685877
0.8075484328324016
0.9999968895159733
0.8104805230486458
0.3113881439964439
-0.3066439223685774
-0.8075484328323953
-0.9999968895159733
-0.8104805230485855
-0.3113881439964541
0.3066439223685672
0.8075484328323889
0.9999968895159734
0.8104805230485919
0.31138814399646436
-0.3066439223685569
-0.8075484328323825
-0.9999968895159733
-0.8104805230485982
-0.3113881439964746
0.30664392236854665
0.8075484328323762
0.9999968895159733
0.8104805230486045
0.31138814399648485
-0.3066439223685364
-0.8075484328324034
-0.9999968895159734
-0.8104805230486108
-0.31138814399649506
0.30664392236858024
0.807548432832397
0.9999968895159734
0.8104805230486171
0.31138814399650533
-0.30664392236856997
-0.8075484328323906
-0.9999968895159734
-0.8104805230486234
-0.31138814399646153
0.3066439223685597
0.8075484328324178
0.9999968895159733
0.8104805230486297
0.3113881439964718
-0.30664392236860355
-0.8075484328324115
-0.9999968895159733
-0.8104805230486027
-0.311388143996428
0.3066439223685933
0.8075484328324051
0.9999968895159733
0.8104805230486091
0.31138814399643827
-0.306643922368583
-0.8075484328323987
-0.9999968895159733
-0.8104805230486154
-0.31138814399644854
0.30664392236857274
0.8075484328323924
0.9999968895159732
0.8104805230485884
0.31138814399645875
-0.3066439223685625
-0.807548432832386
-0.9999968895159734
-0.8104805230485947
-0.311388143996469
0.30664392236855226
0.8075484328323796
0.9999968895159733
0.8104805230486011
0.31138814399647924
-0.3066439223685961
-0.8075484328323733
-0.9999968895159734
-0.8104805230486074
-0.3113881439964895
0.30664392236858584
0.8075484328324005
0.9999968895159734
0.8104805230486136
0.3113881439964997
-0.3066439223686297
-0.8075484328323941
-0.9999968895159734
-0.81048052304862
-0.311388143996456
0.3066439223686194
0.8075484328324213
0.9999968895159734
0.8104805230486263
0.3113881439964662
-0.30664392236860916
-0.807548432832415
-0.9999968895159733
-0.8104805230486326
-0.31138814399647646
0.3066439223685989
0.8075484328324086
0.9999968895159734
0.8104805230486056
0.31138814399643266
-0.3066439223685886
-0.8075484328324022
-0.9999968895159734
-0.810480523048612
-0.31138814399644293
0.30664392236857835
0.8075484328323959
0.9999968895159735
0.8104805230486183
0.31138814399645315
-0.3066439223685681
-0.8075484328324231
-0.9999968895159735
-0.8104805230485913
-0.3113881439964634
0.30664392236855786
0.8075484328324166
0.9999968895159735
0.8104805230485976
0.31138814399647363
-0.30664392236860166
-0.8075484328324438
-0.9999968895159734
-0.8104805230486039
-0.3113881439964839
0.30664392236859145
0.8075484328324375
0.9999968895159734
0.8104805230486102
0.31138814399649417
-0.3066439223685812
-0.8075484328324312
-0.9999968895159734
-0.8104805230486165
-0.3113881439965044
0.30664392236862503
0.8075484328324247
0.9999968895159734
0.8104805230486228
0.31138814399646064
-0.30664392236861476
-0.8075484328324184
-0.9999968895159733
-0.8104805230486292
-0.31138814399647086
0.3066439223686045
0.8075484328324121
0.9999968895159735
0.8104805230486355
0.3113881439964271
-0.7624085563176151
-0.9971549461855256
-0.8510220386606301
-0.3798276375426258
0.23644801125007486
0.7624085563176449
0.9971549461855248
0.8510220386606357
0.37982763754263577
-0.2364480112500644
-0.7624085563176379
-0.997154946185524
-0.8510220386606414
-0.3798276375426457
0.23644801125005394
0.7624085563176309
0.9971549461855232
0.8510220386606471
0.3798276375425505
-0.2364480112501539
-0.7624085563176239
-0.9971549461855224
-0.8510220386606527
-0.3798276375425605
0.23644801125014345
0.7624085563176171
0.9971549461855216
0.8510220386605987
0.3798276375425705
-0.23644801125013296
-0.7624085563176101
-0.9971549461855208
-0.8510220386606043
-0.3798276375425804
0.2364480112501225
0.7624085563176031
0.9971549461855199
0.85102203866061
0.3798276375425904
-0.236448011250112
-0.7624085563175961
-0.9971549461855191
0.8871557309579912
0.4464787082893546
-0.16473800569260044
-0.7130304007388606
-0.988969417714855
-0.8871557309579962
-0.44647870828946595
0.1647380056925898
0.7130304007387733
0.9889694177148535
0.8871557309579486
0.4464787082893739
-0.16473800569257918
-0.7130304007388455
-0.9889694177148518
-0.887155730958006
-0.44647870828948527
0.16473800569245642
0.7130304007388379
0.9889694177148503
0.8871557309579586
0.4464787082893932
-0.16473800569255792
-0.7130304007388304
-0.9889694177148486
-0.887155730958016
-0.44647870828940284
0.16473800569254726
0.7130304007388228
0.48506432350039724
-0.12158026958175687
-0.6817853320450584
-0.9815715706983004
-0.9064308317354407
-0.4850643235004067
0.12158026958185901
0.6817853320450505
0.98157157069832
0.9688170048367177
0.9294292887498926
0.53503117450018
-0.06373066336765432
-0.638149553954808
-0.9688170048367432
-0.9294292887498966
-0.5350311745001891
-0.7134963773166502
-0.9890676736385229
-0.8868487358042972
-0.4458837237727317
0.1653937157096347
0.7134963773166426
0.9890676736385213
0.8868487358042496
0.44588372377263963
-0.16539371570973618
-0.7134963773166351
-0.9890676736385198
-0.8868487358043071
-0.4458837237726493
0.16539371570972555
0.7134963773166275
0.9890676736385349
0.8868487358042596
0.44588372377265895
-0.16539371570971492
-0.71349637731662
-0.9890676736385166
-0.8868487358042646
-0.4458837237726686
0.16539371570981642
0.713496377316692
0.9890676736385318
0.9705748299654747
0.6436730145570803
0.07090998522900584
-0.5289382483147937
-0.9267500489521894
-0.9705748299654773
-0.6436730145570885
-0.0709099852289032
0.5289382483148811
0.9267500489522281
0.97057482996548
0.6436730145570968
0.07090998522902735
-0.5289382483148719
-0.926750048952224
-0.9705748299654825
-0.643673014557018
-0.0709099852289247
0.5289382483148628
0.92675004895222
0.9705748299654852
0.6436730145571132
0.07090998522893545
-0.5289382483148537
-0.9267500489522587
-0.9705748299654603
-0.6436730145570345
-0.0709099852289462
0.5289382483148445
0.9267500489522119
0.9705748299654903
0.6436730145571298
-0.8855192887783583
-0.4433135886145362
0.16822283472528457
0.7155038528839076
0.9894867183224033
0.8855192887783633
0.4433135886146477
-0.16822283472527394
-0.7155038528838207
-0.9894867183224018
-0.8855192887783154
-0.4433135886145555
0.1682228347252633
0.7155038528838925
0.9894867183224002
0.8855192887783733
0.4433135886146671
-0.16822283472525268
-0.715503852883885
-0.9894867183223987
-0.8855192887783255
-0.4433135886145748
0.16822283472524205
0.7155038528838774
0.9894867183223971
0.8855192887783833
0.4433135886145845
-0.16822283472523142
-0.71550385288387
-0.989486718322412
-0.8855192887783355
-0.44331358861459413
0.1682228347252208
0.7155038528838624
0.989486718322394
0.8855192887783405
0.4433135886146038
-0.16822283472532223
-0.7155038528839343
-0.9894867183224089
-0.8855192887783455
-0.44331358861461345
0.16822283472519955
0.7155038528838473
0.9894867183223909
0.8855192887783505
0.44331358861452125
-0.16822283472530097
-0.7155038528839193
-0.9894867183224058
-0.8855192887783555
-0.44331358861463277
0.1682228347251783
0.7155038528839117
0.9894867183224042
0.8855192887783605
0.44331358861454057
-0.16822283472527974
-0.7155038528839042
-0.9894867183224026
-0.8326017940501286
-0.9991468261134051
-0.7840517303529081
-0.26947552253579077
0.3480311757538525
0.8326017940501226
0.9991468261134102
0.7840517303529149
0.26947552253580115
-0.3480311757538424
-0.8326017940501796
-0.999146826113406
-0.7840517303529215
-0.26947552253581153
0.3480311757538323
0.8326017940501107
0.9991468261134064
0.7840517303529282
0.26947552253571244
-0.3480311757539287
-0.8326017940501677
-0.9991468261134069
-0.7840517303529349
-0.2694755225358323
0.34803117575381204
0.8326017940500987
0.9991468261134073
0.784051730352871
0.2694755225357332
-0.3480311757539085
-0.8326017940501557
0.6360826354309587
0.9681490730131892
0.9304154708810718
0.5372947825311216
-0.06105425076771791
-0.6360826354309503
-0.9681490730131865
-0.9304154708810757
-0.13338272297912582
0.4746242686271532
0.9013409215034832
0.9837759778165803
0.6904420479193198
0.13338272297902384
-0.47462426862714374
-0.9013409215034786
-0.9837759778165619
-0.6904420479194099
-0.1333827229791472
0.47462426862713425
0.9013409215034739
0.9837759778165638
0.6904420479194178
0.13338272297904522
-0.4746242686272248
-0.9013409215034692
-0.8224355630750972
-0.33099783871422667
0.28686980983271304
0.7951629413697835
0.9997308558979625
0.8224355630751033
0.3309978387142368
-0.2868698098328116
-0.7951629413698459
-0.9997308558979623
-0.8224355630751096
-0.33099783871424704
0.28686980983280125
0.7951629413697704
0.9997308558979646
0.8224355630751157
0.3309978387141499
-0.2868698098327909
-0.7951629413698328
-0.9997308558979617
-0.8224355630751218
-0.3309978387141601
0.2868698098327806
0.7951629413698263
0.9997308558979642
0.8224355630750633
0.33099783871417027
-0.2868698098327703
-0.7951629413698198
-0.9997308558979613
-0.8224355630751341
-0.3309978387141804
0.4312070617340092
-0.18147716421291193
-0.724843281612452
-0.9913439019530684
-0.8791848462875849
-0.4312070617340189
-0.2668485419778843
-0.7823562703276701
-0.9990304947239096
-0.8341090259332673
-0.3505862595591024
0.26684854197787394
0.7823562703277341
0.999030494723914
0.8341090259332106
0.38915527705902564
0.856284650073753
0.9963423908051322
0.755831202681252
0.22661818489086644
-0.3891552770590157
-0.8562846500737474
-0.9963423908051429
-0.7558312026813335
-0.22661818489087693
0.38915527705900577
0.8562846500737419
0.9963423908051341
0.7558312026812662
0.22661818489088742
-0.38915527705899583
-0.8562846500737363
-0.996342390805135
-0.7558312026813477
-0.2266181848907872
0.3891552770590906
0.8562846500737307
0.9963423908051359
0.7558312026812803
0.22661818489090843
-0.38915527705897596
-0.8562846500737251
-0.9963423908051369
-0.7558312026812873
-0.22661818489091892
0.38915527705907077
0.8562846500737783
0.9963423908051378
0.7558312026812944
0.22661818489092944
-0.3891552770589561
-0.856284650073714
-0.9963423908051386
-0.7558312026813014
-0.22661818489093993
0.3891552770590509
0.8562846500737672
0.9963423908051395
-0.955441561522446
-0.9464711004617883
-0.5759808483941785
0.014514510890953606
0.5994658203458224
0.9554415615224429
0.9464711004617918
0.5759808483941874
-0.014514510890829151
-0.5994658203459048
-0.9554415615224732
-0.9464711004617953
-0.5759808483941962
0.014514510890932046
0.5994658203458052
0.9554415615224364
0.9464711004617987
0.5759808483942049
-0.014514510890921267
-0.5994658203458875
-0.9554415615224668
-0.9464711004617655
-0.5759808483942138
0.014514510890910487
0.5994658203457879
0.9554415615224301
0.9464711004618057
0.5759808483942226
-0.014514510890899708
-0.5994658203458703
-0.9554415615224605
-0.9464711004617725
-0.5759808483942314
0.014514510890888928
0.5994658203458616
0.9554415615224573
0.9464711004618127
0.5759808483941473
-0.014514510890991823
-0.599465820345853
-0.5574102050878269
0.03704687277978089
0.6173533044224961
0.961851756842752
0.9389555302879152
0.5574102050877414
-0.03704687277977011
-0.6173533044224877
-0.9618517568427801
-0.9389555302879581
-0.5574102050878448
0.03704687277975934
0.6173533044224792
0.9618517568427772
0.9389555302879617
0.5574102050877593
-0.037046872779862176
-0.6173533044223812
-0.9618517568427742
-0.9389555302879655
-0.5574102050877683
0.6837105514934801
0.9820716841176456
0.9053148127976528
0.48275845350768853
-0.12419522666586269
-0.6837105514935553
-0.982071684117665
-0.9053148127977056
-0.48275845350779756
0.12419522666573919
0.6837105514934645
0.9820716841176415
0.9053148127977585
0.4827584535079065
-0.12419522666584129
-0.6837105514935395
-0.9820716841176609
-0.9053148127977148
-0.48275845350781643
0.1241952266659434
-0.8787484574004135
-0.9914636291884804
-0.725473393235899
-0.18237697900094352
0.43038124244684123
0.8787484574003541
0.9914636291884966
0.7254733932358282
0.1823769790010659
-0.4303812424469341
-0.8787484574004033
-0.9914636291884832
-0.7254733932357573
-0.18237697900074115
0.43038124244702697
0.8787484574004524
0.9914636291884698
0.725473393235843
0.18237697900086355
-0.4303812424469146
0.10140003212436956
0.6667899996826562
0.9774888507207192
0.9148201844075683
0.5027213012451996
-0.10140003212424574
-0.6667899996825635
-0.977488850720741
-0.9148201844075268
-0.5027213012451107
0.10140003212434812
0.6667899996826401
0.9774888507207147
0.9148201844074852
0.5027213012450218
-0.10140003212445049
0.03556876377232052
-0.5586375858357281
-0.9394633650478097
-0.9614460699968169
-0.6161890545570786
-0.03556876377221768
0.5586375858358135
0.9394633650477671
0.9614460699968511
0.6161890545571767
0.03556876377234207
-0.5586375858357102
-0.9394633650477244
-0.8419429328346527
-0.3639968606440928
0.25298364051424094
0.773332989593827
0.9982954212701758
0.8419429328345972
0.36399686064399694
-0.2529836405143405
-0.7733329895938922
-0.9982954212701685
-0.8419429328346644
-0.3639968606441129
0.25298364051422007
0.7733329895938134
0.9982954212701612
0.8419429328347315
0.3639968606442288
-0.25298364051431965
-0.7733329895938785
-0.9982954212701672
-0.841942932834676
-0.36399686064413295
0.25298364051419925
0.7733329895939438
0.9982954212701732
0.8419429328346204
0.36399686064403713
-0.2529836405142988
-0.7733329895938649
-0.998295421270166
-0.8419429328346876
-0.8931501862637733
-0.4582122420022006
0.15174720464313177
0.703744376812376
0.9869351164309267
0.893150186263727
0.4582122420021092
-0.15174720464300875
-0.7037443768122876
-0.9869351164309066
-0.893150186263783
-0.4582122420022198
0.1517472046428857
0.7037443768121991
0.9869351164309231
0.8931501862637367
0.45821224200212834
-0.15174720464298744
-0.7037443768122723
-0.9869351164309398
-0.8931501862636904
-0.45821224200203686
0.15174720464308916
0.7037443768123454
0.9869351164309197
0.8931501862637463
0.4582122420021475
-0.15174720464296612
-0.703744376812257
-0.9869351164308996
-0.8931501862638024
-0.45821224200225813
0.15174720464306785
0.7037443768121685
0.9869351164309162
-0.7658225359403801
-0.24158697847977642
0.3749265935209162
0.8482309500826252
0.9975399140224117
0.7658225359403139
0.24158697847967656
-0.37492659352080077
-0.8482309500825592
-0.9975399140224204
-0.765822535940394
-0.24158697847979735
0.37492659352068536
0.8482309500824934
0.9975399140224291
0.765822535940474
0.2415869784799181
-0.3749265935207808
-0.8482309500825479
-0.9975399140224219
-0.7658225359404078
-0.24158697847981828
0.37492659352087615
0.8482309500826024
0.9975399140224147
0.7658225359403417
0.2415869784797184
-0.3749265935207608
-0.8482309500825365
-0.9975399140224234
-0.7658225359404217
-0.2415869784798392
0.3749265935206454
0.8482309500824705
0.9975399140224321
0.7658225359403555
0.24158697847973934
-0.37492659352053
-0.848230950082525
-0.9975399140224249
-0.7658225359402894
-0.24158697847963947
0.3749265935208362
0.8482309500825795
0.9975399140224177
0.7658225359403694
