0.9882504922019959
0.8893502696218171
0.4507484719499872
-0.16002392162965934
-0.7096726161598251
0.6613186830247619
0.9759187445933182
0.9177510159853546
0.5090335924807337
-0.09411736193606467
-0.6613186830247618
-0.9759187445933182
-0.9177510159853546
-0.5090335924807338
0.09411736193606456
0.6613186830247617
0.9759187445933182
0.9177510159853539
0.5090335924807338
-0.09411736193606443
-0.17728974993413424
0.43504354848796656
0.8812049979740271
0.990776089290292
0.7219043897383653
0.17728974993413438
-0.43504354848796645
-0.8812049979740271
-0.9907760892902916
-0.7219043897383629
-0.1772897499341345
0.43504354848796956
0.881204997974027
0.990776089290291
0.721904389738363
0.1772897499341416
-0.43504354848796306
-0.881204997974027
-0.990776089290292
-0.7219043897383656
-0.17728974993413824
0.4350435484879661
0.8812049979740285
0.9907760892902916
-0.9624902669180516
-0.6191953156088078
-0.03938879941171313
0.5554628993845984
0.9381466501055611
0.9624902669180526
0.6191953156088051
0.0393887994117097
-0.5554628993845953
-0.9381466501055599
-0.9624902669180517
-0.6191953156088024
-0.03938879941172047
0.5554628993845981
0.5299907190796993
0.9272154157131137
0.49131768600102793
0.9094338168176859
0.9801771401285297
0.6765261109059502
0.1144651015940729
-0.4913176860010309
-0.9094338168176813
-0.9801771401285319
-0.6765261109059476
-0.11446510159406949
0.49131768600103387
0.9094338168176828
0.9801771401285312
0.6765261109059556
0.1144651015940802
-0.9517549366419158
-0.9503532036520709
-0.5859488481844816
0.0022680516207300295
0.589618632795062
0.9517549366419169
0.9503532036520742
0.5859488481844902
-0.002268051620719249
-0.5896186327950533
-0.9517549366419179
-0.9503532036520687
-0.5859488481844874
0.00226805162073689
0.5896186327950561
0.9517549366419147
0.9503532036520721
0.5859488481844847
-0.0022680516207261095
-0.5896186327950589
-0.9517549366419157
-0.9503532036520665
-0.5859488481844819
0.00226805162072954
0.5896186327950501
0.9517549366419168
0.9503532036520699
0.5859488481844791
-0.00226805162073297
-0.5896186327950529
-0.9517549366419178
-0.9503532036520689
-0.5859488481844763
0.0022680516207221895
0.5896186327950557
0.9517549366419145
0.9503532036520678
0.5859488481844851
-0.0022680516207256194
-0.5896186327950584
-0.9517549366419156
-0.9503532036520668
-0.5859488481844823
0.00226805162072905
0.5896186327950612
0.9517549366419166
0.9503532036520701
0.5859488481844796
-0.0022680516207324803
-0.589618632795064
-0.951754936641922
-0.9503532036520645
-0.5859488481844652
0.0022680516207216994
0.5896186327950782
0.9517549366419275
0.950353203652068
0.585948848184474
-0.0022680516207393407
-0.5896186327950695
-0.9517549366419241
-0.9880239218123579
-0.8900238650067971
-0.4520649425672096
0.1585674228108257
0.7086324221835549
0.9880239218123562
0.890023865006802
0.4520649425671939
-0.15856742281081504
-0.7086324221835674
-0.988023921812359
-0.890023865006807
-0.45206494256717816
0.1585674228108044
0.7086324221835597
0.9880239218123573
0.8900238650067989
0.45206494256718777
-0.15856742281079375
-0.7086324221835721
-0.9880239218123557
-0.8900238650067909
-0.45206494256719737
0.15856742281081118
0.7086324221835646
0.988023921812354
0.8900238650067958
0.45206494256718166
-0.15856742281082858
-0.7086324221835569
-0.9880239218123567
-0.8900238650068006
-0.4520649425671659
0.15856742281081795
0.7086324221835695
0.9880239218123594
-0.40318594944501013
-0.8640771932574076
-0.9949203181490861
-0.7457376976056639
-0.21170862326899662
0.40318594944500025
0.8640771932574022
0.9949203181490843
0.745737697605671
0.21170862326897935
-0.4031859494450164
-0.8640771932574111
-0.9949203181490854
-0.7457376976056782
-0.21170862326896212
0.4031859494450065
0.8640771932574056
0.9949203181490837
0.9752256716213603
0.6589488038444958
0.09097588984515315
-0.5117467219182934
-0.9189994795402905
-0.9752256716213628
-0.6589488038445039
-0.09097588984516389
0.5117467219183085
0.9189994795402863
0.9752256716213589
0.658948803844512
0.09097588984517462
-0.5117467219182993
-0.918999479540282
-0.9752256716213612
-0.6589488038445201
-0.09097588984515706
0.5117467219182901
0.9189994795402889
0.9752256716213573
0.6589488038445283
0.09097588984516779
-0.5117467219183052
-0.9189994795402847
-0.9752256716213596
-0.658948803844515
-0.09097588984515022
0.511746721918296
0.9189994795402805
0.9752256716213558
0.6589488038444804
0.09097588984513265
-0.5117467219182866
-0.9189994795402986
-0.9752256716213457
-0.6589488038444885
-0.09097588984514339
0.5117467219182774
0.9189994795402944
0.975225671621348
0.6589488038444966
0.09097588984515413
-0.5117467219182681
-0.4543335352367576
-0.891181260604232
-0.9876280345578428
-0.7068344675526422
-0.15605415836228778
0.45433353523679865
0.8911812606042271
0.9876280345578444
0.7068344675526499
0.1560541583622423
-0.45433353523678904
-0.8911812606042222
-0.9876280345578461
-0.7068344675526173
-0.15605415836225292
0.45433353523677944
0.8911812606042172
0.9876280345578478
0.7068344675526249
0.15605415836220743
-0.45433353523676984
-0.8911812606042123
-0.9876280345578495
-0.7068344675525923
-0.1560541583622181
0.45433353523676023
0.8911812606042074
0.9876280345578423
0.7068344675525999
0.15605415836222875
-0.45433353523675063
-0.8911812606042284
-0.987628034557844
-0.7068344675526076
-0.15605415836223938
0.454333535236741
0.8911812606042235
0.9876280345578456
0.7068344675526151
0.15605415836225003
-0.4543335352367314
-0.8911812606042187
-0.9876280345578384
-0.7068344675526228
-0.1560541583622607
0.4543335352367725
0.8911812606042395
0.9876280345578401
0.7068344675526305
0.15605415836221517
-0.4543335352367629
-0.8911812606042346
-0.9876280345578418
-0.706834467552638
-0.15605415836222583
0.4543335352367533
0.8911812606042298
0.9876280345578435
0.7068344675526457
0.1560541583622365
-0.4543335352367943
-0.8911812606042249
-0.9876280345578452
-0.7068344675526131
-0.15605415836219097
0.4543335352367847
0.89118126060422
0.9876280345578469
0.7068344675526207
0.15605415836220163
-0.4543335352367751
-0.891181260604215
-0.9876280345578485
-0.7068344675526284
-0.1560541583622123
-0.5316408602651898
0.06772992001121422
0.6412301728985998
0.9698022943507109
0.9279429017284876
0.5316408602651989
0.15495298893827747
0.7060454921076111
0.9874526148955036
0.8916864010732776
0.45532628934709674
-0.1549529889382668
-0.7060454921076035
-0.9874526148955108
-0.8916864010732567
-0.45532628934710634
0.15495298893825615
0.7060454921076361
0.9874526148955182
0.8916864010732616
0.45532628934711594
-0.1549529889382455
-0.7060454921076285
-0.9874526148955165
-0.8916864010732665
-0.4553262893470749
0.15495298893823486
0.7060454921076208
0.9913914442075804
0.7250930414104811
0.18183374180057832
-0.43087986687552843
-0.8790120114732529
-0.9913914442075819
-0.7250930414104885
-0.18183374180058892
0.43087986687551866
0.8790120114732478
0.9913914442075832
0.7250930414104959
0.18183374180054362
-0.43087986687556024
-0.8790120114732427
-0.9913914442075846
-0.7250930414104643
-0.18183374180055423
0.4308798668755505
0.8790120114732375
0.9913914442075861
0.7250930414104716
0.18183374180056483
-0.4308798668755408
-0.8790120114732595
-0.9913914442075875
-0.72509304141044
-0.18183374180057543
0.43087986687553104
0.8790120114732544
0.9913914442075814
0.7250930414104474
0.07210884953961172
-0.5279178264872539
-0.9262978360629168
-0.9708635559680507
-0.6445923959320035
-0.07210884953962247
0.5279178264872447
0.9262978360629127
0.9708635559680396
0.6445923959320117
0.07210884953963322
0.35154626823514123
-0.26586031331183846
-0.781717291433382
-0.9989848338208461
-0.8346741239344458
-0.3515462682351513
0.2658603133118281
0.7817172914333753
0.9989848338208482
0.8346741239344518
0.3515462682351614
-0.2658603133118177
-0.7817172914333685
-0.9989848338208477
-0.8346741239344577
-0.35154626823511825
0.2658603133118621
0.7817172914333618
0.9989848338208472
0.8346741239344637
0.35154626823512836
-0.9361874085777352
-0.5507842664692211
0.044999744961820284
0.6235953833025245
0.9639987804492013
0.07753312497070378
-0.523290271610326
-0.9242345704184125
-0.9721526769043154
-0.648741503067015
-0.07753312497071452
0.5232902716104137
0.9242345704183866
0.9721526769042913
0.6487415030669367
0.07753312497072527
-0.5232902716103077
-0.9242345704183825
-0.9721526769043205
-0.6487415030669448
-0.07753312497073601
0.5232902716103953
0.9242345704184218
0.9721526769042964
0.648741503066953
0.07753312497074677
-0.5232902716102893
-0.9242345704183743
0.46783078277431345
0.8979782736397173
0.9851285851337097
0.6959932603957797
0.14101216612740633
-0.4678307827744044
-0.8979782736397626
-0.9851285851337115
-0.6959932603957059
-0.141012166127417
0.139623831068794
-0.46906961914370765
-0.8985944179333449
-0.9848866911732984
-0.6949857234525018
-0.1396238310688047
0.4690696191436981
0.8985944179332903
0.98488669117332
0.6949857234525912
0.13962383106881537
-0.46906961914378903
-0.8985944179333355
-0.9848866911733022
-0.6949857234525173
-0.13962383106882603
0.46906961914367906
0.8985944179332809
0.9848866911733237
0.694985723452525
0.13962383106883672
-0.46906961914377
-0.8985944179333261
-0.9848866911733059
-0.6949857234525327
0.9986585142626232
0.7774961694391231
0.2593567140127481
-0.357848190956003
-0.6950286879253921
-0.13968300113309418
0.4690168444413698
0.8985681967354664
0.9848970390863434
0.6950286879253998
0.1396830011332174
-0.46901684444136027
-0.8985681967354118
-0.9848970390863453
-0.6950286879253258
-0.13968300113311552
0.4690168444413508
0.898568196735457
0.9848970390863472
0.6950286879254153
0.13968300113323875
-0.4690168444412408
-0.8985681967354522
-0.9848970390863491
-0.6950286879253413
-0.13968300113313686
0.46901684444133174
0.8985681967354475
0.984897039086351
0.6950286879254308
0.13968300113314755
-0.4690168444413222
-0.8985681967354427
-0.9848970390863331
-0.6950286879253569
-0.1396830011331582
0.4690168444413127
0.8985681967354381
0.9848970390863546
0.6950286879253645
0.1396830011331689
-0.46901684444130315
-0.8985681967354832
-0.9848970390863369
-0.6950286879253723
-0.13968300113317955
0.46901684444129366
0.9158495999843453
0.5049294779799867
-0.09885654269097056
-0.7651193632422004
-0.9974627135506234
-0.8488092097934378
-0.3759394378591238
0.2405264216258354
0.7651193632421935
0.9974627135506227
0.8488092097933834
0.3759394378590285
-0.24052642162593527
-0.7651193632421865
-0.9974627135506219
-0.8488092097934492
-0.3759394378591438
0.24052642162581447
0.32324195210165
-0.2947225638900099
-0.8001130777272071
-0.999887590715921
-0.8177390289803608
-0.3232419521016602
0.29472256389010826
0.8001130777272688
0.9998875907159226
0.817739028980367
0.3232419521016704
-0.2947225638899893
-0.8001130777272624
-0.9998875907159207
-0.8177390289803732
-0.323241952101573
0.29472256389008766
0.8001130777272559
0.9998875907159223
0.8177390289803794
0.3232419521016908
-0.2947225638899687
-0.8001130777272494
-0.9998875907159221
-0.8177390289803856
-0.3232419521015934
0.29472256389006707
0.8001130777272429
0.9998875907159219
0.8177390289803919
0.3232419521017112
-0.29472256389005674
-0.8001130777272365
-0.9998875907159235
-0.8177390289803326
-0.3232419521016138
0.9675342041992617
0.6341947039320204
0.05861438224797113
-0.5393546412252229
-0.9313085237404028
-0.9675342041992645
-0.6341947039321166
-0.05861438224798189
0.5393546412252138
0.931308523740399
0.9675342041992384
0.9206226105164026
0.5152964731021569
-0.08685540275415178
-0.6558314668649382
-0.9743022015250634
-0.9206226105164068
-0.5152964731020686
0.08685540275425431
0.6558314668650159
0.9743022015250611
0.9929792666059926
0.8728653546019423
0.41934654474210176
-0.1943483921443253
-0.7338088488905189
-0.9929792666059912
-0.8728653546019475
-0.4193465447422148
0.1943483921442032
0.7338088488904343
0.99297926660599
0.8728653546018973
0.41934654474212135
-0.19434839214430416
-0.7338088488905042
-0.9929792666059887
-0.872865354601958
-0.4193465447422343
0.19434839214429359
0.7338088488904969
0.9929792666059875
0.0734855469083878
-0.5267449905256193
-0.9257768449825966
-0.9711934106538916
-0.6456471031053627
-0.07348554690839854
0.5267449905257068
0.9257768449825925
0.9711934106538671
0.6456471031052841
0.07348554690840929
-0.526744990525601
-0.9257768449825884
-0.9711934106538967
-0.6456471031052924
-0.07348554690842005
0.5267449905256885
0.9257768449826274
0.9711934106538722
0.6456471031053006
0.0734855469084308
-0.5267449905255827
-0.9257768449825803
-0.9711934106538748
-0.6456471031053088
-0.07348554690832816
0.5267449905256701
0.9257768449826191
0.9711934106538773
0.645647103105317
0.0734855469084523
-0.5267449905255643
-0.9257768449825721
-0.9711934106538799
-0.6456471031053252
-0.07348554690834967
0.5267449905256518
0.925776844982611
0.9711934106538825
0.6456471031053335
0.07348554690847381
-0.526744990525546
-0.925776844982564
-0.9711934106538851
-0.6456471031053418
-0.07348554690837117
-0.9629771775908339
-0.9375217716179544
-0.5539649140799656
0.0411877120615991
0.6206080321144781
0.962977177590831
0.9375217716179581
0.5539649140799746
-0.04118771206158833
-0.6206080321145588
-0.9629771775908588
-0.9375217716179224
-0.5539649140799835
0.04118771206157756
0.6206080321144612
0.9629771775908251
0.9375217716179657
0.5539649140799925
-0.04118771206156679
-0.6206080321144528
-0.9629771775908529
-0.9375217716179298
-0.5539649140800015
0.04118771206155602
0.6206080321144444
0.9629771775908194
0.9375217716179731
0.5539649140799158
-0.04118771206154524
-0.6206080321144359
-0.9629771775908471
-0.9375217716179374
-0.5539649140800195
0.04118771206153447
0.6206080321144274
0.9629771775908442
0.9375217716179807
0.5539649140799338
-0.041187712061637294
-0.620608032114419
-0.9629771775908413
-0.9375217716179448
-0.5539649140800375
0.04118771206151293
0.6206080321144105
0.9629771775908383
0.9375217716179486
0.5539649140799517
-0.04118771206161575
-0.6206080321144912
-0.9629771775908355
-0.9375217716179524
-0.5539649140800553
0.04118771206149139
0.6206080321143936
0.9629771775908326
0.9375217716179561
0.5539649140800643
-0.0411877120615942
-0.6206080321144744
-0.9629771775908297
-0.5490265736277098
-0.935445619132027
-0.9645562327550962
-0.6252391495262613
-0.047101962275490614
0.5490265736277007
0.9354456191320232
0.964556232755129
0.6252391495263584
0.047101962275614945
-0.5490265736276917
-0.9354456191320193
-0.9645562327551018
0.9928664897658717
0.8733283385441607
0.42020844533697765
-0.19341679162899938
-0.7331633881879183
-0.9928664897658839
-0.873328338544166
-0.4202084453369874
0.19341679162910033
0.7331633881878337
-0.9011796900858001
-0.9838426685148594
-0.690711187153585
-0.13375150870947144
0.47429670001507873
0.9011796900857955
0.9838426685148614
0.690711187153675
0.1337515087095948
-0.47429670001506924
-0.9011796900857908
-0.9838426685148632
-0.6907111871536006
-0.1337515087094928
0.47429670001505975
0.9011796900857861
0.9838426685148652
0.6907111871536084
0.13375150870961616
-0.47429670001515034
0.7122046836964085
0.16357698730519427
-0.4475315584592893
-0.8876982599305481
-0.9887943978624852
-0.7122046836964161
-0.16357698730531706
0.44753155845938136
0.8876982599305954
0.9887943978624869
0.7122046836964236
0.16357698730521555
-0.44753155845927006
-0.8876982599305381
-0.9887943978624885
-0.7122046836964312
-0.16357698730522618
0.4475315584593621
0.8876982599305855
0.9887943978624901
0.7122046836964389
0.16357698730523682
-0.44753155845925074
-0.8876982599305282
-0.9887943978624747
-0.7122046836964464
-0.16357698730524745
0.4475315584593428
0.8876982599305756
0.9887943978624933
0.712204683696454
0.1635769873052581
-0.4475315584593332
-0.8876982599305706
-0.9887943978624779
-0.7122046836963817
-0.16357698730515657
0.4475315584593235
0.8876982599305656
0.9887943978624966
0.712204683696469
0.1635769873051672
-0.44753155845931386
-0.8876982599305607
-0.9887943978624811
-0.7122046836963969
-0.16357698730517783
0.44753155845930426
0.8876982599305557
0.9887943978624828
0.7122046836964842
0.16357698730507633
-0.44753155845939624
-0.8876982599305507
-0.9887943978624844
-0.712204683696412
-0.16357698730519912
0.44753155845928494
0.8876982599305457
0.988794397862486
0.7122046836964195
0.1635769873050976
-0.44753155845927534
-0.8876982599305409
-0.9887943978624876
-0.7122046836964271
-0.16357698730510822
0.4475315584593673
0.8876982599305359
0.9887943978624892
0.7122046836964346
0.16357698730511885
-0.4475315584593577
-0.8876982599305833
-0.9887943978624908
-0.7122046836964422
-0.16357698730512948
-0.9156570165334199
-0.9770485299749254
-0.6652407136241584
-0.0993335553692176
0.5045156448135881
0.9156570165334613
0.9770485299749034
0.6652407136240815
0.09933355536911521
-0.5045156448134807
-0.9156570165334112
-0.97704852997493
-0.6652407136241745
-0.09933355536923906
0.5045156448133732
0.9156570165333613
0.9770485299749565
0.6652407136240976
0.09933355536913667
-0.504515644813462
0.24281288383427088
0.7666344367797575
0.9976276918215473
0.8475610767054947
0.37375493782942476
-0.2428128838343707
-0.7666344367798236
-0.9976276918215388
-0.8475610767055608
-0.3737549378295402
0.24281288383424995
0.7666344367797436
0.9976276918215301
0.8475610767056269
0.37375493782944474
-0.24281288383412922
-0.7666344367796637
-0.9976276918215372
-0.8475610767055722
-0.3737549378293493
0.2428128838344496
0.7666344367797298
0.9976276918215443
0.8475610767055176
0.37375493782946473
-0.24281288383432886
-0.7666344367797958
-0.9976276918215358
-0.8475610767055837
-0.3737549378295802
0.24281288383420813
0.766634436779716
0.9976276918215272
0.8475610767056497
0.37375493782948477
-0.918030686572614
-0.9757647705801338
-0.6607898772508145
-0.09341571023357427
0.5096400830098728
0.9180306865726549
0.9757647705801114
0.6607898772507372
0.09341571023347182
-0.5096400830097657
-0.9180306865726054
-0.9757647705801386
-0.6607898772508307
-0.09341571023359574
0.5096400830096587
0.9180306865725562
0.975764770580116
0.9796742171347953
0.6746661991362084
0.11195862412831453
-0.49351333996291813
-0.9104799820899062
-0.9796742171347746
-0.6746661991361323
-0.11195862412821227
0.4935133399630076
0.9104799820898548
0.9796742171347996
0.6746661991362243
0.11195862412833595
-0.49351333996289937
-0.9104799820898033
-0.9796742171348246
-0.6746661991363161
-0.1119586241282337
0.4935133399627911
0.9104799820897519
0.979674217134804
0.6746661991362402
0.11195862412813143
0.752751269692439
0.9959305638684433
0.8586982330815793
0.3934723633370565
-0.22204657556846236
-0.7527512696923571
0.19632879083741953
0.7351791748532222
0.9932161018964668
0.871878236188815
0.41751251830816327
-0.19632879083752044
-0.7351791748534461
-0.9932161018964788
-0.8718782361887646
-0.4175125183082764
0.1963287908373984
0.7351791748533617
0.9932161018964643
0.8718782361888255
0.4175125183083895
-0.19632879083727633
-0.7351791748532773
-0.9932161018964498
-0.8718782361888865
-0.417512518308296
0.19632879083737725
0.7351791748535011
0.9932161018964882
0.8718782361888361
0.41751251830820246
-0.19632879083747815
-0.7351791748534168
-0.9932161018964737
-0.8718782361887857
-0.4175125183083156
0.1963287908373561
0.7351791748533324
-0.27347953780956685
0.34412800394884496
0.8302903446794662
0.9993099942734209
0.786627191352421
0.2734795378096866
-0.3441280039487281
-0.8302903446793968
0.8402358689958226
0.9984746433990811
0.7753300409287072
0.25603571532244934
-0.3610555512030843
-0.8402358689958783
-0.9984746433990754
-0.7753300409287858
-0.2560357153225697
0.36105555120296823
0.8402358689958108
0.9984746433990823
-0.9960573864518393
-0.8579705075961284
-0.3921680561837214
0.21535813914842114
0.748221345752149
-0.17160283269579593
0.44023656329566274
0.8839205551987419
0.9899769383704009
0.7178957791631557
0.17160283269569457
-0.44023656329575517
-0.8839205551986837
