0.05162897928883744
0.6287700652723958
0.9657423574303888
0.9338338934254229
0.5452326219785926
-0.051628979288837314
-0.6287700652723959
-0.9657423574303889
-0.933833893425423
-0.5452326219785925
0.05162897928883742
0.6287700652723964
0.965742357430389
0.933833893425423
0.5452326219785926
-0.05162897928883729
-0.6287700652723957
-0.9657423574303893
0.7129283582919004
0.9889478515727198
0.8872228786539464
0.4466089216858891
-0.16459446368723785
-0.7129283582918978
-0.9889478515727198
-0.8872228786539466
-0.4466089216858892
0.16459446368723774
0.7129283582919003
0.9889478515727204
0.8872228786539466
0.44660892168588934
-0.9907594107564932
-0.7218192517688439
-0.1771686723395109
0.4351543181818099
0.8812631495089778
0.9907594107564928
0.7218192517688464
0.17716867233951453
-0.43515431818181294
-0.8812631495089794
-0.9907594107564932
-0.7218192517688441
-0.17716867233951814
0.43515431818181605
0.881263149508981
0.9907594107564938
0.7218192517688466
0.17716867233951475
-0.4351543181818127
-0.8812631495089793
-0.9907594107564933
-0.7218192517688442
-0.17716867233951838
0.43515431818180944
0.8812631495089776
0.9907594107564929
0.7218192517688419
0.177168672339515
-0.4351543181818125
-0.8812631495089792
-0.9907594107564933
-0.7218192517688444
-0.1771686723395186
0.4351543181818156
0.8812631495089774
0.9907594107564929
0.7218192517688421
0.17716867233952224
-0.4351543181817995
-0.8812631495089723
-0.9907594107564943
-0.7218192517688495
-0.17716867233951886
0.4351543181818026
0.881263149508974
0.9907594107564939
0.4625181536054164
-0.14695112517675274
-0.700290068826432
-0.9861420081684309
-0.8953212181241578
-0.462518153605426
0.14695112517674208
0.7002900688264344
0.9861420081684291
0.8953212181241562
0.4625181536054103
-0.14695112517674547
-0.7002900688264267
-0.9861420081684297
-0.895321218124161
-0.46251815360541987
0.14695112517674888
0.7002900688264292
0.9861420081684302
0.8953212181241595
0.4625181536054168
-0.1469511251767382
-0.7002900688264316
-0.9861420081684285
-0.895321218124158
-0.4625181536054138
0.1469511251767416
0.7002900688264341
0.986142008168429
0.8953212181241564
0.46251815360542337
-0.146951125176745
-0.7002900688264264
-0.9861420081684296
-0.8953212181241612
-0.4625181536054203
0.14695112517674838
0.7002900688264289
0.9861420081684302
0.8953212181241598
0.46251815360541726
-0.14695112517675177
-0.7002900688264313
-0.9861420081684283
-0.8953212181241582
-0.4625181536054142
0.14695112517675518
0.7002900688264337
0.986142008168429
0.8953212181241567
0.4625181536054364
-0.14695112517675857
-0.7002900688264159
-0.9861420081684296
-0.8953212181241678
-0.46251815360543336
0.14695112517673384
0.7002900688264082
0.9861420081684278
0.8953212181241726
0.4625181536054177
-0.14695112517672318
-0.7002900688264208
-0.986142008168426
-0.8953212181241648
-0.46251815360542725
0.14695112517674064
0.7002900688264334
0.9861420081684241
0.8953212181241569
0.4625181536054368
-0.14695112517675807
-0.7002900688264257
-0.30034314342839596
0.48472339428217337
0.9062661191859434
0.9816459894131424
0.6820704566045571
0.12196719209515489
-0.48472339428216393
-0.9062661191859508
0.7251097959119301
0.1818576659189474
-0.4308579113403507
-0.8790004107894082
-0.9913946294420498
-0.7251097959119376
-0.18185766591893004
0.4308579113403409
0.8790004107894166
0.9913946294420513
0.725109795911945
0.18185766591894065
-0.43085791134035684
-0.879000410789425
-0.9913946294420527
-0.7251097959119329
-0.18185766591895125
0.43085791134037277
0.8790004107894198
0.9913946294420504
0.7251097959119207
-0.9979308244693557
-0.769550326152151
-0.2472277592984162
0.36952740864488137
0.8451356662604617
0.9979308244693544
0.7695503261521579
0.2472277592983991
-0.3695274086448713
-0.8451356662604559
-0.9979308244693552
-0.7695503261521467
-0.247227759298382
0.36952740864486133
0.8451356662604653
0.9979308244693559
0.7695503261521354
0.24722775929839247
-0.3695274086448777
-0.8451356662604748
-0.9979308244693565
-0.7695503261521423
-0.2472277592984029
0.3695274086448941
0.845135666260469
0.9979308244693572
0.7695503261521491
0.24722775929841334
-0.3695274086448841
-0.8451356662604632
-0.9979308244693543
-0.769550326152156
-0.2472277592984238
0.36952740864487404
0.8451356662604576
0.997930824469355
0.7695503261521629
0.24722775929837917
-0.36952740864486405
-0.8451356662604518
-0.9979308244693557
-0.7695503261521335
-0.2472277592983896
0.36952740864485406
0.8451356662604763
0.9979308244693563
0.7695503261521404
0.24722775929840005
-0.36952740864489686
-0.8451356662604705
-0.9979308244693571
-0.7695503261521472
-0.2472277592984105
0.3695274086448868
0.8451356662604649
-0.5197783238452864
-0.9226551277598755
-0.9731090327645957
-0.6518683620127608
-0.08163613316274762
0.5197783238452772
0.9226551277598712
0.973109032764585
0.651868362012769
0.5674053521349917
-0.024964506376633278
-0.6077987719647937
-0.18392010150347585
-0.7265528270422575
-0.9927346519155831
-0.7324144194720653
-0.19233677264076973
-0.7812198222623007
-0.2650916252582727
0.3522925624614221
0.8351129653046593
0.9989485998472527
-0.8560709875129486
-0.9963776419809193
-0.7561019028426821
-0.22702093577697785
0.38877431259773343
0.856070987512943
0.9963776419809202
0.7561019028426892
0.227020935776933
-0.3887743125977235
-0.8560709875129374
-0.9963776419809212
-0.756101902842659
-0.2270209357769435
0.3887743125977136
0.8560709875129319
0.9963776419809172
0.7561019028426661
0.22702093577695398
-0.3887743125977037
-0.8560709875129263
-0.9963776419809182
-0.7561019028426359
-0.22702093577696447
0.38877431259769374
0.8560709875129208
0.9963776419809142
0.756101902842643
0.227020935776975
-0.3887743125976838
-0.8560709875129445
-0.9963776419809152
-0.75610190284265
-0.22702093577698548
0.3887743125977262
0.856070987512939
0.996377641980916
0.7561019028426571
0.22702093577699597
-0.3887743125977163
-0.8560709875129627
-0.9963776419809169
-0.7561019028426641
-0.22702093577700647
0.38877431259770634
0.8560709875129572
0.9963776419809178
0.7561019028426712
0.2270209357769616
-0.3887743125977488
-0.8560709875129516
-0.9963776419809188
-0.756101902842641
-0.2270209357769721
0.38877431259773887
0.8560709875129461
0.9963776419809197
0.7561019028426481
0.22702093577698262
-0.38877431259772893
-0.8560709875129405
-0.9963776419809206
-0.7561019028426551
-0.22702093577693777
0.388774312597719
0.8560709875129349
0.9963776419809167
0.756101902842625
0.22702093577694826
-0.38877431259770906
-0.8560709875129293
-0.9963776419809176
-0.756101902842632
-0.22702093577695875
0.3887743125976991
0.8560709875129238
0.9963776419809185
0.7561019028426391
0.22702093577696925
-0.3887743125976892
-0.8560709875129475
-0.9963776419809146
-0.7561019028426462
-0.22702093577697977
0.38877431259773165
0.856070987512942
0.9963776419809155
0.7561019028426532
0.22702093577699026
-0.38877431259777406
-0.8560709875129364
-0.9233826868873621
-0.9726717167348523
-0.6504332106853454
-0.07975132556577684
0.5213928552721062
0.9233826868873799
0.9726717167348548
0.6504332106853535
0.07975132556578758
-0.521392855272097
-0.9233826868873757
-0.9726717167348573
-0.6504332106853186
-0.07975132556579834
0.5213928552720878
0.9233826868873716
0.9726717167348599
0.6504332106853268
0.07975132556575242
-0.5213928552721271
-0.9233826868873675
-0.9726717167348623
-0.650433210685335
-0.07975132556576316
0.5213928552721179
0.20418555653816867
-0.41021232680164876
-0.8679230439073722
-0.9941166578597722
-0.7405914972921804
-0.2041855565381236
0.41021232680163894
0.8679230439073669
0.9941166578597733
0.7405914972921877
0.20418555653813414
-0.4102123268016291
-0.8679230439073615
-0.9941166578597745
-0.7405914972921949
-0.20418555653814469
0.4102123268016193
0.8679230439073844
0.9941166578597757
0.7405914972921639
0.20418555653815526
-0.41021232680160946
-0.8679230439073508
-0.9941166578597708
-0.7405914972921712
-0.2041855565381658
0.41021232680159964
0.8679230439073454
0.9941166578597719
0.7405914972921784
0.20418555653817635
-0.41021232680164166
-0.8679230439073401
-0.9941166578597669
-0.7405914972921857
-0.2041855565381869
0.4102123268016836
0.8679230439073348
0.9941166578597681
0.7405914972921929
0.20418555653819745
-0.4102123268016738
-0.8679230439073858
-0.9941166578597692
-0.7405914972922002
-0.20418555653820802
0.410212326801664
0.8679230439073805
0.9941166578597704
-0.9017883672888256
-0.4755343161849785
0.13235768088452815
0.6896935425282611
0.9835899127475396
0.9017883672888303
0.47553431618508796
-0.13235768088440478
-0.689693542528171
-0.9835899127475377
-0.9017883672888349
-0.4755343161849974
0.13235768088450678
0.6896935425282456
0.9835899127475357
0.9017883672888396
0.47553431618510694
-0.1323576808844961
-0.6896935425281554
-0.9835899127475338
-0.9017883672887951
-0.4755343161850164
0.1323576808844854
0.6896935425282299
0.9835899127475318
0.9017883672888489
0.47553431618512587
-0.13235768088436203
-0.6896935425282221
-0.9835899127475299
-0.9017883672888044
-0.4755343161850354
0.13235768088446404
0.6896935425282142
0.9835899127475279
0.9017883672888583
0.4755343161850449
-0.13235768088445335
-0.6896935425282065
-0.9111302163113775
-0.19507182719760335
0.4186768624260275
0.8725052209061473
0.9930662403617899
0.7343097090793088
0.1950718271975024
-0.41867686242612095
-0.8725052209061421
-0.9930662403617778
0.07572574088736517
0.6473609462974592
0.9717262732112382
0.924925191519619
0.5248341237183449
-0.07572574088746777
-0.6473609462975376
-0.9717262732112625
-0.9249251915195799
0.9181792293107627
0.9756826900012583
0.660508525346229
0.09304255386803081
-0.5099625107877571
-0.9181792293107585
-0.9756826900012358
-0.6605085253461517
-0.09304255386792835
0.5099625107877478
0.9181792293107541
0.975682690001263
0.6605085253461598
0.0930425538679391
-0.5099625107877386
-0.918179229310795
-0.35720982203266455
-0.837994446758562
0.33676057031692397
-0.28100787549337813
-0.7914408639716862
-0.9995703424983062
-0.8258979243369761
-0.3367605703168271
0.28100787549347694
0.7914408639716796
0.9995703424983059
0.8258979243369822
0.3367605703169443
-0.2810078754933575
0.938442631885623
0.9622577104555008
0.6185230495680212
0.03853360657081154
-0.5561743644273307
-0.9384426318856193
-0.9622577104555347
-0.6185230495680296
-0.038533606570935915
0.5561743644273217
0.9384426318856548
0.9622577104555067
0.618523049568038
0.03853360657083309
-0.5561743644273127
-0.9384426318856118
-0.9622577104555405
-0.6185230495681359
-0.03853360657084386
0.5561743644273038
0.9384426318856474
0.9622577104555126
0.618523049568055
0.03853360657085463
-0.5561743644272948
-0.9384426318856044
-0.9622577104555464
-0.6185230495681528
-0.22399597840301694
0.3916331161074989
0.8576716713849956
0.9961087993813795
0.754066222506956
0.22399597840302743
-0.3916331161075936
-0.8576716713850484
-0.9961087993813705
-0.7540662225068884
-0.22399597840303795
0.3916331161074791
0.8576716713849845
0.9961087993813815
0.7540662225068955
0.22399597840304844
-0.39163311610757373
-0.8576716713850374
-0.9961087993813724
-0.7540662225069026
-0.22399597840305896
0.3916331161074592
0.8576716713849734
0.9961087993813733
0.7540662225069097
0.22399597840295865
-0.3916331161075539
-0.8576716713850263
-0.9961087993813743
-0.9807513052145403
-0.6786729081292169
-0.11736452738217436
0.488773113751105
0.9082160382187556
0.9807513052145203
0.6786729081291414
0.11736452738218506
-0.48877311375119475
-0.9082160382187511
-0.9807513052145446
-0.6786729081292328
-0.11736452738219576
0.4887731137511854
0.9082160382187466
0.9807513052145245
0.6786729081291571
0.11736452738220647
-0.48877311375117594
-0.9082160382187421
-0.9807513052145488
-0.6786729081291651
-0.11736452738221717
0.48877311375116655
0.9082160382187852
0.9807513052145287
0.678672908129173
0.11736452738222788
-0.4887731137511571
-0.9082160382187331
-0.9807513052145308
-0.6786729081291809
-0.11736452738223858
0.48877311375114774
0.9082160382187762
0.9807513052145329
0.6786729081291888
0.1173645273822493
-0.4887731137511383
-0.908216038218724
-0.980751305214535
-0.6786729081291968
-0.11736452738226
0.4887731137512281
0.9082160382187671
0.9807513052145371
0.6786729081292047
0.11736452738227071
-0.48877311375111954
-0.9082160382187626
-0.9807513052145392
-0.6786729081292125
-0.11736452738216852
0.4887731137512093
0.9082160382187581
0.9807513052145413
0.6786729081292205
0.11736452738229212
-0.4887731137511007
-0.9082160382187535
-0.9807513052145213
-0.6786729081292284
-0.11736452738218993
0.4887731137511905
0.9082160382187491
0.9807513052145456
0.6786729081292363
0.11736452738231352
-0.4887731137511811
-0.9082160382187445
-0.9807513052145255
-0.6786729081291608
-0.11736452738221134
0.48877311375117166
0.90821603821874
0.9807513052145498
0.6786729081292522
0.11736452738222204
-0.4887731137511623
-0.9082160382187355
-0.9807513052145297
-0.6786729081291766
-0.11736452738223274
0.48877311375115284
0.908216038218731
0.9807513052145318
0.6786729081292681
0.11736452738213056
-0.48877311375124266
-0.9082160382187265
-0.9807513052145339
-0.6786729081291925
-0.11736452738225416
0.9974019204530131
0.9480787887957665
0.5800752469128617
-0.009497323258251627
-0.5954422387468581
-0.95394845737158
-0.9480787887957699
-0.5800752469128706
0.009497323258354529
0.5954422387469408
0.9539484573715427
0.9480787887957733
0.5800752469128794
-0.00949732325834375
-0.5954422387469321
-0.9539484573715735
-0.9480787887957406
-0.5800752469127956
0.009497323258332968
0.5954422387469235
0.9539484573715361
0.9480787887957802
0.5800752469128969
-0.009497323258322189
-0.5954422387469148
-0.9539484573715671
0.9509190836675572
0.5874256368593236
-0.00044443736621501274
0.43415876253182667
-0.1782565169795172
0.8545328576100597
0.9966256997221136
0.7580413986019217
0.22991104809533427
-0.3860375083945523
-0.854532857610054
-0.9966256997221143
-0.7580413986019287
-0.2299110480954554
0.38603750839464723
0.8545328576101076
0.9966256997221152
0.7580413986019358
0.22991104809535526
-0.38603750839453244
-0.8545328576100428
-0.9966256997221161
-0.7580413986019428
-0.22991104809536575
0.38603750839462736
0.8545328576100963
0.9966256997221077
0.7580413986019497
0.22991104809537624
-0.3860375083945125
-0.8545328576100316
-0.9966256997220992
-0.7580413986019569
-0.22991104809538673
0.38603750839460743
0.8545328576100851
0.9966256997221095
0.7580413986019638
0.22991104809539722
-0.3860375083945975
-0.8545328576100795
-0.996625699722101
-0.7580413986018967
-0.22991104809529708
0.38603750839458756
0.8545328576100739
0.9966256997221112
0.758041398601978
0.2299110480954182
-0.3860375083945776
-0.8545328576100683
-0.9966256997221028
0.9128148527030971
0.4984467148595537
-0.10631112647986994
-0.6704617308860782
-0.9785187422499094
-0.9128148527031016
-0.4984467148594645
-0.3105086624312191
-0.8099381353696379
-0.9999987693815922
-0.808093862197875
-0.30752456575465903
0.3105086624312089
0.8099381353696317
0.9999987693815919
0.8080938621978144
0.3075245657546693
-0.3105086624311986
-0.8099381353696253
-0.999998769381592
-0.8080938621978878
-0.3075245657545714
0.31050866243118835
0.809938135369619
0.999998769381592
0.8080938621978272
0.3075245657546898
-0.31050866243117814
-0.8099381353696127
-0.999998769381592
-0.8080938621978335
-0.30752456575459186
0.31050866243127595
0.809938135369673
0.999998769381592
0.8080938621978399
0.3075245657547103
0.42390642099265097
-0.18941312714797523
-0.997334696434217
-0.8497469068470397
-0.3775846806794087
0.23880205987646957
0.7639745301431777
0.9973346964342162
0.8497469068469854
0.7200395684779811
0.9904078358015933
0.8824739725732509
0.43746504600909497
-0.17464065924059788
-0.7200395684779736
-0.9904078358015919
-0.8824739725732025
-0.43746504600900243
0.17464065924058725
0.7200395684779661
0.9904078358015904
0.8824739725732611
0.43746504600911434
-0.17464065924057665
-0.7200395684779586
-0.9904078358015889
-0.8824739725732127
-0.4374650460090218
0.17464065924056602
0.7200395684779511
0.9904078358015874
0.8824739725732177
0.4374650460091337
-0.17464065924066735
-0.7200395684780225
-0.9904078358015859
-0.8824739725732228
-0.4374650460090412
0.1746406592405448
0.7200395684779362
0.9904078358015844
0.8824739725732279
0.4374650460090509
-0.17464065924064612
-0.7200395684779287
-0.990407835801583
-0.8824739725732329
-0.4374650460090606
0.17464065924063552
0.7200395684780001
0.9904078358015814
0.882473972573238
0.43746504600907027
-0.17464065924062488
-0.7200395684779927
-0.9904078358015956
-0.8824739725732431
-0.43746504600908
0.17464065924061428
0.7200395684779851
0.9904078358015942
0.8824739725732481
0.4374650460090897
-0.17464065924060365
0.024112677043933783
0.6071219175543343
0.9582312208740084
0.943328766901147
0.9961709886295471
0.8573071606093228
0.39098113603481793
-0.22468639354481254
-0.7545313575999661
-0.9961709886295561
-0.8573071606092698
-0.3909811360349325
0.22468639354469125
0.7545313575998844
0.9961709886295452
0.8573071606093339
0.3909811360350471
-0.22468639354456996
-0.7545313575998028
-0.9961709886295343
-0.8573071606093979
-0.3909811360351616
0.22468639354467024
0.7545313575998703
0.9961709886295433
0.47607358028376034
-0.13174993749572006
-0.6892494571676782
-0.9834791109287929
-0.9020531715406657
-0.9931220295475487
-0.8722727760107183
-0.418244969499043
0.19553819973759146
0.7346324227735918
0.9931220295475608
0.872272776010668
0.8150788802462071
0.9999460500035732
0.8028678155758053
0.2991213640714857
-0.31887928174690117
-0.8150788802461351
-0.9999460500035744
-0.802867815575744
-0.2991213640713875
0.3188792817469987
0.8150788802461947
0.30568371825229135
-0.3123464789240646
-0.8110709374177897
-0.9999938651051817
-0.8069531248638011
-0.30568371825240986
0.31234647892394635
0.81107093741785
0.9999938651051814
0.8069531248637403
0.3056837182523119
0.0675176297031717
0.6410668839617384
0.9697503776089801
0.9280221876124902
0.531821064262088
-0.06751762970327436
-0.6410668839618173
-0.9697503776089497
-0.9280221876125366
-0.5318210642621933
0.06751762970315017
0.6410668839617218
0.9697503776089192
0.928022187612583
0.5318210642622988
-0.067517629703026
-0.6410668839618008
-0.9697503776089444
-0.9280221876125446
-0.531821064262019
0.06751762970312866
0.6410668839618797
0.9697503776089695
0.9280221876125063
0.5318210642621245
-0.06751762970323134
-0.6410668839617842
-0.9697503776089391
-0.9280221876125527
-0.5318210642622299
0.06751762970310715
0.6410668839616888
0.9697503776089088
0.9280221876125143
0.8690813310319636
-0.7039632684637604
-0.986984717896086
-0.8930115514688622
-0.4579383247268352
0.15205177730986774
0.7039632684638336
0.9869847178961025
0.8930115514688158
0.45793832472674373
-0.1520517773097447
-0.7039632684637451
-0.9869847178960826
-0.8930115514688719
-0.45793832472685436
0.1520517773096217
0.7039632684636568
0.9869847178960626
0.8930115514688256
0.4579383247267629
-0.1520517773097234
-0.7039632684637299
-0.9869847178960791
-0.8930115514687793
-0.4579383247266714
0.1520517773098251
0.703963268463803
0.9869847178960957
0.8930115514688353
0.4579383247267821
-0.1520517773097021
0.9928727421760967
-0.7733639809231935
-0.2530309337282869
0.36395132994590745
0.8419165558312833
0.998298273080382
0.7733639809231282
0.25303093372818736
-0.36395132994579155
-0.8419165558312162
-0.9982982730803893
-0.7733639809232071
-0.25303093372830776
0.3639513299456756
0.841916555831149
0.9982982730803833
0.7733639809232861
0.25303093372842816
-0.36395132994577145
-0.8419165558312045
-0.9982982730803773
-0.7733639809230767
-0.25303093372832863
0.3639513299458673
0.84191655583126
0.9982982730803845
0.942216180438872
0.5653576237962123
0.5985584077249763
0.0133814034225958
-0.5769068421702275
-0.9468362823961844
-0.9551064445284204
-0.5985584077248939
-0.013381403422492904
0.5769068421701258
0.9468362823961444
