0.9834939006940889
0.6893086628156557
-0.6886413529839356
-0.9833268911616019
-0.9024149789673048
-0.4768112167645189
0.13091822402511963
0.6886413529839361
0.9833268911616019
0.9024149789673046
0.47681121676451743
-0.33008603730688557
-0.8218856025425052
-0.9997528024710749
-0.7957484122036539
-0.2877951749681953
0.33008603730688546
0.8218856025425072
0.9997528024710749
0.7957484122036518
0.28779517496819884
-0.3300860373068887
-0.8218856025425071
-0.9997528024710749
-0.7957484122036519
-0.2877951749681955
0.33008603730688857
0.8218856025425051
0.9997528024710749
0.795748412203652
0.2877951749681957
-0.33008603730688846
-0.821885602542507
-0.9997528024710749
-0.795748412203652
-0.2877951749681958
0.33008603730688835
0.8218856025425069
0.9997528024710749
0.7957484122036542
0.2877951749681959
-0.33008603730689157
-0.8218856025425109
-0.9997528024710748
-0.7957484122036522
-0.2877951749681926
0.33008603730689484
0.8218856025425088
0.9997528024710749
0.7957484122036501
0.2877951749681893
-0.33008603730689806
-0.8218856025425108
-0.9997528024710748
-0.7957484122036523
-0.287795174968186
0.33008603730689456
0.8218856025425086
0.3708965961999678
0.8459226310780309
0.9978349727370207
0.7686082699737983
0.24579933211484983
-0.3708965961999578
-0.8459226310780251
-0.9978349727370214
-0.7686082699737962
-0.24579933211483274
0.37089659619997417
0.8459226310780269
0.9978349727370222
0.768608269973803
0.2457993321148432
-0.3708965961999642
-0.8459226310780288
-0.9978349727370219
-0.7686082699738008
-0.24579933211483987
0.37089659619995413
0.845922631078023
-0.8052156705910822
-0.999979271562025
-0.8127847788416396
-0.3151341261422974
0.3028870517283851
0.8052156705910843
0.999979271562025
0.8127847788416376
0.3151341261423077
-0.3028870517283748
-0.8052156705910863
-0.999979271562025
0.7497432184939871
0.9955094799475898
0.8610249561839431
0.39765816431992734
0.9835534995237594
0.6895474661115047
0.13215773750101623
-0.4757117549585745
-0.9018755258718492
-0.9835534995237588
-0.689547466111492
-0.13215773750099874
0.47571175495859
0.9018755258718567
0.9835534995237607
0.6895474661114999
0.13215773750100943
-0.47571175495858053
-0.901875525871852
-0.9835534995237576
-0.6895474661114871
-0.13215773750099194
0.47571175495857104
0.9018755258718475
0.9835534995237595
0.6895474661114949
0.13215773750100263
-0.4757117549585866
-0.901875525871855
-0.9835534995237615
-0.6895474661114821
-0.1321577375010133
0.4757117549585771
0.9018755258718504
0.9835534995237583
0.6895474661114899
0.13215773750099583
-0.47571175495859264
-0.901875525871858
-0.983553499523755
-0.6895474661114978
-0.1321577375010065
0.47571175495858314
0.9018755258718534
0.983553499523757
0.6895474661114849
0.13215773750098903
-0.47571175495857365
-0.901875525871861
-0.9835534995237589
-0.6895474661114928
-0.1321577375009997
0.4757117549585892
0.9018755258718564
0.9835534995237558
0.68954746611148
0.13215773750098223
-0.4757117549585797
-0.9018755258718517
-0.9835534995237577
-0.6895474661114878
-0.1321577375009929
0.4757117549585702
0.9018755258718593
0.9835534995237597
0.6895474661114955
0.1321577375010036
-0.4757117549585857
-0.9018755258718546
-0.9835534995237616
-0.6895474661114828
-0.1321577375009861
0.47571175495860124
0.9018755258718499
0.9835534995237533
0.6895474661114906
0.1321577375009968
-0.47571175495859175
-0.9018755258718576
-0.9835534995237553
-0.6895474661114984
-0.1321577375009793
0.4757117549586073
0.9018755258718529
0.9835534995237571
0.6895474661114857
0.13215773750099
-0.4757117549585978
-0.9018755258718606
-0.983553499523754
-0.6895474661114934
-0.13215773750100068
0.4757117549586133
0.9018755258718559
0.9835534995237559
0.6895474661114807
-0.6050076300382882
-0.021455273081284736
0.5702922689548355
0.9442075477715405
0.9919766090846124
0.7282172150748738
0.18630359609935068
-0.42677166435983804
-0.8768346544688874
-0.9919766090846102
-0.7282172150748812
-0.18630359609933336
0.4267716643598283
0.8768346544688822
0.9919766090846115
0.7282172150748691
0.18630359609931602
-0.42677166435981856
-0.8768346544689044
-0.9919766090846128
-0.728217215074857
-0.18630359609932662
0.4267716643598602
0.8768346544688992
0.9919766090846143
0.7282172150748645
0.18630359609933722
-0.4267716643598505
-0.876834654468894
-0.9919766090846084
-0.7282172150748718
-0.9943140425002087
-0.8670087325387391
-0.40853555529041163
0.20598431846605655
0.7418251837179278
0.9943140425002076
0.8670087325387162
0.40853555529042146
-0.205984318466046
-0.7418251837179206
-0.9943140425002064
-0.8670087325387216
-0.40853555529043134
0.20598431846603546
0.7418251837179134
0.9943140425002053
0.8670087325387269
0.40853555529038926
-0.20598431846602488
-0.7418251837179062
-0.9943140425002102
-0.867008732538704
-0.40853555529039914
0.20598431846601434
0.741825183717937
0.994314042500209
0.8670087325387094
0.40853555529040897
-0.2059843184660038
-0.7418251837179298
-0.9943140425002078
-0.8670087325387147
-0.4085355552904188
0.20598431846599324
0.7418251837179226
0.9943140425002128
0.8670087325387201
0.4085355552904286
-0.20598431846603832
-0.7418251837179535
-0.9943140425002116
-0.8670087325387255
-0.4085355552904385
0.20598431846602777
0.7418251837179463
0.9943140425002105
0.8670087325387309
0.4085355552904483
-0.20598431846601722
-0.741825183717939
-0.9943140425002094
-0.8670087325387362
-0.40853555529045815
0.2059843184660623
0.7418251837179318
0.9943140425002082
0.8670087325387416
0.40853555529041613
-0.20598431846605175
-0.7418251837179246
-0.994314042500207
-0.8670087325387187
-0.40853555529042596
0.2059843184660412
0.7418251837179174
0.9943140425002059
0.867008732538724
0.40853555529038393
-0.20598431846603066
-0.7418251837179102
-0.9943140425002047
-0.867008732538701
-0.40853555529039376
0.2059843184660201
0.741825183717903
0.8170633191987887
0.32213173163816694
-0.2958432285533654
-0.8008161307790923
-0.9999044897863015
-0.8170633191987949
-0.3221317316381771
0.29584322855340944
0.8008161307790859
0.9999044897863014
0.8170633191988012
0.3221317316381873
-0.2958432285533991
-0.8008161307790794
-0.9999044897863013
-0.8170633191988074
-0.3221317316381975
0.29584322855338885
0.8008161307790729
0.9999044897863011
0.8170633191988136
0.32213173163815395
-0.2958432285534328
-0.8008161307790664
-0.999904489786301
-0.817063319198787
-0.3221317316381641
0.29584322855342254
0.80081613077906
0.9999044897863016
0.817063319198826
0.3221317316381743
-0.2958432285534122
-0.8008161307790536
-0.9999044897863014
-0.8170633191987995
-0.32213173163813075
0.29584322855340195
0.8008161307790471
0.9999044897863013
0.8170633191988057
0.32213173163814096
-0.7774251394319888
-0.2592476393272488
0.357953647497336
0.8384288073748618
0.9986526599823036
0.7774251394319955
0.2592476393272592
-0.35795364749732594
-0.8384288073748869
-0.9986526599823041
-0.7774251394320023
-0.25924763932726963
0.3579536474973159
0.838428807374881
0.9986526599823047
-0.8467257666341894
-0.9977346768621863
-0.7676428522832203
-0.24433754935300137
0.9998006717334085
0.7971203725689331
0.28996718420812906
-0.32794361289807006
-0.8205910962706544
-0.9998006717334087
0.5941169396817965
0.007848775067951412
-0.5814173548518905
-0.9486018168672542
-0.953452626629287
-0.5941169396818051
-0.007848775067905352
0.5814173548518817
0.9486018168672687
0.9534526266292902
0.5941169396818138
0.007848775067916132
-0.581417354851873
-0.9486018168672654
-0.9534526266292934
-0.5941169396818224
-0.00784877506787007
0.5814173548518642
0.948601816867262
0.9534526266292968
0.5941169396817854
0.00784877506788085
-0.5814173548518554
-0.9486018168672585
-0.9534526266293
-0.594116939681794
-0.00784877506789163
0.5814173548518466
0.9486018168672552
0.9534526266293032
0.5941169396818027
0.007848775067902412
-0.5814173548518379
-0.9486018168672518
-0.9534526266292893
0.2828602294409279
-0.3349420394358384
-0.8248078335092773
-0.999625069369361
-0.7926195047368494
-0.28286022944093825
0.33494203943582823
0.8248078335092712
0.9996250693693612
0.7926195047368559
0.28286022944089406
-0.3349420394358181
-0.8248078335092651
-0.9996250693693616
-0.7926195047368625
-0.28286022944090444
0.3349420394358079
0.824807833509259
0.9996250693693619
0.7926195047367998
0.28286022944091477
-0.33494203943579776
-0.824807833509253
-0.9996250693693637
-0.7926195047368411
-0.2828602294409796
0.33494203943573403
0.8248078335092147
0.026772906297346313
0.6092342918547495
0.9589888850356295
0.9424423189662925
-0.9586594362543058
-0.9428295630983438
-0.5668708424370555
0.02561327280388494
0.6083139883968655
0.9586594362543027
0.9428295630983095
0.5668708424370644
-0.025613272803987813
-0.5481318565568802
0.04817085702806786
0.6260739404955071
0.9648380581642602
0.935066831253742
0.5481318565568892
-0.04817085702805709
-0.6260739404955874
-0.9648380581642872
-0.9350668312537056
-0.5481318565568982
0.04817085702804632
0.6260739404954904
0.9648380581642545
0.9350668312537497
0.5481318565569072
-0.048170857028149106
-0.6260739404954819
-0.9648380581642816
0.7357755995675541
0.9933180774029076
0.8714468113100783
0.41671248268454086
-0.1971918507901269
-0.7357755995675468
-0.9933180774029063
-0.8714468113100278
-0.4167124826844473
0.1971918507902278
0.7357755995675395
0.993318077402905
0.8714468113100888
0.4167124826844571
-0.19719185079021723
-0.7357755995675322
-0.9933180774029169
-0.8714468113100383
-0.4167124826844669
0.19719185079020668
0.7357755995675249
0.1654814741125097
-0.4458040727139739
-0.88680761608675
-0.9890807915966815
-0.7135587223363611
-0.16548147411252034
0.44580407271386246
0.8868076160866923
0.989080791596683
0.7135587223363686
0.16548147411253097
-0.44580407271395456
-0.88680761608674
-0.9890807915966846
-0.7135587223363762
-0.1654814741125416
0.44580407271384315
0.886807616086735
0.9890807915966863
0.7135587223363837
0.1654814741124401
-0.44580407271393524
-0.88680761608673
-0.9890807915966878
-0.7135587223363913
-0.16548147411256287
0.44580407271392564
-0.9293233849319354
-0.5347887714851829
0.06401697586705125
0.6383704142950555
0.9688880518747189
0.9293233849319394
0.5347887714852881
-0.0640169758670405
-0.6383704142949597
-0.9688880518747163
-0.9293233849319015
-0.5347887714852011
0.06401697586702974
0.6383704142950389
0.9688880518747136
0.9293233849319474
0.5347887714853063
-0.06401697586701899
-0.6383704142950306
-0.9688880518747109
-0.9293233849319094
-0.5347887714852194
0.06401697586700822
0.6383704142950223
0.9688880518747083
0.9293233849319553
0.5347887714852285
-0.06401697586699746
-0.6383704142950141
-0.9688880518747338
-0.9293233849319174
-0.5347887714852376
0.06401697586698671
0.6383704142950057
0.968888051874703
0.9293233849319633
0.5347887714852467
-0.0640169758670894
-0.6383704142949974
-0.9688880518747285
-0.9293233849319253
-0.5347887714852558
0.06401697586696518
0.6383704142949891
0.9688880518746976
0.9293233849319293
0.5347887714852649
-0.06401697586706788
-0.6383704142950684
-0.968888051874723
-0.9293233849319332
-0.534788771485274
0.06401697586694367
0.6383704142949725
0.9688880518747204
0.9293233849319372
0.5347887714851871
-0.06401697586704637
-0.6383704142950517
-0.9688880518747177
-0.9293233849319412
-0.5347887714852922
0.06401697586692216
0.6383704142949559
0.968888051874715
0.9293233849319033
0.5347887714852053
-0.06401697586702486
-0.6383704142950352
-0.9688880518747124
-0.9293233849319492
-0.5347887714853105
0.06401697586690064
0.6383704142950268
0.9688880518747097
0.9293233849319112
0.5347887714852235
-0.06401697586700333
-0.6383704142950185
-0.9688880518747071
-0.9293233849319572
-0.5347887714853287
0.06401697586699258
0.6383704142950103
0.7871886690282947
0.9993433765068415
0.8297828805918872
0.34327352757365176
-0.2743546455396344
-0.7871886690282881
-0.9993433765068451
-0.8297828805918297
-0.3432735275735551
0.2743546455397333
0.7871886690282814
0.9993433765068407
0.8297828805918992
0.3432735275735652
-0.27435464553972294
-0.7871886690282748
-0.9993433765068443
-0.8297828805918418
-0.3432735275735754
0.2743546455397126
0.7871886690282681
0.9993433765068399
0.8297828805918478
0.3432735275735855
-0.27435464553970224
-0.7871886690283315
-0.9993433765068436
-0.8297828805918538
-0.3432735275735956
0.27435464553969185
0.7871886690282548
0.27245085989267964
-0.3451317832667454
-0.8308858158160366
-0.999269707493811
-0.7859665348371445
-0.27245085989269
0.3451317832666285
0.8308858158160306
0.9992697074938115
0.7859665348371512
0.272450859892591
-0.3451317832667251
-0.8308858158160246
-0.9992697074938119
-0.7859665348371578
-0.2724508598927108
-0.8060014339956405
-0.9999869316452671
-0.8120114097121486
-0.31387512852172966
0.3041507835407393
0.8060014339956342
0.999986931645267
0.8120114097120885
0.31387512852163196
-0.30415078354083736
-0.8060014339956277
-0.9999869316452675
-0.8120114097121612
-0.31387512852175015
0.3041507835409354
0.8060014339956214
0.9999869316452674
0.8120114097121012
0.31387512852165245
-0.3041507835408168
-0.806001433995615
-0.9999869316452674
-0.8120114097121075
-0.31387512852155475
0.9600185922871931
0.6121289584251864
0.03042686794273412
-0.5628972519225472
-0.9412137537273442
-0.9600185922871961
-0.612128958425195
-0.03042686794285853
0.4284694825102306
0.8777361331241182
0.9917374140384326
0.7269287107050765
-0.9928443936498137
-0.733037444533707
-0.1932351066318748
-0.35329184728274243
0.2640617297540154
0.7805527011528364
0.998899070721836
0.8356999466057461
0.35329184728275254
-0.2640617297541146
-0.7805527011529008
-0.9988990707218408
-0.835699946605752
-0.3532918472827626
0.26406172975399456
0.7805527011528229
0.9988990707218404
-0.6885595915496022
-0.13080644116200296
0.47691032380234666
0.9024635546597064
0.9833063812451331
0.6885595915496101
0.13080644116190093
-0.47691032380223725
-0.9024635546596528
-0.9833063812451351
-0.6885595915496179
-0.13080644116191162
0.47691032380232773
0.9024635546596971
0.9833063812451371
0.6885595915496258
0.1308064411619223
-0.4769103238022183
-0.9024635546596435
-0.9833063812451184
-0.6885595915496335
-0.130806441161933
0.47691032380230874
0.9024635546596878
0.983306381245141
0.6885595915496413
0.13080644116194368
-0.47691032380229925
-0.9024635546596831
-0.9833063812451637
-0.6885595915495667
-0.13080644116184165
0.4769103238022898
0.9024635546596785
0.9833063812451449
0.688559591549657
0.13080644116196505
-0.4769103238022803
-0.9024635546596739
-0.9833063812451469
-0.6885595915495824
-0.13080644116186305
0.47691032380227083
0.9024635546596692
0.9833063812451489
0.6885595915496726
0.13080644116198642
-0.4769103238023613
-0.9024635546596645
-0.9833063812451508
-0.688559591549598
-0.13080644116188442
0.4769103238022519
-0.8068716820326134
-0.9999933726241292
0.9236303792331356
0.9725215843837121
0.6499425990925516
0.07910763168452839
-0.5219437622574742
-0.9236303792331315
-0.9725215843837146
-0.6499425990926462
-0.0791076316844258
0.07785135970352847
0.6489843836941181
0.9722274312815034
0.9241126449142989
0.523018237623422
-0.07785135970351773
-0.9783134523670073
-0.6697243175642934
-0.10532325654425417
0.49930770866977786
0.9132201000167999
-0.11852920138503804
0.4877495612622105
0.9077245695052056
0.9809796446205058
0.6795338377625945
0.11852920138504874
-0.48774956126220104
-0.9077245695052011
-0.9809796446205079
-0.6795338377626858
-0.11852920138494656
0.48774956126229085
0.9077245695051965
0.39005975746671934
-0.2256615422197848
-0.7551878027321317
-0.9962579904900565
-0.8567914874444357
-0.3900597574666246
0.22566154221977427
0.7551878027321246
0.9962579904900654
0.8567914874444998
0.3900597574667392
-0.22566154221987453
-0.7551878027321175
-0.9962579904900644
-0.8567914874444468
-0.39005975746664445
0.22566154221986404
0.7551878027321105
0.9962579904900635
0.856791487444511
0.3900597574667591
-0.2256615422199643
-0.7551878027321034
-0.9962579904900724
-0.8567914874444579
-0.3900597574666643
0.22566154221984303
0.7551878027320963
0.9962579904900715
0.9139798297809129
0.9779247365294693
0.668335632363083
0.1034650325266728
-0.5009256930880068
-0.9139798297809084
-0.9779247365294715
-0.6683356323630065
-0.10346503252657045
0.500925693087899
0.9139798297809041
0.9779247365294739
0.6683356323630145
0.10346503252658117
-0.5009256930878897
-0.9139798297808996
-0.9779247365294523
-0.6683356323630225
-0.1034650325265919
0.5009256930879789
0.9139798297808953
0.9779247365294546
0.9940227676193463
0.8683515737185807
0.4109995928415954
-0.20334026313838663
-0.7400110498808583
-0.9940227676193576
-0.8683515737185297
-0.4109995928417089
0.20334026313826475
0.7400110498807746
0.9940227676193439
0.8683515737185914
0.41099959284182236
-0.2033402631381429
-0.7400110498806909
-0.9940227676193304
-0.8683515737185404
0.7790917766670106
0.2618101027605877
-0.41655103872966986
-0.8713596907638472
-0.9933385573528583
-0.7358958573688933
-0.19736595205027743
0.4165510387295567
0.8713596907637862
0.9933385573528726
0.7358958573689776
0.19736595205017654
-0.4165510387296502
-0.8713596907638367
-0.9933385573528608
-0.735895857368908
-0.19736595205007565
0.4165510387297438
0.8713596907638871
0.9933385573528489
0.7358958573688382
0.1973659520501977
0.09736174878709897
0.6637600287367543
0.9766245380825959
0.9164516681280804
0.5062254099952038
-0.0973617487869751
-0.6637600287368313
-0.976624538082618
-0.9164516681280392
-0.506225409995115
0.09736174878707751
0.6637600287369082
0.97662453808264
0.916451668127998
0.45776787748016157
-0.15224126843665142
-0.7040994243010646
-0.9870155315417254
-0.8929252531574176
-0.4577678774800701
0.15224126843675312
0.7908191729216177
0.28003226678015725
-0.337717447324637
-0.8264705751452821
-0.9995400339621276
-0.7908191729216939
-0.28003226678027676
0.33771744732473385
0.82647057514534
0.9995400339621245
0.790819172921631
0.28003226678017795
-0.3377174473248307
-0.8264705751453979
-0.9995400339621214
-0.790819172921568
-0.2800322667800792
0.33771744732471354
0.8264705751453278
0.9995400339621252
0.7908191729216442
0.28003226678019866
-0.3377174473245964
-0.8264705751452578
-0.999540033962129
-0.7908191729215811
-0.2800322667800999
0.3377174473246933
0.8264705751453157
0.9995400339621259
0.7908191729215182
0.2800322667800011
-0.33771744732479014
-0.8264705751453737
-0.9995400339621227
-0.7908191729215943
0.5258745104461644
0.9253893135489206
0.9714368517020893
0.6464285304291932
0.07450648182978316
-0.5258745104462519
-0.9253893135490457
-0.9714368517020648
-0.6464285304291146
-0.07450648182990728
0.5258745104461461
0.9253893135489987
0.9714368517020944
0.6464285304292097
0.0745064818300314
-0.5258745104460402
-0.9253893135489515
-0.9714368517021239
-0.6464285304293046
-0.07450648182992878
0.5258745104461278
0.9253893135489905
0.9714368517020455
0.6464285304292261
0.07450648182982617
-0.5258745104462152
-0.9253893135490294
-0.971436851702075
-0.6464285304291476
-0.07450648182995029
0.5258745104461093
0.9253893135489822
0.9714368517021046
0.6464285304292425
0.07450648183007441
-0.5258745104460035
-0.9253893135490213
-0.9714368517020802
-0.646428530429164
-0.07450648182997179
0.525874510446091
0.9253893135490603
0.9714368517020557
0.6464285304290855
0.07450648182986916
-0.5258745104461786
-0.9253893135490131
-0.9714368517020853
-0.6464285304291805
-0.07450648182999328
0.5258745104460727
0.9253893135489659
0.36654661536132777
0.843417656192301
0.9981318190695994
0.7715935523149782
0.2503327740763281
-0.36654661536142347
-0.8434176561923563
-0.9981318190696069
-0.7715935523150573
-0.25033277407644855
0.36654661536130767
0.8434176561922895
0.9981318190696146
0.7715935523151366
0.25033277407634896
-0.3665466153614034
-0.8434176561922225
-0.9981318190696082
-0.7715935523150711
-0.2503327740762493
0.3665466153614992
0.8434176561924001
0.998131819069602
0.7715935523150056
0.25033277407636984
