0.5026396762111394
-0.10149396680299218
-0.6668603641514342
-0.9775087681441603
-0.9147820470068577
-0.5026396762111395
0.10149396680299205
0.6668603641514341
0.9775087681441603
0.9147820470068577
0.5026396762111396
-0.10149396680299282
-0.6668603641514353
-0.9775087681441603
-0.9147820470068578
-0.5026396762111397
0.1014939668029918
-0.18512746833042185
-0.8513609618022084
-0.9971060625136295
-0.7619905377334216
-0.2358205266448559
0.38042491037714454
0.8513609618022064
0.9971060625136295
0.7619905377334216
0.235820526644856
-0.38042491037714443
-0.8513609618022083
-0.9971060625136292
-0.7619905377334217
-0.23582052664485614
0.3804249103771443
0.8513609618022063
0.9971060625136295
0.7619905377334195
0.23582052664485625
-0.38042491037714093
-0.8513609618022081
-0.9971060625136293
-0.7619905377334218
-0.23582052664485292
0.3804249103771441
0.85136096180221
0.997106062513629
0.7619905377334243
0.2358205266448565
0.48643796248141435
-0.12002028312427186
0.9999773430990778
0.8129553495514034
0.31541204381114113
-0.3026079422038939
-0.8050419795627174
-0.9999773430990777
-0.8129553495514097
-0.31541204381115134
-0.38242669949992475
0.23371554694252886
0.7605863981522071
0.9969390966485981
0.8524949449388461
0.3824266994999216
-0.005932261632690723
-0.5925742100880111
-0.9528729511463438
-0.9492066118271874
-0.5829756091361693
0.005932261632694153
0.5925742100880254
0.9528729511463492
0.9492066118271862
0.5829756091361665
-0.005932261632683372
-0.5925742100880167
-0.952872951146346
-0.9492066118271851
-0.5829756091361636
0.005932261632701013
0.5925742100880194
0.9528729511463426
0.9492066118271841
0.5829756091361724
-0.005932261632690233
-0.5925742100880221
-0.952872951146348
-0.949206611827183
-0.5829756091361696
0.005932261632693663
0.5925742100880135
0.9528729511463447
0.9492066118271865
0.5829756091361669
-0.005932261632697093
-0.5925742100880163
-0.9528729511463414
-0.9492066118271854
-0.5829756091361756
0.0059322616326863125
0.3570889990917479
0.8379238539062941
0.9987002765129471
0.7780071380655685
0.2601417163671716
0.9985642482098199
0.7763694515262478
0.2576279121867596
0.9916921385901901
0.8779049530029562
0.42878791426044655
-0.8455271246696262
-0.3702081820668899
0.03945887115417108
-0.5554045851359073
-0.9381223674116015
-0.9625092909425766
-0.6192503798210449
-0.03945887115418185
0.555404585135922
0.9381223674115977
0.9625092909425719
0.6192503798210534
0.03945887115416422
-0.5554045851359131
-0.9381223674116038
-0.9625092909425748
-0.6192503798210618
-0.03945887115414659
0.5554045851359041
0.9381223674116099
0.9625092909425778
0.619250379821048
0.03945887115415737
-0.5554045851358951
-0.9381223674116062
-0.9625092909425806
-0.6192503798210341
-0.039458871154168136
0.5554045851359097
0.9381223674116025
0.9625092909425759
0.6192503798210426
0.03945887115417891
-0.5554045851359244
-0.9381223674115987
-0.9625092909425711
-0.619250379821051
-0.03945887115413288
0.5554045851359155
0.9381223674116048
0.962509290942574
0.6192503798210596
0.039458871154143656
-0.5554045851359065
-0.9381223674116012
-0.9625092909425769
-0.6192503798210457
-0.039458871154154425
0.5554045851358975
0.9381223674116073
0.9625092909425799
0.6192503798210541
0.0394588711541652
-0.5554045851359358
-0.9381223674116035
-0.9625092909425828
-0.6192503798210403
-0.03945887115414757
0.5554045851359268
0.9381223674115997
0.962509290942578
0.6192503798210487
0.039458871154158345
-0.555404585135918
-0.938122367411596
-0.9625092909425732
-0.6192503798210572
-0.039458871154140714
0.555404585135909
0.9381223674116022
0.9625092909425761
0.6192503798210657
0.03945887115415149
-0.5554045851359236
-0.9381223674116083
-0.9625092909425791
-0.6192503798210518
-0.24064066588042313
0.37583036799930675
0.8487469753076656
0.9974710858971848
0.7651951444692444
0.240640665880406
-0.37583036799929675
-0.848746975307675
-0.9974710858971856
-0.7651951444692148
-0.24064066588041647
0.3758303679993131
0.8487469753076843
0.9974710858971864
0.7651951444692218
0.24064066588042693
-0.37583036799932945
-0.8487469753076786
-0.6555805307959569
-0.08652429549425648
0.5155812798335894
0.9207523302281616
0.9742272856962575
0.6555805307959006
0.08652429549423891
-0.5155812798335802
-0.9207523302281796
-0.9742272856962471
-0.6555805307959087
-0.08652429549424966
0.5155812798335709
0.9207523302281754
0.9742272856962495
0.6555805307959169
0.0865242954942604
-0.5155812798335616
-0.9207523302281712
-0.9742272856962519
-0.655580530795925
-0.08652429549427114
0.5155812798336011
0.9207523302281891
0.9742272856962544
0.6555805307959331
0.08652429549428188
-0.5155812798336405
-0.9207523302281849
-0.9742272856962568
-0.6555805307959414
-0.9946759230011382
-0.7441370131396018
-0.20936305654559223
0.40538047166026125
0.8652824380673703
0.9946759230011393
0.7441370131396089
0.20936305654560278
-0.4053804716602514
-0.8652824380673934
-0.9946759230011345
-0.7441370131396161
-0.20936305654561332
0.40538047166024155
0.8652824380674164
0.9946759230011356
0.7441370131396233
0.20936305654562384
-0.4053804716602836
-0.865282438067411
-0.9946759230011367
-0.7441370131396305
-0.20936305654557882
0.4053804716602738
0.8652824380674057
0.9946759230011378
0.3545298762190766
0.8364261721848371
0.9988360994559861
0.7797245859252768
0.262784782435078
-0.3545298762190665
-0.8364261721848312
-0.9988360994559838
-0.7797245859252836
-0.26278478243508846
0.35452987621905646
0.8364261721848564
0.9988360994559844
0.7797245859252904
0.26278478243509884
-0.35452987621904636
-0.8364261721848193
-0.9988360994559822
-0.7797245859252971
-0.2627847824351093
0.3545298762190363
0.8364261721848446
0.7240272962342379
0.991187796571211
0.8797482478520879
0.4322747699966596
-0.18031297751849268
-0.7240272962342305
-0.9930152859696338
-0.8727165373811336
-0.419069734057184
0.1946474640203298
0.7340159466659524
0.9930152859696326
0.8727165373811389
0.41906973405714215
-0.19464746402031924
-0.734015946665945
-0.9930152859696314
-0.8727165373811442
-0.4190697340571519
0.19464746402030866
0.7340159466659377
0.9930152859696301
0.8727165373811494
0.41906973405716175
-0.1946474640202981
-0.7340159466659304
-0.9930152859696288
-0.8727165373811269
-0.4190697340571199
0.19464746402028751
-0.9079436962309664
-0.9808780753239735
-0.6791503684628072
-0.11801030432088304
0.488205685048946
0.9079436962309857
0.9808780753239756
0.6791503684628151
0.11801030432089374
-0.1724745966032418
0.20063505443805515
-0.4135160892762915
-0.8697181417819871
-0.9937174247593892
-0.7381504266917499
-0.20063505443801002
0.4135160892762817
0.8697181417819818
0.9937174247593904
0.7381504266917188
0.2006350544380206
-0.41351608927627187
-0.8697181417819765
-0.9937174247593916
-0.7381504266917261
0.06676446067992059
-0.5324601814777424
-0.9283031319668251
-0.9695658379075387
-0.640487348098372
-0.06676446067993135
0.5324601814777333
0.9283031319668211
0.9695658379075413
0.6404873480983803
0.0667644606799421
-0.5324601814777242
0.3131509529684956
-0.3048771889842037
-0.8064526071394171
-0.9999905396833629
-0.8115660744966107
-0.31315095296845186
0.3048771889841934
0.8064526071394108
0.9999905396833632
0.811566074496617
0.3131509529684621
-0.30487718898418315
-0.806452607139438
-0.9999905396833634
-0.8115660744966233
-0.31315095296847234
-0.91113469242423
-0.4948920400924811
0.11038255079286187
0.6734947590401971
0.9793548605791288
-0.7719968963711036
-0.2509468442415302
0.36595637301888034
0.8430766941855836
0.9981703732963689
0.7719968963711104
0.2509468442414856
-0.3659563730188703
-0.8430766941855778
-0.9981703732963696
-0.7719968963711172
-0.25094684424149605
0.3659563730188603
0.8430766941856026
0.9981703732963703
0.7719968963711241
0.25094684424150643
-0.36595637301885026
-0.8430766941855968
-0.9981703732963709
-0.7719968963710948
-0.25094684424146185
0.3659563730188402
0.8430766941855911
0.9981703732963716
0.7719968963711017
0.2509468442414723
-0.36595637301883016
-0.8430766941855852
-0.9981703732963723
-0.7719968963711086
-0.2509468442414827
0.36595637301882017
0.84307669418561
0.9981703732963695
0.7719968963710793
0.25094684424149316
-0.365956373018863
-0.8430766941856042
-0.99817037329637
-0.7719968963710861
-0.2509468442415036
0.365956373018853
0.8430766941855984
0.9981703732963707
0.7719968963710929
0.25094684424151403
-0.36595637301884293
-0.8430766941856231
-0.9981703732963714
-0.7719968963710998
-0.7204204772690906
-0.17518126427335787
-0.9461374568838322
-0.5751368646514061
0.015546461694792398
0.6002915680783789
0.9557456986160472
0.9461374568838358
0.575136864651322
-0.015546461694895293
-0.6002915680784613
-0.955745698616044
-0.9461374568838392
-0.5751368646514238
0.01554646169477084
0.8307453273307127
0.344894854512308
-0.2726937301848382
-0.7861225784703774
-0.999279321103966
0.15269118836619391
-0.45736308697730815
-0.8927202082950664
-0.9870885524880211
-0.7044226195364346
-0.15269118836620457
0.4573630869773997
0.8927202082951127
0.9870885524880046
0.7044226195364423
0.15269118836621523
-0.457363086977289
-0.8927202082951079
-0.9870885524880063
-0.7044226195364499
-0.15269118836611353
0.4573630869773805
0.892720208295103
0.9870885524880081
0.7044226195364576
0.15269118836623655
-0.45736308697737094
-0.8927202082950981
-0.9870885524879915
-0.7044226195363845
-0.15269118836613485
0.45736308697736133
0.8927202082950932
0.9870885524880115
0.7044226195364729
0.15269118836625786
-0.9562278557097783
-0.9456041377755041
-0.5737917791135533
0.017189536704485975
0.6016050337523668
-0.3821017709066363
0.23405742811734667
0.7608146449198954
0.9969665265017489
0.8523110806058267
0.38210177090664627
-0.23405742811744673
-0.7608146449199622
-0.9969665265017569
-0.8523110806058324
-0.3821017709066562
0.23405742811732572
0.7608146449199552
0.996966526501756
0.852311080605838
0.3821017709065611
-0.23405742811742578
-0.7608146449199482
-0.9969665265017552
-0.8523110806058437
-0.38210177090667613
0.23405742811741528
0.8961237648951136
0.46411777129668824
-0.1451654361541576
-0.6990003809858223
-0.985840938430049
-0.8961237648951184
-0.4641177712967985
0.14516543615414695
0.6990003809858146
0.9858409384300473
0.8961237648950726
0.46411777129670734
-0.14516543615413627
-0.6990003809858069
-0.9858409384300454
-0.8961237648951279
-0.4641177712967169
0.14516543615401312
0.6990003809857992
0.9858409384300627
0.8961237648950823
0.46411777129672643
-0.14516543615411495
-0.6990003809857914
-0.9858409384300418
-0.8961237648951375
-0.4641177712968367
0.14516543615410427
0.6990003809857838
0.985840938430059
0.8961237648950918
0.46411777129674553
-0.1451654361540936
-0.5677907595512598
-0.9432012751699184
-0.958340961905938
-0.6074269740051855
-0.02449652771785516
0.5677907595512509
0.9432012751699526
0.9583409619059086
0.6074269740051038
0.02449652771786594
-0.567790759551242
-0.9432012751699113
-0.9583409619059117
-0.6074269740051124
-0.024496527717876717
0.5677907595513267
0.9432012751699455
0.9583409619059148
0.6074269740051209
0.024496527717887493
-0.5677907595512243
-0.9432012751699418
-0.9583409619059178
-0.6074269740050392
-0.02449652771778462
0.567790759551309
0.9432012751699382
0.9583409619059209
0.607426974005138
0.02449652771790905
-0.5677907595512066
-0.38879489722574406
-0.8560825351164711
-0.996375741767802
-0.7560872806297498
-0.22699917675263542
0.3887948972257341
0.8560825351164069
0.9963757417678029
0.7560872806298313
0.22699917675264594
-0.38879489722582894
-0.85608253511646
-0.9963757417678039
-0.7560872806297639
-0.22699917675265643
0.38879489722571425
0.8560825351163956
0.9963757417678047
0.756087280629771
0.22699917675266693
-0.38879489722580907
-0.8560825351164488
-0.9963757417678056
-0.7560872806297781
-0.22699917675267742
0.3887948972256944
0.8560825351164433
0.9963757417678065
0.7560872806297851
0.22699917675257722
-0.3887948972257892
-0.8560825351164377
-0.9963757417678075
-0.7560872806297922
-0.22699917675269843
0.3887948972256745
0.8560825351164322
0.9963757417677988
0.7560872806297992
0.2269991767525982
-0.3887948972257693
-0.8560825351164265
-0.9963757417678093
-0.7560872806298063
-0.22699917675271944
0.3887948972257594
0.856082535116421
0.9963757417678005
0.756087280629739
0.22699917675261921
-0.38879489722574945
-0.8560825351164154
-0.9963757417678112
-0.7560872806298204
-0.2269991767526297
0.3887948972257395
0.9561081893973704
0.9457370073480533
0.5741264329104167
-0.016780925059246256
-0.6012785400189424
-0.9561081893973673
-0.9457370073480199
-0.5741264329104254
-0.020174299728721475
0.571344273793696
0.9446287540045641
0.9570971569361797
0.6039869764540949
0.02017429972873225
-0.5713442737937804
-0.9446287540045606
-0.9570971569361499
-0.4261565712267228
0.18697168038398762
0.7286831050217022
0.9920623505689571
0.876507497158013
0.4261565712266297
-0.18697168038397705
-0.7286831050216949
-0.9920623505689701
-0.8765074971579635
-0.42615657122674233
0.18697168038396644
0.7286831050216874
0.9920623505689687
0.8765074971579686
0.42615657122664924
-0.18697168038406753
-0.7286831050217579
-0.9920623505689673
-0.8765074971579738
-0.4261565712267618
0.18697168038394527
0.7286831050216727
0.992062350568966
0.876507497157979
0.4261565712266687
-0.18697168038404635
-0.7286831050217432
-0.9920623505689646
-0.8765074971579843
-0.4261565712266785
0.1869716803839241
0.7286831050216579
0.9920623505689776
0.8765074971579894
0.4261565712266882
-0.15599636342810597
0.45438565837404066
0.8912078026778153
0.9876188573977823
0.49157877874677425
0.9095584449458427
0.980117699930027
0.6763053065164236
0.2461585214784189
-0.37055242710168496
-0.8457249431429552
-0.9978592760370024
-0.7688452814743074
-0.24615852147842934
0.37055242710178055
0.8457249431428888
0.9978592760370106
0.7688452814743143
0.24615852147843978
-0.37055242710177055
-0.8457249431429437
-0.9978592760370039
-0.7688452814743212
-0.24615852147845024
0.3705524271017605
0.8457249431428773
0.997859276037012
0.7688452814742555
0.24615852147846068
-0.3705524271017505
-0.8457249431429322
-0.9978592760370053
-0.7688452814743351
-0.24615852147847114
0.37055242710174047
0.8457249431429265
0.997859276037006
0.7688452814742692
0.2461585214783714
-0.37055242710183606
-0.8457249431429207
-0.9978592760370066
-0.7688452814743488
-0.24615852147849204
0.3705524271017205
0.8457249431429149
0.9978592760370074
0.768845281474283
0.2461585214783923
-0.3705524271018161
-0.8457249431429092
-0.9978592760370081
-0.7688452814742899
-0.24615852147851294
0.37055242710170044
0.8457249431429641
0.9978592760370089
0.7688452814742968
0.2461585214784132
-0.37055242710179603
-0.8457249431428977
-0.9978592760370095
-0.7688452814743036
-0.24615852147842365
0.370552427101786
0.8457249431429527
0.9978592760370028
0.7688452814743105
0.4604260494190668
-0.1492833319367225
-0.7019715544466018
-0.9865305022933847
-0.8942683292026297
-0.4604260494190764
0.14928333193671184
0.7019715544465132
0.9865305022933644
0.8942683292025836
0.46042604941908594
-0.1492833319368136
-0.7019715544465864
-0.9865305022933812
-0.8942683292026393
-0.4604260494190955
0.14928333193680293
0.769188358580474
0.2466786763218717
-0.3700538759921283
-0.8454384253455646
-0.9978942316122104
-0.7691883585804808
-0.24667867632177198
0.37005387599201267
0.8454384253455588
-0.7794019865616387
-0.9988111235439483
-0.8367083596739068
-0.35501144107962385
0.2622877816119844
0.779401986561632
0.9988111235439477
0.8367083596739128
0.3550114410797402
-0.2622877816120837
-0.7794019865616965
-0.9988111235439472
-0.8367083596739187
-0.355011441079644
0.26228778161196364
0.7794019865616185
0.9988111235439466
0.8367083596739245
0.35501144107965404
-0.26228778161206295
-0.7794019865616829
-0.9988111235439517
-0.8367083596739304
-0.35501144107966415
0.2622877816119428
0.779401986561605
0.9988111235439456
0.8367083596739363
0.3550114410796742
-0.26228778161204214
-0.7794019865616695
-0.9988111235439506
-0.8367083596739423
-0.3550114410796843
0.2622877816120317
0.7794019865616627
0.9988111235439445
0.8367083596738859
0.3550114410795881
-0.2622877816120213
-0.7794019865616559
-0.9988111235439496
-0.8367083596739541
-0.35501144107970445
0.2622877816120109
0.7794019865616492
0.9988111235439491
0.8367083596738977
0.35501144107960825
-0.2622877816120005
-0.7794019865616424
-0.9988111235439485
-0.8367083596739658
-0.3550114410797246
0.2622877816120998
0.7794019865617069
0.9988111235439535
0.8367083596739096
0.3550114410796284
-0.2622877816119797
-0.9997030919016069
-0.7944545005807073
-0.28575129255332393
0.3320991969002062
0.823099080774411
0.99970309190161
0.7944545005807829
0.28575129255344317
-0.33209919690008877
-0.8230990807743402
-0.9997030919016074
-0.7944545005807204
-0.2857512925531267
0.33209919690018586
0.8230990807743988
0.9997030919016049
0.7944545005806579
0.28575129255324594
-0.3320991969002829
-0.8230990807744571
-0.999703091901608
0.9956754691135127
0.8601234678063456
0.3960335363186057
-0.2193277453580141
-0.7509132829837609
-0.9956754691135011
-0.8601234678064091
-0.39603353631851124
0.2193277453581145
0.7509132829838289
0.9956754691135107
0.8601234678063566
0.39603353631841676
-0.2193277453582149
-0.7509132829838968
-0.9956754691135202
-0.8601234678063041
-0.396033536318531
0.21932774535809346
0.7509132829838147
0.9956754691135087
0.8601234678063676
0.3960335363186453
-0.21932774535797203
-0.7509132829838826
-0.9956754691135182
-0.8601234678064311
-0.3960335363185508
0.21932774535807242
0.7509132829839505
0.9956754691135278
0.8601234678063786
0.39603353631845634
-0.21932774535817284
-0.7509132829838684
0.5974007886481543
-0.8395246946940921
-0.99854612889393
-0.7761568811909493
-0.2573020854751626
0.359833361515898
0.8395246946940245
0.9985461288939367
0.7761568811910278
0.2573020854752829
-0.35983336151599404
-0.8395246946940804
-0.9985461288939311
-0.7761568811909628
-0.2573020854751834
0.35983336151609
0.8395246946941363
0.9985461288939256
0.776156881190898
0.257302085475084
-0.3598333615159739
-0.8395246946940687
-0.9985461288939322
-0.7761568811909765
-0.2573020854752043
0.35983336151585776
0.839524694694001
0.998546128893939
0.7761568811909115
0.2573020854751048
-0.3598333615159538
-0.839524694694057
-0.9985461288939212
-0.7761568811908467
-0.2573020854750054
0.3598333615160498
0.8395246946941128
0.9985461288939279
0.7761568811909252
0.2573020854751257
-0.35983336151593365
-0.8395246946940452
-0.9985461288939346
-0.7761568811910037
-0.2573020854752459
0.3598333615160297
0.8395246946939776
0.998546128893929
-0.3148044093260179
0.3032181136607645
-0.7633694057795373
-0.90149421083178
-0.47493587595230036
0.13303182106456418
0.6901858840198632
0.9837123978350284
0.9014942108317355
0.4749358759520097
-0.13303182106466618
-0.6901858840199376
-0.9837123978350061
-0.9014942108317894
-0.4749358759521192
0.1330318210645428
0.6901858840198476
0.9837123978349837
0.9014942108318433
0.47493587595222875
-0.13303182106441944
-0.6901858840197576
-0.9837123978349613
-0.9014942108317987
-0.4749358759521382
0.13303182106452144
0.6901858840198319
0.9837123978349799
0.9014942108317542
0.4749358759520476
-0.13303182106462344
-0.6901858840199064
-0.9837123978349983
-0.9014942108318081
0.28758723740655306
-0.33029097687755193
-0.8220092641718474
-0.9997479516198123
-0.7956169017321237
-0.28758723740667225
0.3302909768774345
0.8220092641717764
0.9997479516198151
0.7956169017320615
0.2875872374065737
-0.3302909768777462
-0.8220092641719646
-0.9997479516198129
-0.7956169017319991
-0.2875872374064751
0.3302909768776287
0.8220092641718937
0.9997479516198106
0.7956169017320744
0.28758723740659436
-0.33029097687751124
-0.8220092641718229
-0.9997479516198133
-0.7956169017321499
-0.28758723740671355
0.3302909768776084
0.8220092641718815
0.9997479516198059
0.7956169017320875
0.287587237406615
-0.3302909768777055
-0.82200926417194
-0.9997479516198087
