-0.9911199520072524
-0.7236745937630644
-0.17981013749615848
0.4327356797724883
0.8799911755128346
0.9911199520072524
0.7236745937630642
0.1798101374961586
-0.43273567977248795
-0.8799911755128346
-0.9911199520072524
-0.723674593763064
-0.17981013749615785
0.43273567977248784
0.8799911755128345
0.9911199520072524
0.7236745937630646
0.1798101374961571
-0.43273567977248856
-0.8799911755128348
0.18116754089353784
-0.43149110770767923
-0.8793348190079046
-0.9913025169383479
-0.9971280342493043
-0.8512090264839558
-0.3801571021324423
0.23610191416899368
0.7621780240667855
0.9971280342493043
0.851209026483954
0.3801571021324457
-0.23610191416899012
-0.7621780240667877
-0.9971280342493045
-0.8512090264839559
-0.3801571021324425
0.23610191416899345
0.7621780240667899
0.9971280342493043
0.8512090264839578
0.3801571021324459
-0.23610191416898987
-0.7621780240667875
-0.9971280342493045
-0.851209026483956
-0.38015710213244275
0.23610191416900012
0.7621780240667897
0.9971280342493043
0.851209026483958
0.38015710213244613
-0.23610191416899654
-0.7621780240667874
-0.997128034249304
-0.8512090264839599
-0.3801571021324495
0.23610191416899298
0.7621780240667896
0.9971280342493042
0.8512090264839581
0.38015710213244636
-0.2361019141689963
-0.7603565787463799
-0.23337142323553411
0.3827536839483589
0.8526798931832122
0.9969113647457047
0.7603565787463776
0.23337142323551696
-0.38275368394837517
-0.852679893183214
-0.9969113647457045
-0.7603565787463846
-0.23337142323552745
0.38275368394836523
0.8526798931832158
0.9969113647457042
0.7603565787463732
0.23337142323552412
-0.38275368394835524
-0.8526798931832176
-0.9969113647457051
-0.7603565787463802
-0.23337142323552076
0.38275368394837156
0.8526798931832195
0.9969113647457049
0.760356578746378
0.23337142323553126
-0.3827536839483616
-0.8526798931832138
-0.9969113647457045
-0.7603565787463757
-0.23337142323552792
0.38275368394835163
0.8526798931832156
0.9969113647457054
0.7603565787463827
0.2333714232355246
-0.38275368394836795
-0.8526798931832174
-0.996911364745704
-0.7603565787463712
-0.23337142323550744
0.38275368394835796
0.8526798931832117
0.9969113647457049
0.7603565787463783
0.2333714232355179
-0.382753683948348
-0.8526798931832209
-0.9969113647457057
-0.7603565787463853
-0.2333714232355284
0.3827536839483643
0.8526798931832154
0.9969113647457043
0.7603565787463737
0.23337142323551124
-0.38275368394835435
0.808143263254621
0.3076043702828373
-0.3104289370489834
-0.8098889415195927
-0.99999889744239
-0.8081432632546274
-0.3076043702828205
0.3104289370489732
0.809888941519603
0.99999889744239
-0.9938894436134883
0.6558553668345103
0.9743093322668325
0.9206102483294353
0.5152693399216711
-0.0868869429754505
-0.6558553668345236
-0.9743093322668301
-0.9206102483294395
-0.5152693399216803
0.08688694297543977
0.9911847297464431
0.7240113277612001
0.18029020681111593
-0.4322956453020675
-0.8797592540984146
-0.9911847297464408
-0.7240113277612076
-0.18029020681109859
0.4322956453020578
0.879759254098423
0.9911847297464422
0.7240113277611954
0.41385849343218295
0.8699037015395529
0.993675262598177
0.7378966471242756
0.20026659263345423
-0.4138584934321731
-0.9998488711705824
-0.7986761395524253
-0.9939025032817752
-0.868894674131208
-0.41199861210630573
0.20226691642546515
0.739273357682316
0.9939025032817772
0.8688946741312134
0.41199861210628963
-0.8588662549518251
-0.39377383806465777
0.2217268010827134
0.7525353384332554
0.9959009542377234
0.8588662549518307
0.39377383806464156
-0.22172680108270287
0.997824761957936
0.84600532232576
0.3710406042284259
-0.2456490134778278
0.08326657579202885
-0.5183799807908508
-0.9220230037991015
-0.9734845777653894
-0.6531081305491346
-0.0832665757920396
0.5183799807908416
0.9220230037990974
0.9734845777653919
0.6531081305491429
0.08326657579202203
-0.518379980790808
-0.9220230037990932
-0.9734845777653879
-0.653108130549151
-0.08326657579203277
0.5183799807908231
0.9794743365883449
0.9108906142656555
0.49437763732677653
-0.11097079379310446
-0.6739321534425502
-0.9794743365883485
0.24188112810299878
-0.37464554900945213
-0.8480703601341126
-0.9975611185389307
-0.7660174355172328
-0.24188112810295406
0.37464554900944214
0.8480703601341069
0.9975611185389275
0.7660174355172398
0.24188112810296453
-0.37464554900943214
-0.8480703601341012
-0.9975611185389283
-0.7660174355172467
-0.241881128102975
0.37464554900942215
0.8480703601340955
0.997561118538929
0.766017435517217
0.24188112810298545
-0.37464554900941216
-0.8480703601340898
-0.9975611185389258
-0.766017435517224
-0.24188112810299592
0.37464554900940217
0.8480703601341142
0.9975611185389266
0.7660174355172309
0.24188112810300638
-0.37464554900944486
-0.8480703601341084
-0.9975611185389274
-0.7660174355172379
-0.24188112810301685
0.37464554900943486
0.8480703601341328
0.997561118538928
0.7660174355172448
0.8781711971487789
-0.7520133978497214
-0.9958289869110116
-0.8592717499546987
-0.39450191008826463
0.22095425080514627
0.7520133978497143
0.9958289869110106
0.8592717499546751
0.39450191008822233
-0.22095425080513575
-0.7520133978497072
-0.9958289869110148
-0.8592717499546806
-0.3945019100882322
0.22095425080512524
0.7520133978497001
0.9958289869110138
0.8592717499546861
0.39450191008824215
-0.22095425080511474
-0.752013397849693
-0.995828986911013
-0.8592717499546626
-0.39450191008825203
0.22095425080510422
0.7520133978496859
0.9958289869110171
0.8592717499546682
0.39450191008826196
-0.2209542508050937
-0.7520133978497163
-0.9958289869110162
-0.8592717499546736
-0.39450191008827185
0.2209542508051386
0.7520133978497092
0.9958289869110152
0.8592717499546791
0.3945019100882818
-0.22095425080512812
-0.7520133978497395
-0.9958289869110142
-0.8592717499546847
-0.39450191008829166
0.22095425080517303
0.7520133978497324
0.9958289869110132
0.8592717499546901
0.39450191008824936
-0.2209542508051625
-0.7520133978497253
-0.9958289869110122
-0.8592717499546666
-0.39450191008825924
0.22095425080515202
0.7520133978497182
0.5527031719037919
-0.04270114940897608
-0.6217950830061566
-0.9633844289325657
-0.9369936672391704
-0.5527031719038009
0.042701149408965314
0.6217950830061482
0.9633844289325628
0.9369936672391742
0.5527031719037625
-0.042701149408954545
-0.6217950830061397
-0.9633844289325599
-0.9369936672391581
-0.43258148401626767
-0.8799099238759096
-0.9911426798533048
-0.7237926198273953
0.3553776191854203
0.8369228211494948
0.998791951394883
0.779156503897288
0.26190975446649173
-0.35537761918546334
-0.8369228211494889
-0.9987919513948834
-0.7791565038972947
-0.26190975446644726
0.3553776191854533
0.836922821149483
0.998791951394884
0.7791565038973015
0.2619097544664577
-0.3553776191854432
-0.836922821149477
-0.9987919513948845
0.9800964507308679
0.6762264360117167
0.11406090682727024
-0.49167201197751337
-0.9096029335239466
-0.9800964507308702
0.7326309034837561
0.9927728661975819
0.8737093371325843
0.4209185375710988
-0.19264883684769024
-0.7326309034837488
-0.9927728661975805
-0.8737093371325618
-0.420918537571057
0.19264883684767967
0.7326309034837415
-0.9622513305823598
-0.9384507294530265
-0.5561938464397496
0.038510181579936284
0.6185046291490623
0.9622513305823568
0.9384507294530303
0.5561938464397113
-0.03851018157992551
-0.6185046291490539
-0.4616589397339353
0.14790939357431257
0.7009813657925122
0.9863022817583156
0.8948892492740467
0.46165893973394484
-0.1479093935743019
-0.7009813657925046
-0.9863022817583138
0.9962327573486094
0.7549967149802833
0.22537758888391732
-0.39032811586347116
-0.8569417471158167
-0.9962327573486103
-0.7549967149802531
-0.22537758888392784
0.3903281158634612
0.8569417471158112
0.7358110554309453
0.993324118395839
0.9999905117840504
0.811569819149457
0.31315703984339993
-0.30487108486652176
-0.8064488173444948
-0.9999905117840506
-0.8115698191494634
-0.3131570398434102
0.3048710848665115
-0.13026288038949854
-0.6881619070039772
-0.983206474905901
-0.9026995873527699
-0.4773921390614119
0.13026288038948786
0.6881619070039693
0.983206474905899
0.9026995873527256
0.4773921390614214
-0.13026288038947717
-0.6881619070039615
-0.983206474905897
-0.9026995873527303
-0.47739213906143085
0.13026288038946648
0.6881619070039536
0.9832064749058951
0.9026995873527349
0.4773921390613404
-0.1302628803894558
-0.6881619070039459
0.9724199691957227
0.9237974303609628
0.5223156718481297
-0.07867292045393709
-0.649611131136819
-0.9724199691957202
-0.9237974303610105
-0.5223156718481389
0.07867292045392635
0.6496111311368108
0.9724199691957442
0.9237974303609711
0.5223156718481481
-0.07867292045391559
-0.6496111311368026
-0.9724199691957152
-0.9237974303609752
-0.5223156718481573
0.07867292045390485
0.6496111311368808
0.9724199691957391
0.9237974303609793
0.5223156718481664
-0.0786729204538941
-0.6496111311367863
-0.920356200127579
-0.5147120751124371
0.08753456817565199
0.6563459816111894
0.9744555384507106
0.9203562001275832
0.5147120751123488
-0.0875345681757545
-0.656345981611267
-0.9744555384507082
-0.9203562001275875
-0.5147120751124555
0.08753456817574376
0.6563459816112589
0.9744555384507059
0.9203562001275473
0.5147120751123673
-0.08753456817573302
-0.6563459816112508
-0.9744555384507034
-0.9203562001275959
-0.5147120751123766
0.08753456817572228
0.6563459816112427
0.9744555384507265
0.9203562001275557
0.5147120751123858
-0.08753456817571154
-0.6563459816112345
-0.9744555384506985
-0.9203562001276043
-0.514712075112395
0.08753456817581405
0.6563459816112264
0.9744555384507216
0.9203562001275641
0.5147120751124042
-0.08753456817569007
-0.6563459816112183
-0.9744555384506938
-0.9203562001275684
-0.5147120751124136
0.08753456817579257
0.6563459816112959
0.9744555384507169
0.9203562001275726
0.5147120751124228
-0.08753456817566858
-0.6563459816112878
-0.9744555384507144
-0.9203562001275768
-0.5147120751123345
0.0875345681757711
0.6563459816112797
0.974455538450712
-0.2007594081039832
-0.7382360566305037
-0.9937316232448983
-0.8696554854753553
-0.4134005107569517
0.414190773243409
0.8700836872581325
0.9936342057970957
0.7376502301060492
0.19990893832369452
-0.41419077324339926
-0.8700836872581271
-0.9936342057971097
-0.7376502301061333
-0.19990893832381648
0.41419077324338943
0.8700836872581779
0.9936342057970982
0.7376502301060638
0.19990893832371565
-0.4141907732433796
-0.8700836872581165
-0.9936342057971121
-0.7376502301061478
-0.1999089383237262
0.4141907732433698
0.8700836872581672
0.9936342057971006
0.7376502301060783
0.19990893832373677
-0.41419077324336
-0.8700836872581059
-0.9936342057971018
-0.7376502301061624
-0.19990893832374734
0.37546645604428863
0.8485392661766636
0.997498917418472
0.7654478859476778
0.24102177866164606
-0.37546645604427864
-0.848539266176658
-0.9974989174184727
-0.7654478859476116
-0.09299498486205006
-0.6604726533757798
-0.9756722169396956
-0.9181981555116373
-0.510003607085622
0.09299498486203933
0.6604726533756863
0.9707428497453343
0.6442076046275892
0.07160695035316453
-0.5283451251253537
-0.9264873205963182
-0.9707428497453369
-0.6442076046275974
-0.07160695035328868
0.5283451251253445
0.9264873205963142
0.9707428497453395
-0.2547008994263402
0.36234266908785473
0.8409836535847457
0.9983974663953558
0.7744573813247502
0.25470089942635066
-0.36234266908773877
-0.8409836535846784
-0.9983974663953629
-0.7744573813247569
-0.25470089942636104
0.36234266908783463
0.840983653584734
0.998397466395357
0.7744573813247637
0.2547008994263715
-0.36234266908771867
-0.8409836535847283
-0.9983974663953576
-0.7744573813247706
-0.254700899426272
0.36234266908781454
0.8409836535847224
0.9983974663953582
0.7744573813247774
0.25470089942639235
-0.3623426690878045
-0.8409836535847166
-0.9983974663953589
-0.7744573813247123
-0.2547008994262928
0.36234266908779444
0.8409836535847107
0.9983974663953594
0.774457381324791
0.25470089942641316
-0.3623426690877844
-0.8409836535847665
-0.9983974663953601
-0.774457381324726
-0.2547008994263137
0.36234266908777435
0.8409836535846991
0.9983974663953606
0.7744573813248047
0.2547008994263241
-0.3623426690877643
-0.8409836535847547
-0.9983974663953549
-0.7744573813247396
-0.2547008994263345
0.36234266908775425
0.8409836535846874
0.9983974663953619
0.7744573813248183
0.18459820400988822
-0.4283405339757695
-0.8776677467418632
-0.9917557110821256
-0.7270267023258657
-0.1845982040098988
0.428340533975657
0.8776677467418035
0.9917557110821269
0.7270267023258732
0.1845982040099094
-0.42834053397575
-0.8776677467418528
-0.9917557110821283
-0.7270267023258806
-0.18459820400992
0.42834053397563754
-0.8273141809100026
-0.9994934154173001
-0.7899001367668665
-0.27859185358970723
0.3391290486698777
0.8273141809099965
0.9994934154173004
0.7899001367669429
0.2785918535898268
-0.33912904866986754
-0.8273141809099905
-0.9994934154173007
-0.7899001367668798
-0.27859185358972793
0.3391290486698574
0.8273141809099844
0.9994934154172975
0.7899001367668864
0.2785918535898475
-0.3391290486699542
-0.8273141809100423
-0.9994934154172979
-0.789900136766893
-0.2785918535897487
0.3391290486698371
0.8273141809099723
0.9994934154172982
-0.9994878240115708
0.9778409717440942
0.9141422610837566
0.5012722772420326
-0.10306667888802665
-0.668037666790434
-0.9778409717440919
-0.914142261083761
-0.5012722772421403
0.10306667888790284
0.668037666790426
0.9778409717440897
0.9141422610837192
0.5012722772420513
-0.10306667888800519
-0.6680376667904179
-0.9778409717440875
-0.9141422610837237
-0.5012722772420606
0.10306667888788139
0.6680376667904945
0.977840971744109
0.914142261083728
0.5012722772420699
-0.10306667888798375
-0.6680376667904019
-0.9778409717440829
-0.9141422610837323
-0.5012722772420792
0.10306667888808611
0.7505131500183473
0.21873676727866637
-0.3965896259721829
-0.8604322616872779
-0.9956190184547914
-0.7505131500183544
-0.21873676727867689
0.39658962597227737
0.8604322616873304
0.9956190184547924
0.7505131500183616
0.2187367672786874
-0.3965896259722675
-0.8604322616872669
-0.995619018454804
-0.7505131500182936
-0.21873676727869792
0.3965896259722576
0.8604322616873195
0.9956190184547944
0.7505131500183758
0.21873676727870844
-0.3965896259722477
-0.8604322616873139
-0.9956190184547954
-0.7505131500183078
-0.21873676727860802
0.3965896259722378
0.8604322616873085
0.9956190184547964
0.75051315001839
0.21873676727872948
-0.3965896259722279
-0.8604322616873029
-0.9956190184547974
-0.7505131500183221
-0.21873676727862906
0.39658962597221803
0.8604322616872975
0.9956190184547984
0.7505131500183292
0.21873676727875052
-0.39658962597210373
-0.8604322616873499
-0.9956190184547994
-0.7505131500183363
0.47173543968233583
0.8999158383517244
0.9843589737851367
0.6928104383636223
0.1366318632479386
-0.47173543968232634
-0.8999158383517197
-0.9843589737851186
-0.6928104383635482
-0.13663186324783666
0.47173543968231685
-0.5644559216004607
0.028540668534059548
0.6106356933503044
0.9594886380504954
0.941849534834771
0.5644559216004695
-0.02854066853404877
-0.6106356933502959
-0.9594886380504924
-0.9418495348347363
-0.5644559216003846
0.028540668534151634
0.6106356933502874
0.9594886380504893
0.9418495348347782
0.5644559216004873
-0.028540668534140858
0.9979410242614564
0.8450507516445913
0.36937981411805754
-0.24738165764338435
-0.7696517443783508
-0.9979410242614557
-0.8450507516445971
-0.3693798141180676
0.2473816576433739
0.7696517443782714
0.9979410242614623
0.845050751644542
0.3693798141180776
-0.47601241660261984
-0.9020231499040755
-0.9834916985814216
-0.6892998460540936
-0.13181888077394596
0.4760124166027103
0.9020231499040708
0.9834916985814236
0.689299846054019
0.13181888077406934
-0.47601241660260085
-0.9020231499040662
-0.9834916985814255
-0.6892998460540267
-0.13181888077396733
0.47601241660269134
0.9020231499041106
0.9834916985814275
0.6892998460540346
0.1318188807740907
-0.47601241660258187
-0.9020231499040569
-0.9834916985814295
-0.6892998460540424
-0.1318188807741014
0.4760124166026724
0.9020231499041013
0.9834916985814314
0.6892998460540501
0.13181888077411208
-0.4760124166026629
-0.9020231499040476
-0.9834916985814127
-0.6892998460539757
-0.13181888077412277
0.4760124166026534
0.902023149904092
0.9834916985814353
0.6892998460540658
0.13181888077413345
-0.47601241660264393
-0.9020231499040874
-0.9834916985814167
-0.6892998460540737
-0.13181888077414414
0.4760124166026345
0.9020231499040827
0.9834916985814186
0.6892998460539991
0.13181888077415482
-0.476012416602625
-0.9020231499040781
-0.9834916985814206
0.6681507551969078
0.9778727783437761
0.9140806368366425
0.5011407605160875
-0.103217853173627
-0.6681507551968152
-0.97787277834375
-0.914080636836693
-0.5011407605161953
0.10321785317372936
0.6681507551968918
0.9778727783437715
0.9140806368366513
0.5011407605161061
-0.10321785317383171
-0.6681507551969683
-0.977872778343793
-0.9140806368366096
-0.5011407605160171
0.10321785317370792
0.6681507551968757
0.9778727783437671
0.9140806368366601
0.5011407605161248
-0.10321785317358412
-0.6681507551967831
-0.977872778343741
-0.9140806368366183
-0.5011407605160357
0.10321785317368647
0.6681507551968597
0.9778727783437625
0.9140806368365766
0.5011407605159467
-0.10321785317378883
-0.6681507551969362
-0.977872778343784
-0.9140806368366271
-0.5011407605160544
0.10321785317366503
0.6681507551968436
0.977872778343758
0.9140806368366775
0.5011407605161622
-0.10321785317354122
-0.6681507551969202
-0.977872778343732
-0.914080636836728
-0.501140760516073
0.10321785317364357
0.6681507551969968
0.9778727783437535
0.9140806368366863
0.501140760515984
-0.10321785317374593
-0.6681507551969041
-0.5913212973647383
-0.9524002032975705
-0.9496946024630682
-0.5842379424200214
0.0043777541101525895
0.5913212973646379
0.9524002032975325
0.9496946024631072
0.5842379424201224
-0.004377754110255495
0.21428311791102747
-0.40077325337233144
-0.8627478636493449
-0.9951821137336937
-0.7474906213677642
-0.21428311791114907
0.4007732533722174
0.862747863649282
0.9951821137337059
0.7474906213676958
0.21428311791104854
-0.4007732533723117
-0.862747863649449
-0.9951821137336959
-0.7474906213676276
-0.21428311791094803
0.400773253372406
0.862747863649386
0.9951821137336858
0.7474906213677102
0.2142831179110696
-0.4007732533722919
-0.8627478636493231
-0.995182113733698
-0.7474906213677929
-0.21428311791119117
0.40077325337238623
0.8627478636493752
0.9951821137336879
0.7474906213677245
0.21428311791109067
-0.4007732533724805
-0.8627478636494271
-0.9951821137336778
-0.7474906213676562
-0.21428311791099014
0.40077325337236647
-0.8232033713896243
-0.9996985996934805
-0.7943429414201316
-0.28557527824788237
0.33227243486834107
0.8232033713895537
0.9996985996934836
0.7943429414200691
0.2855752782477838
-0.33227243486843816
-0.8232033713896121
-0.9996985996934811
-0.7943429414200066
-0.28557527824768514
0.3322724348685352
0.8232033713896705
0.9996985996934785
0.7943429414200822
0.28557527824780443
-0.3322724348684178
-0.8232033713895999
-0.9996985996934816
-0.7943429414201578
-0.2855752782479237
0.3322724348685149
0.8232033713896583
0.9996985996934846
0.7943429414200953
0.2855752782478251
-0.3322724348686119
-0.8232033713897167
-0.9996985996934822
-0.7943429414200328
-0.2855752782477265
0.3322724348684945
0.823203371389646
0.9996985996934796
0.7943429414201084
0.28557527824784573
-0.3322724348683771
-0.8232033713895753
-0.9996985996934826
-0.794342941420184
-0.285575278247965
0.33227243486825975
0.8232033713896338
0.9996985996934802
0.7943429414201215
0.28557527824786644
-0.3322724348683568
-0.8232033713896922
-0.9996985996934776
-0.794342941420059
-0.2855752782477678
0.33227243486845387
0.8232033713896215
0.9996985996934806
0.7943429414201346
0.2855752782478871
-0.33227243486833646
-0.8232033713895509
-0.9996985996934837
-0.7943429414200721
-0.28557527824778844
0.3322724348684335
0.8232033713896093
0.9996985996934812
0.7943429414200096
