-0.9552814719837626
-0.5990320196461663
-0.013972696153229257
0.5764237223557667
0.946645870846592
0.9552814719837627
0.599032019646166
0.01397269615322938
-0.5764237223557663
-0.9466458708465919
0.5436255340535578
0.9331468413285431
0.96623777171063
0.6302587145132192
0.3761390380924131
0.8489230775086439
0.9974473551507311
0.7649806451139262
0.2403173293794263
-0.3761390380924163
-0.8489230775086419
-0.9974473551507309
-0.7649806451139285
-0.24031732937942296
0.3761390380924129
0.8489230775086438
0.9974473551507306
0.7649806451139263
0.24031732937942654
-0.37613903809241606
-0.8489230775086418
-0.9974473551507309
0.9799291577268465
0.9099520075031753
0.3731402644508221
0.8472092435938322
0.9976730872670907
0.7670597212653608
0.24345561314128686
-0.3731402644508187
-0.8472092435938341
-0.9976730872670905
-0.7670597212653631
-0.24345561314128353
0.3731402644508219
0.8472092435938359
0.9976730872670907
0.7670597212653564
0.24345561314128022
-0.37314026445082504
-0.8472092435938378
-0.9976730872670909
-0.7670597212653588
-0.2434556131412769
0.37314026445081505
0.847209243593832
0.9976730872670907
0.7670597212653566
-0.6694256600182752
-0.10492338449852316
0.49965605768499133
0.9133838685176093
0.9782300863523742
0.6694256600182832
0.10492338449853388
-0.499656057684982
-0.9133838685176108
-0.9782300863523735
-0.6694256600182701
-0.10492338449853046
0.49965605768498494
0.9133838685176063
0.9782300863523757
0.6694256600182781
0.10492338449852706
-0.49965605768498794
-0.9133838685176078
-0.978230086352375
-0.6694256600182755
-0.10492338449853778
0.4996560576849786
0.9133838685176092
0.9782300863523743
0.669425660018273
0.10492338449853436
-0.49965605768498156
-0.9133838685176106
-0.9782300863523765
-0.6694256600182811
-0.10492338449853096
0.49965605768498456
0.913383868517612
-0.9948523901059788
-0.8644155340772236
-0.4038013244343598
0.21105126644020772
0.745289446903325
0.9948523901059791
0.8644155340772147
0.4038013244343566
-0.21105126644022495
-0.7452894469033273
-0.994852390105978
-0.8644155340772202
-0.4038013244343535
0.21105126644021444
0.7452894469033295
0.9948523901059798
0.8644155340772255
0.40380132443433736
-0.2110512664402039
-0.7452894469033224
-0.9948523901059787
-0.8644155340772167
-0.40380132443434724
0.21105126644022112
0.7452894469033342
-0.22306683564626922
-0.7534397780612933
-0.996024333733075
-0.8581614475407905
-0.39251005622275387
0.22306683564628643
0.7534397780612861
0.9960243337330765
0.8581614475407959
0.39251005622273766
-0.2230668356462759
-0.753439778061279
-0.9960243337330781
-0.8581614475408015
-0.39251005622272145
0.2230668356462654
0.7534397780612907
0.9960243337330772
0.8581614475407925
0.39251005622273133
-0.2230668356462549
-0.7534397780613022
-0.9960243337330762
-0.8581614475407834
-0.39251005622274127
0.22306683564627208
0.7534397780612953
0.9960243337330777
0.8581614475407889
0.3925100562227512
-0.2230668356462893
-0.7534397780612881
-0.9960243337330793
-0.8581614475407945
-0.39251005622273494
0.22306683564627877
0.753439778061281
0.9960243337330784
0.8581614475408
0.39251005622271873
-0.7114031469713564
-0.9886233950797245
-0.8882231083409623
-0.4485517838090079
0.16245107642355347
0.7114031469713689
0.9886233950797229
0.8882231083409411
0.44855178380901756
-0.16245107642357087
-0.7114031469713613
-0.9886233950797212
-0.8882231083409461
-0.44855178380902716
0.16245107642358828
0.7114031469713537
0.9886233950797239
0.8882231083409511
0.4485517838090368
-0.16245107642357764
-0.7114031469713661
-0.9886233950797265
-0.888223108340956
-0.44855178380902105
0.16245107642356701
0.7114031469713785
0.988623395079725
0.8882231083409479
0.4485517838090053
-0.16245107642355638
-0.7114031469713709
-0.9886233950797233
-0.8882231083409398
-0.44855178380901495
0.1624510764235738
0.7114031469713633
0.9886233950797216
0.8882231083409448
0.44855178380902455
-0.1624510764235912
-0.7114031469713558
-0.9886233950797243
-0.8882231083409496
-0.4485517838090342
0.16245107642358056
0.7114031469713682
0.988623395079727
0.8882231083409546
0.4485517838090438
-0.1624510764235699
-0.7114031469713805
-0.9886233950797254
-0.8882231083409596
-0.4485517838090027
0.16245107642355927
0.711403146971373
0.9886233950797237
0.8882231083409384
0.4485517838090123
-0.16245107642354864
-0.7114031469713654
-0.9886233950797221
-0.8882231083409434
-0.44855178380902194
0.16245107642359408
0.7114031469713579
0.9886233950797205
0.8882231083409483
0.44855178380903155
-0.16245107642358345
-0.7114031469713502
-0.9886233950797274
-0.8882231083409533
-0.4485517838090412
0.16245107642357282
0.7114031469713826
0.9886233950797259
0.8882231083409582
0.448551783809
-0.16245107642356219
-0.7114031469713751
-0.9886233950797242
-0.8882231083409371
-0.4485517838090097
0.16245107642355153
0.7114031469713674
0.9886233950797225
0.888223108340942
0.4485517838090193
-0.162451076423597
-0.7114031469713599
-0.988623395079721
-0.888223108340947
-0.44855178380902894
0.16245107642358636
0.7114031469713523
0.9886233950797279
0.888223108340952
0.4485517838090386
-0.1624510764235757
-0.7114031469713847
-0.9886233950797263
-0.8882231083409569
-0.4485517838089974
0.16245107642356507
0.7114031469713771
0.9886233950797246
0.8882231083409619
0.44855178380900707
-0.16245107642355444
-0.7114031469713695
-0.988623395079723
-0.8882231083409406
-0.44855178380901667
0.1624510764235438
0.711403146971362
0.98862339507973
0.8882231083409456
0.4485517838090263
-0.16245107642358925
-0.7114031469713544
-0.9886233950797283
-0.8882231083409505
-0.44855178380903593
0.16245107642357862
0.7114031469713468
0.9886233950797267
0.8882231083409555
0.4485517838090456
-0.16245107642356799
-0.7114031469713792
-0.9886233950797251
-0.8882231083409605
-0.4485517838090044
0.16245107642355733
0.7114031469713716
0.9886233950797234
0.8882231083409393
0.44855178380901406
-0.1624510764235467
-0.711403146971364
-0.9886233950797304
-0.8882231083409443
-0.44855178380902366
0.16245107642359216
0.7114031469713564
0.9886233950797287
0.8882231083409492
0.4485517838090333
-0.1624510764235815
-0.7114031469713489
-0.9886233950797272
-0.8882231083409542
-0.4485517838090429
0.16245107642357087
0.7114031469713813
0.9886233950797255
0.8882231083409592
0.4485517838090018
-0.16245107642356024
-0.7114031469713736
-0.9886233950797239
-0.8882231083409641
-0.4485517838090114
0.1624510764235496
0.7114031469713661
0.9207095002418936
0.5154872258553279
-0.0866336480416209
-0.6556634129560202
-0.9742520393010099
-0.9207095002418978
-0.5154872258553371
0.08663364804161015
0.655663412956012
0.9742520393010075
-0.9981561263752824
-0.843203143555433
-0.36617521931813346
0.2507191928606497
0.771847394998701
0.9981561263752817
0.8432031435554389
0.3661752193181435
-0.2507191928606943
-0.7718473949986941
-0.9981561263752811
-0.8432031435554447
-0.36617521931815356
0.25071919286068384
0.7718473949986874
0.9981561263752804
0.8432031435554199
0.3661752193181636
-0.2507191928606734
-0.7718473949986805
-0.9981561263752833
-0.8432031435554257
-0.3661752193181736
0.25071919286066296
0.7718473949986736
0.9981561263752826
0.8432031435554315
0.36617521931818364
-0.2507191928607076
-0.7718473949986667
-0.9981561263752854
-0.8432031435554372
-0.3661752193181937
0.25071919286069716
0.771847394998696
0.9981561263752847
0.8432031435554431
0.3661752193182037
-0.25071919286074174
-0.7718473949987253
-0.9981561263752841
-0.8432031435554489
0.9371627820668705
0.5531067987699476
-0.042217182248544184
-0.6214156345572027
-0.9632544356056839
-0.9371627820668743
-0.5531067987699092
0.042217182248533415
0.6214156345571943
0.9632544356056809
0.9371627820668781
0.5531067987699182
-0.042217182248522646
-0.6214156345572304
-0.963254435605678
-0.9371627820668817
-0.19439566071616995
0.41930279827729067
0.8728418399067513
0.9929849654948081
0.7338415845815078
0.19439566071618053
-0.4193027982772809
-0.8728418399067461
-0.9929849654948026
-0.733841584581515
-0.1943956607161911
0.41930279827727107
0.8728418399067408
0.9929849654948039
0.7338415845815224
0.19439566071614592
-0.4193027982773129
-0.8728418399067356
-0.9929849654947984
-0.7338415845815297
-0.1943956607161565
0.4193027982773031
0.8728418399067304
0.9929849654947996
0.7338415845814985
0.19439566071616707
-0.41930279827729333
-0.872841839906725
-0.992984965494801
-0.7338415845815058
-0.19439566071617764
0.41930279827728356
0.8728418399067476
0.992984965494809
0.7338415845815517
0.19439566071613246
-0.41930279827727374
-0.87284183990677
-0.9929849654947901
-0.7338415845814432
-0.19439566071608727
0.4193027982773156
0.48250233099040724
-0.12448539326979453
-0.6839239284038359
-0.9821267686069816
-0.9051905644633439
-0.4825023309904167
0.12448539326989663
0.6839239284039109
0.9821267686070009
0.9051905644633484
0.48250233099042616
-0.12448539326977313
-0.6839239284038201
-0.9821267686069775
-0.9051905644633531
-0.4825023309904356
0.12448539326987525
0.6839239284038952
0.9821267686069969
0.9051905644633577
0.48250233099044504
-0.12448539326975175
-0.6839239284038044
-0.9821267686069948
-0.9051905644633622
-0.4825023309903549
0.12448539326985385
0.6839239284038795
0.9821267686069928
0.9051905644633668
0.4825023309904639
-0.12448539326984316
-0.6839239284037887
-0.9821267686069908
-0.905190564463323
-0.48250233099037376
0.12448539326983246
0.6839239284038637
0.9821267686069888
0.905190564463376
0.4825023309904828
-0.12448539326982176
-0.6839239284038559
-0.9821267686069867
-0.9051905644633322
-0.48250233099039264
0.12448539326981106
0.683923928403848
0.9821267686069847
0.9051905644633851
0.48250233099040213
-0.12448539326980036
-0.6839239284038402
-0.982126768607004
-0.9051905644633413
-0.48250233099041157
0.12448539326978968
0.6839239284038323
0.9821267686069806
-0.16552547555630326
-0.7135899799129097
-0.9890873659741602
-0.8867869960764168
-0.44576413445892765
0.16552547555629263
0.7135899799129022
0.9890873659741753
0.8867869960763692
0.44576413445883556
-0.165525475556282
-0.7135899799128945
-0.989087365974157
-0.8867869960764267
-0.4457641344588452
0.16552547555627137
0.7135899799129667
0.9890873659741722
0.8867869960763791
0.9708156711651142
0.9263730798514086
0.5280874582974124
-0.07190962329363723
-0.6444396729047207
-0.9708156711651117
-0.9263730798513699
-0.5280874582973251
0.07190962329373987
0.6444396729047994
0.9708156711651091
0.9263730798514168
0.5280874582974308
-0.07190962329361573
-0.6444396729047912
-0.9708156711651065
-0.926373079851378
-0.5280874582973434
0.07190962329371837
0.6444396729047829
0.9708156711651039
0.9263730798514249
0.5280874582974491
-0.07190962329359422
-0.6444396729047747
-0.9708156711651286
-0.9263730798513862
-0.5280874582973616
0.07190962329369686
0.6444396729047664
0.9708156711650988
0.926373079851433
0.5280874582974673
-0.07190962329368611
-0.6444396729047582
-0.9708156711651235
-0.9263730798513943
-0.5280874582973799
0.07190962329367537
0.6444396729047499
0.9708156711650936
0.9263730798513983
0.5280874582973891
-0.07190962329366461
-0.6444396729048286
-0.9708156711651182
-0.9263730798514024
-0.5280874582973982
0.07190962329365386
0.6444396729047335
0.9708156711651157
0.9263730798514064
0.5280874582974074
-0.0719096232937565
-0.6444396729048122
-0.9708156711651131
-0.9263730798514105
-0.5280874582974165
0.07190962329363235
0.6444396729047169
0.9708156711651105
0.9263730798513717
0.5280874582974258
-0.07190962329373499
-0.6444396729047956
-0.9708156711651079
-0.9263730798514186
-0.5280874582974349
0.07190962329361085
0.6444396729047874
0.9708156711651054
0.9263730798513798
0.5280874582973475
-0.07190962329371349
-0.6444396729047792
-0.9708156711651028
-0.9263730798514267
-0.5280874582974532
0.07190962329370273
0.6444396729047709
0.9708156711651275
0.926373079851388
0.5280874582973658
-0.07190962329369198
-0.6444396729047627
-0.9708156711650976
-0.9263730798514348
-0.5280874582974715
0.07190962329368122
0.6444396729047545
0.970815671165095
0.926373079851396
0.5280874582973841
-0.07190962329367047
-0.6444396729047462
-0.9708156711650924
-0.926373079851443
-0.5280874582973932
0.07190962329365973
0.6444396729048248
0.9708156711651171
0.9263730798514043
0.5280874582974024
-0.07190962329364897
-0.6444396729047297
-0.9708156711650873
-0.9263730798514511
-0.5280874582974115
0.07190962329375161
0.6444396729048084
0.9708156711651119
0.9263730798514124
0.5280874582974208
-0.07190962329362746
-0.6444396729047133
-0.970815671165082
-0.9263730798514164
-0.5280874582974299
0.0719096232937301
0.6444396729047919
0.9708156711651068
0.9263730798514205
0.5280874582974391
-0.07190962329360595
-0.6444396729047837
-0.9708156711651041
-0.9263730798514245
-0.5280874582973516
0.07190962329370859
0.6444396729047754
0.9708156711651016
0.9263730798514286
0.5280874582974574
-0.07190962329358445
-0.6444396729047672
-0.970815671165099
-0.9263730798514327
-0.5280874582973699
0.0719096232936871
0.6444396729047589
0.9708156711650964
0.9263730798514367
0.055508793646275374
0.6317865614105326
0.9667433363514366
0.9324370152035039
0.5419714466163623
-0.05550879364626461
-0.6317865614106124
0.6435912849947357
0.9705491096072401
0.9267901621007114
0.5290288731107354
-0.07080346437747068
-0.6435912849947275
-0.9705491096072374
-0.9267901621007582
-0.529028873110841
0.07080346437734651
0.6435912849947192
0.9705491096072348
0.9267901621007195
0.5290288731107538
-0.07080346437744917
-0.643591284994711
-0.9705491096072322
-0.9267901621007235
-0.5290288731108593
0.07080346437732501
0.6435912849947898
0.9705491096072296
0.9267901621007703
0.5290288731107721
-0.07080346437742766
-0.6435912849946944
-0.6708192912804667
-0.10679041103644354
0.49802877655102457
0.9126178988714294
0.9786180025644893
0.6708192912804747
0.10679041103645426
-0.49802877655091665
-0.9126178988713786
-0.9786180025645149
-0.6708192912804827
-0.10679041103646497
0.49802877655100586
0.9126178988714206
0.9786180025644937
0.6708192912804907
0.1067904110364757
-0.49802877655099653
-0.9126178988714162
-0.9786180025645194
-0.6708192912804143
-0.10679041103637338
0.49802877655098715
0.9126178988714119
0.9786180025644982
0.6708192912805067
0.10679041103649713
-0.4980287765509778
-0.9126178988714074
-0.9786180025645004
-0.6708192912804303
-0.10679041103639482
0.4980287765509685
0.912617898871403
0.9786180025645026
0.6708192912805226
0.11710742541294018
0.6784827480768746
0.9807007217558952
0.908324352515746
0.488998953423651
-0.11710742541292947
-0.6784827480768667
-0.9807007217559153
-0.9083243525157029
-0.4889989534237596
0.11710742541291877
0.6784827480768588
0.9807007217559132
0.9083243525157074
0.48899895342366984
-0.11710742541302097
-0.6784827480769343
-0.980700721755911
-0.9083243525157119
-0.4889989534237784
-0.5187447584368449
-0.9221880797192022
-0.973386898568823
-0.6527850063689842
-0.0828414290825291
0.5187447584368357
0.9221880797191981
0.9733868985688515
0.6527850063690784
0.08284142908242656
-0.5187447584368264
-0.9221880797191939
-0.9733868985688279
-0.6527850063690005
-0.0828414290825506
0.5187447584368172
0.9221880797192338
0.9733868985688304
0.6527850063690948
0.08284142908244804
-0.5187447584369052
-0.9221880797192296
-0.9733868985688329
-0.6527850063690168
-0.08284142908257208
0.5187447584367988
0.9221880797192255
0.9733868985688353
0.652785006369025
0.08284142908246953
-0.5187447584368867
-0.9221880797192212
-0.1383207535764013
0.4702313170298612
0.8991710071054075
0.9846579341650873
0.6940389976659889
0.138320753576412
-0.47023131702985166
-0.8991710071054028
-0.984657934165109
-0.6940389976659148
-0.13832075357631007
0.47023131702984217
0.8991710071053981
0.9846579341650911
0.6940389976660044
0.13832075357643334
-0.4702313170298327
-0.8991710071053933
-0.984657934165093
-0.6940389976659304
-0.13832075357633142
0.4702313170299235
0.8991710071053887
0.9846579341650948
0.69403899766602
0.1383207535764547
-0.47023131702981363
-0.8991710071053839
-0.9846579341650967
-0.6940389976659459
-0.1383207535763528
0.47023131702990445
0.8991710071053792
0.9846579341650986
0.6940389976659537
0.13832075357636345
-0.47023131702999527
-0.8991710071054242
-0.9846579341650806
-0.6940389976659614
-0.13832075357637413
0.4702313170298854
0.8991710071053698
0.9846579341651024
0.6940389976658873
0.1383207535764974
-0.4702313170299762
-0.8991710071054148
-0.9846579341650844
-0.6940389976659769
-0.13832075357639548
0.47023131702986637
0.952188649383593
-0.3425018788507292
0.27514448064631736
0.7876950003535564
0.9993728026939018
0.8293241618375755
0.34250187885063255
-0.2751444806464163
-0.7876950003534797
-0.5616308438475279
-0.9406953234462799
-0.9604461625466564
-0.6133392119186445
-0.03195752897057574
0.5616308438476131
0.9406953234463148
0.9604461625466277
0.6133392119185632
0.031957528970700144
-0.56163084384751
-0.9406953234462726
-0.9604461625466624
-0.6133392119186616
-0.031957528970824545
0.561630843847407
-0.1709901984493124
-0.7174627564635155
-0.989888927170865
-0.8842111727861424
-0.4407948036295452
0.1709901984494138
0.9740779656961726
0.381176002706503
0.4076353693035672
0.8665169814615956
0.9944185585302824
0.7424860452841071
0.20694909891191815
-0.40763536930345357
-0.8665169814615334
-0.9944185585302715
-0.7424860452840382
-0.20694909891159502
0.40763536930354755
0.8665169814615848
0.9944185585302606
0.7424860452839692
0.20694909891171678
-0.4076353693036415
-0.8665169814616362
-0.9944185585302738
-0.7424860452840526
-0.20694909891183857
0.40763536930352784
0.8665169814615741
0.9944185585302869
0.742486045284136
0.20694909891173788
-0.9993880610389305
-0.829081838940881
0.5741633365473421
0.9457516520769346
0.9560949814295308
0.4339270432647387
-0.17850960247566014
-0.7227616473885944
-0.9909433087639734
-0.8806183071157174
-0.433927043264646
0.1785096024757614
0.7227616473886656
0.9909433087639873
0.8806183071157764
0.4339270432647581
-0.17850960247563893
-0.7227616473885795
-0.9909433087639705
-0.8806183071158353
-0.43392704326487025
0.17850960247551648
0.7227616473886506
0.9909433087639843
0.8806183071157866
0.43392704326477755
-0.17850960247561773
-0.7227616473887217
-0.9909433087639982
-0.8806183071157379
-0.43392704326468484
0.17850960247571898
0.7227616473886357
0.9909433087639814
0.8806183071157968
0.433927043264797
-0.1785096024755965
-0.7227616473885496
-0.9909433087639647
-0.8806183071158558
-0.4339270432649091
0.17850960247547404
0.7227616473886208
-0.996828114827535
-0.8532295429983682
-0.38372628594917957
0.23234736995548344
0.7596722277341625
0.9968281148275432
0.8532295429983145
0.38372628594929453
-0.23234736995558353
-0.7596722277340816
0.7620504936531783
0.997113097093892
0.8513123880723227
0.3803392818509743
-0.23591050278070902
-0.7620504936532451
-0.9971130970938997
-0.851312388072388
0.913986174717956
0.9779214688469191
0.6683240002046092
0.10344947898144985
-0.5009392270943493
-0.9139861747179977
-0.9779214688468977
-0.6683240002045326
-0.10344947898134749
0.5009392270942415
0.9139861747179473
0.9779214688469237
0.6683240002046252
0.10344947898147129
-0.5009392270941339
-0.9139861747178968
-0.9779214688469021
-0.6683240002045487
-0.10344947898136894
-0.928781071666889
-0.5335495175936129
0.06547981751952454
0.639498087917154
0.9692498244710178
0.9287810716668508
0.5335495175935259
-0.06547981751940034
-0.6394980879170583
-0.9692498244709872
-0.9287810716668969
-0.45974534447347876
-0.8939249585874132
-0.9866556219127871
-0.7025173728585689
-0.15004136505968071
-0.6302102029457479
-0.05347985729187234
0.543677976134003
0.9331693016114594
0.9662216711313089
0.6302102029458446
0.05347985729199663
-0.5436779761340894
-0.9331693016114964
-0.9662216711312823
-0.6302102029455882
-0.05347985729189387
0.5436779761341758
0.9331693016115333
0.9662216711313144
0.6302102029456849
0.05347985729179111
-0.5436779761340713
-0.9331693016114886
-0.9662216711313465
