-0.9018360284470825
-0.4756313386401228
0.13224835641275262
0.6896136742722668
0.9835700076664737
0.9018360284470825
0.4756313386401225
-0.13224835641275248
-0.6896136742722666
-0.9835700076664737
-0.9018360284470827
-0.47563133864012225
0.13224835641275326
0.6896136742722665
0.9835700076664737
0.9018360284470827
0.47563133864012314
-0.132248356412754
-0.6896136742722657
-0.9835700076664735
-0.9018360284470831
-0.475631338640124
0.13224835641275476
0.6896136742722683
0.9835700076664742
0.9018360284470832
0.47563133864012413
-0.13224835641275112
-0.6896136742722656
-0.9835700076664742
-0.9018360284470832
-0.47563133864012425
0.132248356412751
0.6896136742722655
0.9835700076664742
0.9018360284470833
0.47563133864012436
-0.13224835641275087
-0.6896136742722654
-0.9835700076664741
-0.9018360284470833
-0.47563133864012136
0.13224835641275076
0.6896136742722653
0.9835700076664741
0.9018360284470834
0.4756313386401214
-0.13224835641275065
-0.6896136742722678
-0.9835700076664741
-0.9018360284470834
-0.4756313386401215
0.1322483564127505
0.6896136742722677
0.9835700076664734
0.901836028447085
0.47563133864012164
-0.13224835641275745
-0.6896136742722727
-0.9835700076664746
-0.901836028447082
-0.47563133864011864
0.1322483564127538
0.6896136742722702
0.983570007666474
0.9018360284470806
0.47563133864012186
-0.1322483564127572
-0.6896136742722726
-0.9835700076664746
-0.9018360284470821
-0.47563133864011886
0.13224835641275356
0.6896136742722699
0.983570007666474
0.46742855219386475
0.8977779401922736
-0.5448215442258585
-0.9336583969593065
-0.9658694759360371
-0.6291512438012572
-0.05211862059864815
0.5448215442258614
0.9573690826047103
0.6047357941096148
0.021113986478298232
-0.5705726463497226
-0.9443199213231207
-0.13639739715074783
-0.6926397429666611
-0.9843172489283118
-0.9000190215121344
-0.47194411839974076
0.13639739715075125
0.6926397429666635
0.98431724892831
0.9000190215121392
0.47194411839975026
-0.13639739715074056
-0.22501797306694565
-0.754754636252109
-0.9962006815555411
-0.8571319261205628
-0.3906679077501897
0.22501797306694898
0.7547546362521207
0.9962006815555426
0.8571319261205537
-0.3220035434183186
0.29597256767313296
0.8008972176510079
0.9999063519814442
0.8169852454218799
0.3220035434183019
-0.29597256767312263
-0.8008972176510184
-0.9999063519814441
-0.8169852454218697
-0.3220035434183121
0.29597256767311236
0.8008972176510291
0.999906351981444
0.8169852454218596
0.3220035434183223
-0.2959725676731292
-0.8008972176510225
-0.9999063519814442
-0.8169852454218658
-0.32200354341833254
0.29597256767314606
0.8008972176510161
0.9999063519814444
0.816985245421872
0.32200354341831583
-0.2959725676731358
-0.8008972176510096
-0.9999063519814443
-0.8169852454218782
-0.3220035434182991
0.29597256767312546
0.8008972176510202
0.9999063519814441
0.816985245421868
0.32200354341830933
-0.2959725676731152
-0.8008972176510307
-0.999906351981444
-0.8169852454218578
0.9994809118469513
0.8275334631374442
0.339496358337365
-0.2782168162908186
-0.7896606233376496
-0.9994809118469519
-0.8275334631374504
-0.33949635833732167
0.27821681629080824
0.7896606233376605
0.9994809118469515
0.8275334631374405
0.3394963583373318
-0.27821681629079786
-0.7896606233376713
-0.9994809118469512
-0.8275334631374305
-0.339496358337342
0.27821681629081485
0.7896606233376646
0.9994809118469509
0.8275334631374366
0.3394963583373254
-0.2782168162908318
-0.7896606233376581
-0.9994809118469514
0.9183734882501716
0.527167101563148
-0.07299021668165238
-0.645267753000235
-0.9710749395170255
-0.9259645047615566
-0.5271671015631572
0.07299021668164163
0.6452677530002268
0.9710749395170297
0.9259645047615607
0.5271671015631422
-0.07299021668163087
-0.6452677530002185
-0.9710749395170271
-0.9259645047615647
-0.5271671015631514
0.07299021668162013
0.645267753000232
0.9710749395170245
0.9259645047615688
0.5271671015631364
-0.07299021668163772
-0.6452677530002238
-0.971074939517022
-0.9259645047615621
-0.5271671015631455
0.07299021668162697
0.6452677530002372
0.9710749395170262
0.9259645047615662
0.5271671015631547
-0.07299021668164456
-0.645267753000229
-0.9710749395170236
-0.9259645047615596
-0.5271671015631397
0.07299021668163382
0.6452677530002208
0.9710749395170278
0.9259645047615529
0.5271671015631488
-0.07299021668162306
-0.645267753000256
-0.9922825319172941
-0.8756573258871039
-0.4245607838659017
0.7315956702276282
0.19115732461949195
-0.42229662179478755
-0.8744476120177578
-0.9925893358310927
-0.7315956702276355
-0.19115732461950252
0.4222966217948293
0.8744476120177801
0.992589335831094
0.7315956702276428
0.1911573246194573
-0.4222966217948195
-0.8744476120177749
-0.9925893358310953
-0.7315956702276503
-0.1911573246194679
0.42229662179480976
0.8744476120177697
0.9925893358310965
0.7315956702276576
0.19115732461947849
-0.4222966217948515
-0.8744476120177644
-0.9925893358310979
-0.7315956702276262
-0.19115732461943327
0.42229662179484173
0.8744476120177591
0.9925893358310923
0.7315956702276335
0.19115732461944385
-0.42229662179483196
-0.8744476120177539
-0.9925893358310937
-0.7315956702276408
-0.19115732461945442
0.4222966217948222
0.8744476120177487
0.9925893358310949
0.7315956702276094
0.19115732461946502
-0.4222966217948124
-0.8744476120177435
-0.9925893358310893
-0.7315956702276168
-0.1911573246194756
0.42229662179480265
0.8744476120177658
0.9925893358310907
0.7315956702276242
-0.9788687400703111
-0.671725484617842
0.6230947804569603
0.963828349302537
0.9364122480352589
0.5513184955001735
-0.044360183689485966
-0.6230947804569519
-0.9638283493025493
-0.9364122480352627
-0.5513184955001825
0.0443601836894752
0.6230947804569434
0.9638283493025465
0.9364122480352465
0.5513184955001916
-0.04436018368946442
-0.623094780456935
-0.9638283493025587
-0.9364122480352502
-0.5513184955002006
0.04436018368945365
0.6230947804569711
0.9638283493025558
0.936412248035254
0.5513184955002096
-0.04436018368949967
-0.6230947804570071
-0.963828349302553
-0.9364122480352578
-0.5513184955002186
0.0443601836894889
0.6230947804569986
0.9638283493025501
0.9364122480352616
0.5513184955002276
-0.04436018368947813
-0.6230947804569902
-0.9638283493025472
-0.9364122480352653
-0.5513184955001891
0.04436018368952415
0.6230947804569817
0.9638283493025444
0.9364122480352493
0.5513184955001507
-0.04436018368951338
-0.6230947804569733
-0.9638283493025567
-0.936412248035233
-0.5513184955002071
0.044360183689502605
-0.8303630163586703
-0.3442504412062864
0.2733541018447099
0.7865466689552704
0.9993051422628956
0.8303630163586446
-0.4249011251577634
-0.8758388153900868
-0.9922358468098157
-0.8402119704405073
-0.9984770758401899
-0.7753578752565605
-0.25607831976979084
-0.8907087442255076
-0.9877906704263584
-0.7075701342943745
-0.1570818562862969
0.45340635180726596
0.8907087442255026
0.98779067042636
0.7075701342943822
0.15708185628630753
-0.45340635180725636
-0.8907087442254977
-0.9877906704263617
-0.7075701342943497
-0.15708185628631818
0.45340635180724675
0.8907087442254928
0.9877906704263546
0.7075701342943573
0.1570818562862727
-0.45340635180723715
-0.890708744225488
-0.9877906704263563
-0.7075701342943649
-0.15708185628628335
0.45340635180722755
0.8907087442254831
0.987790670426349
0.7075701342943725
0.15708185628629398
-0.45340635180721794
-0.890708744225504
-0.9877906704263507
-0.7075701342943801
-0.15708185628630464
0.4534063518072083
0.8907087442254991
0.9877906704263524
0.7075701342943878
0.15708185628631527
-0.4534063518071987
-0.89070874422552
-0.987790670426354
-0.7075701342943954
-0.15708185628632593
0.45340635180723976
0.8907087442255152
0.9877906704263558
0.707570134294403
0.15708185628633659
-0.45340635180723016
-0.37281496469389186
0.24379564822014702
0.7672846098233569
0.9976969295187684
0.8470229326094478
0.3728149646938491
-0.24379564822013655
-0.76728460982335
-0.9976969295187677
-0.8470229326094233
-0.3728149646938591
0.24379564822012612
0.7672846098233431
0.997696929518767
0.8470229326094291
0.37281496469386916
-0.24379564822011565
-0.7672846098233727
-0.9976969295187662
-0.8470229326094045
-0.37281496469387915
0.2437956482201052
0.7672846098234022
0.9976969295187654
0.8470229326094103
0.37281496469388914
-0.24379564822009475
-0.7672846098233953
-0.9976969295187724
-0.8470229326094161
-0.37281496469389913
0.2437956482200843
0.7672846098233883
0.9976969295187718
0.8470229326094217
0.3728149646939091
-0.2437956482201841
-0.7672846098233814
-0.9976969295187749
-0.8470229326093973
0.9953777273567008
0.7488281369543958
0.2162516499678055
-0.398925617183235
-0.8617268575533205
-0.9953777273567018
-0.7488281369544783
-0.216251649967816
0.3989256171832251
0.861726857553315
0.9953777273566919
0.74882813695441
0.21625164996782653
-0.39892561718321523
-0.8617268575533096
-0.9953777273567039
-0.7488281369544925
0.764281595967757
0.23926428403325503
-0.37714385210813994
-0.8494958553921899
-0.9973693152186136
-0.764281595967764
-0.2392642840332655
0.3771438521080247
0.8494958553921241
0.9973693152186144
0.764281595967771
0.23926428403316558
-0.37714385210812
-0.8494958553921784
-0.9973693152186152
-0.7642815959677779
-0.23926428403328642
0.37714385210811
0.8494958553921728
0.997369315218616
0.7642815959677116
0.2392642840331865
-0.37714385210810003
-0.8494958553921671
-0.9973693152186168
-0.7642815959677919
-0.23926428403330735
0.37714385210809004
0.8494958553922214
0.9973693152186176
0.7642815959677255
0.23926428403320743
-0.37714385210808005
-0.8494958553921557
-0.9973693152186184
-0.7642815959678058
-0.23926428403321792
0.37714385210807005
0.84949585539221
0.9973693152186108
0.7642815959677394
0.23926428403322839
0.5285131447335107
-0.07140954877695464
-0.6440562217760059
-0.9706953087223685
-0.9265617804568871
-0.52851314473352
0.07140954877694389
0.6440562217759107
0.9706953087223387
0.9265617804568911
0.5285131447335291
-0.07140954877704653
-0.6440562217759894
-0.9706953087223633
-0.9265617804568952
-0.5285131447335382
0.07140954877692238
0.6440562217759812
0.9706953087223608
0.9265617804568992
0.5285131447334509
-0.07140954877702502
-0.6440562217759729
-0.9706953087223582
-0.9265617804569033
-0.5285131447335565
0.07140954877690087
0.6440562217759647
0.9706953087223829
0.9265617804569073
0.5285131447334691
-0.07140954877700352
-0.6440562217759565
-0.970695308722353
-0.9265617804569114
-0.5285131447335748
0.07140954877699277
0.6440562217759481
0.9706953087223777
0.9265617804568727
0.5285131447334874
-0.07140954877698201
-0.6440562217759399
-0.9706953087223478
-0.9265617804569195
-0.5285131447335931
0.07140954877697125
0.6440562217760186
0.9706953087223725
0.9265617804568808
0.5285131447335057
-0.0714095487769605
-0.6440562217759235
-0.9706953087223427
-0.9265617804569276
-0.528513144733515
0.07140954877694974
0.6440562217760022
0.9706953087223673
0.9265617804568889
0.5285131447335241
-0.071409548776939
-0.6440562217759069
-0.9706953087223648
-0.926561780456893
-0.5285131447335332
0.07140954877704164
0.6440562217759856
0.9706953087223622
0.926561780456897
0.5285131447335424
-0.07140954877691749
-0.6440562217759774
-0.9706953087223595
-0.9265617804569011
-0.528513144733455
0.07140954877702013
0.6440562217759692
0.970695308722357
0.9265617804569051
0.5285131447334641
-0.07140954877689598
0.3006998508512187
0.8038531504957103
0.9999618686144401
0.8141191403763397
0.3173105714063483
-0.30069985085120843
-0.8038531504956363
-0.999961868614439
-0.814119140376346
-0.3173105714063585
0.3006998508511981
0.8038531504956975
0.9999618686144399
0.8141191403763522
0.31731057140636876
-0.30069985085118783
-0.8038531504956234
0.5256699050335032
-0.07474634638314624
-0.6466120340163087
-0.9714939021899635
-0.9252981195903033
-0.5256699050335123
0.07474634638324887
0.6466120340163872
0.9714939021899878
0.9252981195903074
0.5256699050335215
-0.07474634638312475
-0.6466120340162923
-0.9714939021899583
0.6226015247072184
0.9636601183782137
0.936633300431467
0.5518443967148885
-0.043730310045580464
-0.62260152470721
-0.9636601183782109
-0.9366333004315106
-0.5518443967149923
0.04373031004545611
0.6226015247072015
0.9636601183782384
0.9366333004315144
0.5518443967149065
-0.04373031004555892
-0.6226015247071931
-0.9636601183782051
-0.9366333004315182
-0.5518443967150103
0.04373031004554815
0.6226015247071847
0.9636601183782022
0.9366333004314822
0.5518443967149245
-0.04373031004553738
-0.6226015247071762
-0.9636601183781993
-0.9366333004315257
0.3096590654590888
0.809413675253989
0.9999997720608587
0.8086199446825904
0.30837478241665595
-0.30965906545907856
-0.8094136752539827
-0.9999997720608588
-0.9642419882274189
-0.9358649852204497
0.6256970273695416
0.9647109191466967
0.935238029127905
0.5485359995537451
-0.047688137797032265
-0.6256970273695333
-0.964710919146664
-0.9352380291279491
-0.5485359995538491
0.04768813779713506
0.6256970273695248
0.9647109191466612
0.9352380291279127
0.5485359995537631
-0.047688137797010734
-0.6256970273695164
-0.9647109191466583
-0.9352380291279164
-0.5485359995537721
0.0476881377968864
0.6256970273695966
0.9647109191466854
0.9352380291279202
0.5485359995537811
-0.047688137796989195
-0.6256970273694996
-0.9647109191466526
-0.9352380291279241
-0.5485359995537902
0.047688137796978426
0.6256970273695799
0.9647109191466797
0.9352380291279279
0.5485359995537992
-0.04768813779696766
-0.6256970273694827
-0.964710919146647
-0.9352380291278914
-0.5485359995538082
0.04768813779695689
0.625697027369563
0.9647109191466741
0.9352380291279355
0.5485359995538172
-0.04768813779694612
-0.6256970273695546
-0.9647109191466413
-0.9352380291278991
-0.5485359995537311
0.04768813779693535
0.6256970273695462
0.9647109191466684
0.9352380291279432
0.5485359995538353
-0.04768813779692459
-0.6256970273695378
-0.9647109191466655
-0.935238029127947
-0.5485359995537492
0.04768813779702737
0.6256970273695294
0.9647109191466627
0.9352380291279507
0.5485359995538532
-0.04768813779690305
-0.6256970273695209
-0.14833330797426716
0.4612786666282836
0.8946978688641262
0.9863728948558942
0.7012870005943658
0.14833330797427785
-0.4612786666283749
-0.8946978688641214
-0.9863728948559146
-0.7012870005942924
-0.14833330797417607
0.46127866662836536
0.8946978688641166
0.9863728948558977
0.7012870005943811
0.14833330797429917
-0.46127866662835576
-0.8946978688641117
-0.9863728948558995
-0.7012870005943077
-0.1483333079741974
0.4612786666283462
0.894697868864107
0.9863728948558825
0.16037466065102043
-0.4504312594296456
-0.8891877480036218
-0.9883047392202169
-0.7099229112971592
-0.16037466065091885
0.4504312594297375
0.8891877480036688
0.9883047392202012
0.7099229112972468
0.1603746606510417
-0.45043125942962636
-0.8891877480036119
-0.9883047392202202
-0.7099229112971744
-0.16037466065094014
0.45043125942971823
0.889187748003659
0.9883047392202045
0.709922911297262
0.16037466065106298
-0.4504312594298101
-0.889187748003602
-0.9883047392201888
0.39495042408539544
0.8595213470597535
0.9957843295134053
0.7516915435574906
0.22047813701839755
-0.3949504240853855
-0.8595213470597479
-0.9957843295133959
-0.7516915435574227
-0.22047813701840807
0.3949504240853756
0.8595213470597425
0.9957843295134073
0.7516915435575048
0.2204781370184186
-0.3949504240853657
-0.8595213470597369
-0.9957843295133979
-0.751691543557437
-0.2204781370184291
0.3949504240853558
0.8595213470597315
0.9957843295134093
0.751691543557519
0.22047813701832872
-0.39495042408534586
-0.8595213470597259
-0.9957843295133999
-0.7516915435574512
-0.22047813701845012
0.394950424085336
0.8595213470597204
0.9957843295134009
0.7516915435574583
0.22047813701834976
-0.3949504240854305
-0.859521347059773
-0.9957843295134019
-0.7516915435574654
-0.22047813701847116
0.39495042408531617
0.8595213470597094
0.9957843295134029
0.7516915435574725
0.2204781370183708
-0.3949504240854107
-0.859521347059762
-0.9957843295134038
-0.7516915435574796
-0.22047813701838131
0.39495042408529635
0.8595213470596984
0.9957843295133944
0.7516915435574867
0.22047813701839183
-0.8155751865476791
-0.999936778843014
-0.8023565082214336
-0.29830332255397335
-0.7292974541088696
-0.9921748068403845
-0.8760751061402083
-0.42534449159225873
0.1878532618164323
0.7292974541088623
0.3599919016239698
-0.2571378754145499
-0.7760497238397984
-0.9985369547180042
-0.8396170079167962
-0.3599919016238738
0.25713787541464933
0.7760497238397199
0.9985369547180097
0.8396170079168638
0.3599919016239899
-0.2571378754145291
-0.7760497238396414
-0.9985369547180031
0.9943279358942387
0.8669436733543084
0.40841639392474416
-0.20611206642139435
-0.7419127228860422
-0.9943279358942255
-0.8669436733543704
-0.4084163939248578
0.20611206642127256
0.7419127228861111
0.9943279358942365
0.8669436733543191
0.4084163939247638
-0.20611206642137325
-0.7419127228860277
-0.9943279358942474
-0.8669436733542678
-0.4084163939246699
0.9486923889260934
0.5816502790612281
-0.007562467839148017
-0.9935254987715744
-0.737001115287363
-0.19896735550998035
0.41506517142052535
0.8705569104148159
0.9935254987715627
0.7370011152872935
0.19896735550987948
-0.415065171420619
-0.8705569104147546
-0.9935254987715768
-0.7370011152873777
-0.19896735551000147
0.41506517142050575
0.8705569104146934
0.9935254987715909
0.737001115287308
0.19896735550990063
-0.41506517142059934
0.48782944926917393
-0.1184383322059238
-0.6794666963492134
-0.9809618767107275
-0.9077629618365609
-0.4878294492692826
0.11843833220580022
0.6794666963492889
0.9809618767107475
0.9077629618365177
0.48782944926919275
-0.1184383322059024
-0.6794666963493644
-0.9809618767107675
-0.90776296183657
-0.48782944926910293
0.11843833220600458
0.6794666963492731
0.9809618767107433
0.9077629618366222
0.4878294492692116
-0.11843833220588099
-0.6794666963491818
-0.9809618767107191
-0.907762961836579
-0.48782944926912175
0.11843833220598317
0.6794666963492573
0.9809618767107391
0.9077629618365358
0.48782944926903193
-0.11843833220608535
-0.6794666963493328
-0.9809618767107591
-0.9077629618365881
-0.48782944926914057
0.11843833220596175
0.6794666963492415
0.980961876710735
0.9077629618366403
0.48782944926924926
-0.11843833220583817
-0.679466696349317
-0.980961876710755
-0.9077629618365971
0.798849411300877
0.9998538364905175
0.8189480799227895
0.8839710202896517
0.9899616903004129
0.7178206421765843
0.17149650656762977
-0.4403334655982846
-0.8839710202896998
-0.9899616903003984
-0.7178206421766709
-0.1714965065677524
0.4403334655981729
0.8839710202896416
0.9899616903004159
0.7178206421767576
0.17149650656787502
-0.4403334655982653
-0.8839710202896897
-0.9899616903004014
-0.7178206421766858
-0.17149650656777363
0.4403334655983577
0.8839710202897378
0.9899616903003868
0.7178206421766142
0.17149650656767226
-0.44033346559824593
0.9443828831712211
0.5707298302203939
-0.02092261948137744
-0.6045833396745761
-0.9573137731443203
-0.9443828831711872
-0.5707298302203094
0.020922619481253
0.6045833396746582
0.9573137731442843
0.9443828831712282
0.5707298302204117
-0.02092261948112856
-0.604583339674559
-0.9573137731442484
-0.9443828831712692
-0.5707298302203272
0.020922619481231444
0.604583339674641
0.9573137731442781
0.9443828831712353
0.5707298302202427
-0.5086374698909304
0.09457545493727257
0.6616637704810947
0.976019014825341
0.9175681691725232
0.5086374698908418
-0.09457545493737501
-0.6616637704810013
-0.976019014825314
-0.9175681691725727
-0.5086374698909489
0.0945754549372511
0.6616637704809081
0.9760190148252869
0.9175681691726221
0.5086374698910561
-0.0945754549371272
-0.6616637704808147
-0.9760190148253092
-0.9175681691725812
-0.5086374698909675
0.12858908623890788
-0.4788746804566531
-0.9034245955695317
-0.9828970214475032
-0.6869361925735917
-0.1285890862390313
0.4788746804567435
0.9034245955695758
0.9828970214474843
0.6869361925735169
0.12858908623892928
-0.4788746804568338
-0.9034245955696198
-0.9828970214474653
