0.45708296335906873
0.8925782327144712
0.987138954791259
0.7046461477568317
0.15300246232097486
-0.4570829633590694
-0.8925782327144713
-0.9871389547912589
-0.7046461477568312
-0.1530024623209741
0.4570829633590697
0.8925782327144717
0.9871389547912589
0.704646147756831
0.15300246232097423
-0.4570829633590696
-0.8925782327144717
-0.9871389547912589
-0.7046461477568311
-0.15300246232097434
0.45708296335907106
0.8925782327144723
0.9871389547912586
0.7046461477568312
0.15300246232097447
-0.45708296335907095
-0.8925782327144723
-0.9871389547912586
-0.70464614775683
-0.15300246232097284
0.45708296335907084
0.8925782327144722
0.9871389547912587
0.7046461477568301
0.15300246232097295
-0.4570829633590739
-0.8925782327144722
-0.9871389547912587
-0.7046461477568302
-0.15300246232097306
0.4570829633590738
0.8925782327144721
0.9871389547912581
0.7046461477568303
0.15300246232096967
-0.45708296335907367
-0.8925782327144721
-0.9871389547912581
-0.7046461477568303
-0.1530024623209698
0.45708296335907356
0.8925782327144752
0.9871389547912581
0.7046461477568279
0.1530024623209664
-0.45708296335907345
-0.8925782327144752
-0.9871389547912581
-0.7046461477568254
-0.153002462320963
0.4570829633590765
0.8925782327144768
0.9871389547912576
0.7046461477568231
0.15300246232096665
-0.4570829633590732
-0.8925782327144751
-0.9871389547912582
-0.7046461477568257
-0.15300246232096326
0.4570829633590826
0.8925782327144767
0.9871389547912577
0.7046461477568232
0.1530024623209669
-0.45708296335907933
-0.892578232714475
-0.9871389547912582
-0.7046461477568259
-0.1530024623209635
0.4570829633590824
0.8925782327144766
0.9871389547912577
0.7046461477568183
0.15300246232096013
-0.4570829633590791
-0.8925782327144749
-0.9871389547912582
-0.704646147756821
-0.15300246232096373
0.45708296335908216
0.8925782327144764
0.9871389547912578
0.7046461477568186
0.15300246232096035
-0.4570829633590789
-0.8925782327144748
-0.9871389547912583
-0.7046461477568211
-0.15300246232096398
0.45708296335908194
-0.9641971326495319
-0.6241791417857624
-0.045745933828568744
0.5501606660040347
0.9359245906963735
0.9641971326495272
0.6241791417857486
0.04574593382857951
-0.5501606660040494
-0.9359245906963697
-0.9641971326495301
-0.6241791417857571
-0.045745933828561895
0.5501606660040405
0.9359245906963759
0.9641971326495254
0.6241791417857654
0.045745933828572664
-0.5501606660040315
-0.935924590696372
-0.9641971326495283
-0.6241791417857516
-0.04574593382855504
0.5501606660040462
0.9359245906963782
0.9641971326495311
0.6241791417857601
0.04574593382856581
-0.5501606660040372
-0.9359245906963745
-0.9641971326495264
-0.6241791417857685
-0.04574593382857658
0.5501606660040281
0.9359245906963707
0.9641971326495293
0.6241791417857547
0.04574593382855895
-0.5501606660040429
-0.9359245906963769
-0.9641971326495322
-0.624179141785741
-0.04574593382856972
0.5501606660040339
0.9359245906963731
-0.8313844218141446
-0.34597320835284867
0.27158801150238787
0.7854118419007086
0.999235043859614
0.8313844218141506
0.3459732083528588
-0.2715880115023775
-0.7854118419007019
-0.9992350438596137
-0.8313844218141409
-0.34597320835284223
0.2715880115023671
0.7854118419007128
0.9992350438596133
0.8313844218141468
0.34597320835285233
-0.2715880115023841
-0.7854118419007061
-0.9992350438596128
-0.831384421814137
-0.3459732083528358
0.2715880115023737
0.7854118419006995
0.9992350438596135
0.831384421814143
0.3459732083528459
-0.2715880115023907
-0.7854118419006928
-0.999235043859613
-0.831384421814149
-0.34597320835282935
0.2715880115023803
0.7854118419007037
0.9992350438596138
0.831384421814155
0.34597320835283946
-0.27158801150236994
-0.7854118419007146
-0.9992350438596134
-0.8313844218141452
-0.3459732083528496
0.27158801150235956
0.7854118419007079
0.9992350438596129
0.8313844218141354
0.3459732083528597
-0.27158801150237655
-0.7854118419007012
-0.9992350438596125
-0.8313844218141413
-0.3459732083528432
0.27158801150239353
0.7854118419006946
0.9992350438596131
0.8313844218141473
0.3459732083528266
-0.27158801150238315
-0.7854118419007055
-0.9992350438596128
-0.8313844218141375
-0.34597320835283674
0.2715880115023728
0.7854118419006988
0.9992350438596135
0.8313844218141435
0.34597320835284684
-0.27158801150238976
-0.41006782168656614
0.20434066056908848
0.7406979557709628
0.9941338072659295
0.8678443337506011
0.41006782168657596
-0.20434066056907793
-0.7406979557709936
-0.9941338072659283
-0.8678443337506064
-0.4100678216865858
0.20434066056912303
0.7406979557709864
0.9941338072659271
0.8678443337506118
0.4100678216865956
-0.20434066056911246
-0.7406979557709792
0.33800853417584364
0.8266446504383478
0.9995306068517029
0.7906298442435105
0.27973535365430274
-0.33800853417583354
-0.8266446504383417
-0.9995306068517015
-0.7906298442434823
-0.2797353536543131
0.3380085341758234
0.8266446504383677
0.9995306068517018
0.7906298442434889
0.27973535365432345
-0.3380085341758132
-0.8266446504383616
-0.9995306068517021
-0.7906298442434955
-0.2797353536543338
0.33800853417580307
0.8266446504383556
0.9995306068517007
0.790629844243502
0.27973535365434415
-0.3380085341758464
-0.8266446504383814
-0.999530606851701
-0.7906298442435087
-0.2797353536543545
0.3380085341758363
0.8266446504383753
0.9995306068517014
0.7906298442435152
0.27973535365436486
-0.9682587528726418
-0.6364208798698913
-0.06149186190691787
0.5369249572729855
0.9302546921826524
0.9682587528726445
0.6364208798698557
0.061491861906928624
-0.5369249572729764
-0.9302546921826486
-0.9682587528726472
-0.6364208798698641
-0.06149186190688265
0.5369249572729673
0.9302546921826446
0.96825875287265
0.6364208798698285
0.06149186190689341
-0.5369249572729582
-0.9302546921826406
-0.9682587528726384
-0.6364208798698369
-0.06149186190690417
0.5369249572729492
0.9302546921826575
0.9682587528726411
0.6364208798698452
0.061491861906914934
-0.5369249572729401
-0.9302546921826536
-0.9682587528726295
-0.6364208798698534
-0.06149186190692569
0.536924957272931
0.9302546921826496
0.9682587528726323
0.6364208798698617
0.06149186190693645
-0.5369249572729698
-0.9302546921826665
-0.968258752872635
-0.6364208798698701
-0.061491861906890474
0.5369249572729607
0.9302546921826625
0.9682587528726376
0.6364208798698784
0.061491861906901236
-0.5369249572729516
-0.9302546921826585
-0.9682587528726404
-0.9948881518685903
-0.8642377375349907
-0.40347788182330874
0.2113968110360789
0.7455251071929775
0.9948881518685891
0.8642377375349961
0.4034778818233186
-0.21139681103601282
-0.7455251071929703
-0.3380523156970189
-0.8266708274253205
-0.9995291805851708
-0.7906013595088146
-0.27969069065193475
0.3380523156970087
0.8266708274253464
0.9995291805851728
0.7906013595088213
0.27969069065194513
-0.3380523156969986
-0.8266708274253403
-0.9995291805851715
-0.7906013595087931
-0.9540466648967239
-0.947974561844006
-0.8629678230164297
-0.40117191580489986
0.21385802791215017
0.7472014737337888
0.9951393530331538
0.8629678230164352
0.40117191580490974
-0.21385802791213965
-0.7472014737338194
-0.9951393530331527
-0.8629678230164406
-0.4011719158049196
0.2138580279121291
0.7472014737338123
0.9951393530331573
0.8629678230164174
-0.8202832050042784
-0.327434827588311
0.2904825248658874
0.7974454259592118
0.9998112785092783
0.8202832050042846
-0.704664328470324
-0.9871430506587836
-0.8925666792538614
0.06314901579894545
0.6377007240225061
0.968672430319848
0.9296441922000004
0.5355234701037198
-0.06314901579893469
-0.6377007240224978
-0.9686724303198453
-0.9296441921999834
-0.5355234701037289
0.06314901579892393
0.6377007240224896
0.9686724303198426
0.9296441921999874
0.535523470103642
-0.0631490157989699
-0.6377007240224812
0.6181890974572036
0.962141983039302
0.9385893331036204
0.5565274594004646
-0.038108988121082016
-0.6181890974571952
-0.9621419830393145
-0.9385893331036437
-0.5565274594004735
-0.7408596434115887
-0.9941598115202878
-0.867724721877427
-0.40984828135595786
0.20457627241280102
0.7408596434115815
0.9941598115202867
0.8677247218774606
0.4098482813559677
-0.20457627241279047
-0.7408596434115743
-0.9941598115202915
-0.867724721877466
-0.4098482813559775
0.20457627241277992
0.740859643411567
0.9941598115202843
0.8677247218774431
0.8339031646720921
0.3502368132893588
-0.2672080966583858
-0.7825885957518021
-0.9990468504761043
-0.8339031646720981
-0.35023681328947537
0.2672080966583754
0.7825885957517953
0.9990468504761039
0.8339031646720413
0.350236813289379
-0.26720809665836504
-0.7825885957517886
-0.9990468504761034
-0.83390316467211
-0.3502368132894956
0.26720809665835465
0.7825885957518527
0.999046850476103
0.8339031646720532
0.35023681328939915
-0.2672080966583443
-0.7825885957517752
-0.9990468504761024
-0.8339031646721219
-0.35023681328940925
0.26720809665833384
0.7825885957518393
0.999046850476107
0.8339031646720652
0.35023681328941936
0.5481394651159666
0.8384826886344053
0.9986475244480014
0.7773629487033699
0.25915214814891474
-0.3580459647408701
-0.8384826886343995
-0.9986475244480079
-0.7773629487033766
-0.2591521481489251
0.35804596474086003
0.8384826886344555
0.9986475244480025
0.7773629487033834
0.25915214814893556
-0.35804596474085
-0.8384826886343877
0.7662685931690991
0.8114671981540409
0.31299024596170005
-0.3050383420407451
-0.8065526512555504
-0.9999912614070997
-0.8114671981540472
-0.31299024596181824
0.3050383420406265
0.8065526512554769
0.9999912614070997
0.8114671981540534
0.31299024596172054
-0.30503834204072455
-0.8065526512555378
-0.9999912614070997
-0.8114671981540598
-0.3129902459618387
0.30503834204060604
0.8065526512555313
0.9999912614070996
0.8114671981539996
0.312990245961741
-0.305038342040704
-0.806552651255525
-0.9999912614070996
-0.8114671981540724
-0.3129902459618592
0.3050383420405855
0.23399884142236912
-0.38215745781874555
-0.8523425972272544
-0.9969618345543388
-0.7607755365681443
-0.23399884142237962
0.38215745781863053
0.8523425972271893
0.9969618345543485
0.7607755365681513
0.23399884142239008
-0.3821574578187256
-0.852342597227243
-0.9969618345543405
-0.7607755365681583
-0.23399884142240057
0.3821574578186106
0.8523425972272375
0.9969618345543413
0.7607755365681653
0.2339988414223005
-0.3821574578187057
-0.8523425972272318
-0.9969618345543422
-0.7607755365681724
-0.23399884142242153
0.38215745781869576
0.8523425972272262
0.9969618345543342
0.7607755365681056
0.2339988414223215
-0.38215745781868576
-0.8523425972272205
-0.9969618345543438
-0.7607755365681864
-0.2339988414224425
0.3821574578186758
0.8523425972272148
0.9969618345543358
0.7607755365681196
0.23399884142234245
-0.38215745781866584
-0.8523425972272093
-0.9969618345543455
-0.7607755365681266
-0.23399884142235294
0.3821574578186559
0.852342597227263
0.9969618345543375
0.7607755365681336
0.2339988414223634
-0.38215745781864596
-0.23150584441072197
0.38452502944815997
0.8536804115829103
0.9967588920230133
0.7591093542989668
-0.9943110088295986
-0.8670229259265495
-0.40856155434496627
0.20595644449989478
0.7418060817479597
0.9943110088295974
0.8670229259264982
0.40856155434487235
-0.20595644449999548
-0.7418060817479524
-0.9943110088295962
-0.8670229259265603
-0.4085615543448822
0.20595644449998493
0.7418060817479452
0.9943110088296072
0.867022925926509
0.40856155434489205
-0.20595644449997438
-0.7418060817479379
-0.994311008829594
-0.8670229259265143
-0.4085615543449019
0.20595644449996384
0.741806081748007
0.9943110088296049
0.8670229259265196
0.4085615543449117
-0.2059564444999533
-0.7418060817479235
0.9955113769345527
-0.20854494086812247
-0.7435778928341662
-0.994589363020607
-0.8657015013823128
-0.40614509032771073
0.20854494086811193
0.7435778928342349
0.9945893630206177
0.8657015013822613
0.4061450903277206
-0.20854494086810138
-0.7435778928341518
-0.9945893630206166
-0.8657015013823237
-0.40614509032773044
0.20854494086820202
0.7435778928342206
0.9945893630206155
0.8657015013822722
0.4061450903277403
-0.2085449408680803
-0.7435778928341373
-0.9945893630206144
-0.8657015013822775
-0.40614509032775015
0.20854494086818093
0.7435778928342062
0.9945893630206132
0.865701501382283
0.40614509032776
-0.20854494086805922
-0.743577892834199
-0.9945893630206121
-0.8657015013822315
-0.406145090327666
0.20854494086815986
0.7435778928341917
0.994589363020611
0.8657015013822937
0.40614509032777973
-0.20854494086803813
-0.7435778928341845
-0.9945893630206217
-0.8657015013822422
-0.4061450903276857
0.20854494086813877
0.7435778928341773
0.9945893630206087
0.8657015013823045
0.40614509032779944
-0.20854494086812822
0.8080604160872684
0.3074705394967134
-0.31056263264231015
-0.8099714347476279
-0.9999986786958931
-0.8080604160872747
-0.30747053949672365
0.3105626326422999
0.8099714347476882
0.9999986786958929
0.8080604160872811
0.3074705394967339
-0.31056263264228967
-0.8099714347476152
-0.9999986786958931
-0.8080604160872874
-0.30747053949674413
0.3105626326423875
0.4598444817452831
-0.14993098998524715
-0.7024379195084184
-0.9866374387660448
-0.8939749909882141
-0.4598444817452927
0.1499309899853489
-0.6887130152323534
-0.13101620792627836
0.47672433773079004
0.9023723896387691
0.9833448592142282
0.6887130152323612
0.13101620792617635
-0.4767243377306806
-0.9023723896387155
-0.9833448592142302
-0.6887130152323689
-0.13101620792607432
0.4767243377307711
0.9023723896387599
0.8585973897231083
0.3932914834636469
-0.2222384019931597
-0.7528807714939436
-0.9959482757603061
-0.8585973897231138
-0.39329148346365683
0.2222384019931492
0.7528807714939365
0.9959482757603153
0.858597389723061
0.3932914834635622
-0.22223840199313868
-0.7528807714939295
-0.9959482757603042
-0.8585973897231248
-0.39329148346367665
0.22223840199312817
0.7528807714939224
0.9959482757603134
0.8585973897230721
0.393291483463582
-0.22223840199311767
-0.7528807714939153
-0.9959482757603022
-0.8585973897231359
-0.39329148346369647
0.22223840199310715
0.7528807714939082
0.9959482757603115
0.8585973897230832
0.3932914834636018
-0.22223840199309663
-0.7528807714939011
-0.9959482757603105
-0.8585973897230886
-0.3932914834637163
0.22223840199319697
0.7528807714939688
0.9959482757603095
0.8585973897230942
0.39329148346362164
-0.22223840199307562
-0.7528807714938869
-0.9959482757603085
-0.8585973897230997
-0.3932914834636316
0.22223840199317596
0.7528807714939546
0.9959482757603076
0.8585973897231053
0.3932914834636415
-0.22223840199305459
-0.7528807714938727
-0.9959482757602964
-0.8585973897231107
-0.3932914834636514
0.22223840199315492
0.7528807714939404
0.9959482757603056
0.8585973897231163
0.39329148346366133
-0.22223840199314443
-0.7528807714939333
-0.9959482757602944
-0.8585973897230635
-0.3932914834635667
0.2222384019931339
0.7528807714939262
0.9959482757603038
0.8585973897231274
0.39329148346368115
-0.2222384019931234
-0.7528807714939192
-0.9959482757603028
-0.8585973897230746
-0.3932914834635865
0.22223840199311287
0.7528807714939121
0.9959482757603018
0.8585973897231384
0.39329148346370096
-0.2222384019932132
-0.752880771493905
-0.9959482757603009
-0.8585973897230856
-0.3932914834636063
0.22223840199309186
0.7528807714938979
0.9959482757602999
0.8585973897230912
0.3932914834637208
-0.2222384019931922
0.47351483459517396
-0.1346313807303229
-0.691352984569168
-0.9840012465262927
-0.9007944772826175
-0.47351483459518345
0.13463138073031222
0.6913529845692423
0.984001246526311
0.9007944772826222
0.47351483459519295
-0.13463138073030154
-0.6913529845691524
-0.984001246526289
-0.9007944772826763
-0.47351483459520244
0.13463138073029085
0.6913529845692268
0.9840012465263073
0.9007944772826315
0.47351483459521193
-0.13463138073028016
-0.691352984569219
-0.9840012465262851
-0.9007944772826856
-0.47351483459512134
0.1346313807302695
0.6913529845692112
-0.5384730166994749
-0.9309268050714904
-0.9677981949445718
-0.6350035685996518
-0.0596591620270453
0.5384730166994658
0.9309268050714865
0.9677981949445459
0.6350035685995723
0.05965916202705606
-0.5384730166994567
-0.9309268050714825
-0.9677981949445772
-0.6350035685996684
-0.05965916202706682
0.5384730166994477
0.9309268050715201
0.9677981949445513
0.635003568599589
0.059659162027077585
-0.5384730166994386
-0.9309268050715162
0.925634619473367
0.5264253319374527
-0.07386053985960765
-0.6459341958577164
-0.9712829435340279
-0.9256346194733711
-0.5264253319375585
0.07386053985948351
0.6758044010646009
0.9799825912419654
0.9098407399480285
0.4921706503432802
-0.11349189942744654
-0.6758044010646768
-0.979982591241986
-0.9098407399480801
-0.4921706503433886
0.11349189942732288
0.6758044010645851
0.9799825912419612
0.9098407399481317
0.49217065034349694
-0.11349189942719921
-0.6758044010646609
-0.8542784376288244
-0.9966657701410395
-0.7583606538828787
-0.23038754357207525
-0.6434678507578344
-0.970510248155389
-0.9268507171877083
-0.5291657147515666
0.07064260503852651
0.643467850757739
0.9705102481553589
0.926850717187755
0.5291657147516722
-0.07064260503840236
-0.6434678507578179
0.7604400552814987
0.9969214508227046
0.8526127362635232
0.38263493569275103
-0.23349640502973168
-0.7604400552815656
-0.9969214508227126
-0.8526127362634695
-0.38263493569265594
0.23349640502961067
0.7604400552814847
0.9969214508227029
0.8526127362635345
0.3826349356927709
0.9430662106693457
0.567456245366182
-0.024902718538673853
-0.607749690373842
-0.9584569371384449
-0.9430662106693114
-0.5674562453660973
0.024902718538549425
0.607749690373743
0.9584569371384094
0.9430662106693528
0.5674562453661998
-0.024902718538424993
-0.6077496903736442
-0.958456937138374
-0.9430662106693942
-0.5674562453663022
0.024902718538300565
0.607749690373726
0.9584569371384033
0.9430662106692844
-0.37751399354268533
0.23887618749147932
0.7640237840068983
0.9973402632450129
0.8497066602723292
0.3775139935428006
-0.23887618749135847
-0.7640237840069647
-0.9973402632450203
-0.849706660272155
-0.3775139935427053
0.2388761874916792
0.7640237840070311
0.9973402632450279
0.8497066602722206
0.37751399354261
-0.2388761874915583
-0.7640237840069508
-0.9973402632450188
-0.8497066602722863
-0.37751399354272525
0.23887618749143744
0.7640237840068705
0.9973402632450263
0.8497066602722321
0.37751399354263
-0.23887618749153738
-0.7640237840069369
-0.9973402632450338
-0.49056914293612375
-0.9090761766167339
-0.9803470091925807
-0.677158605026196
-0.11531862951428956
0.4905691429360153
0.909076176616682
0.9803470091925603
0.6771586050261202
0.11531862951418734
-0.490569142936105
-0.9090761766167249
-0.98034700919254
-0.6771586050260445
-0.11531862951408511
0.49056914293619464
0.9090761766167678
0.9803470091925647
0.6771586050261361
0.11531862951420875
-0.49056914293608617
-0.9090761766167159
0.6393828073910734
0.06533019784126151
-0.5336763267923477
-0.9288366335822649
-0.9692129163398161
-0.6393828073909943
-0.06533019784115883
0.5336763267922424
0.9288366335822188
0.9692129163398467
0.63938280739109
0.06533019784128304
-0.5336763267921372
-0.9288366335821727
-0.9692129163398214
-0.6393828073911857
-0.06533019784140723
0.5336763267922242
0.9288366335822108
0.9692129163397961
0.6393828073909318
0.06533019784130455
-0.5336763267923113
-0.9288366335822489
-0.9692129163398268
-0.6393828073910275
-0.06533019784120186
0.5336763267922059
0.9288366335822028
0.9692129163398574
-0.8569330026232549
-0.9962342284681053
0.7913834090129402
0.9995675831263146
0.8259509145380518
0.3368490696353371
-0.28091767078928637
-0.7913834090128642
-0.9995675831263109
-0.8259509145379937
-0.3368490696352402
0.2809176707893851
0.791383409012927
0.9995675831263139
0.8259509145379358
0.33684906963514333
-0.2809176707894839
-0.79138340901299
-0.9995675831263169
-0.825950914538006
-0.3368490696352605
0.2809176707893644
0.7913834090129139
0.9995675831263132
0.8259509145380761
0.3368490696353777
-0.28091767078924496
-0.7913834090129768
-0.9995675831263163
-0.825950914538018
-0.33684906963528083
0.28091767078934377
0.7913834090130397
