-0.6663788276770403
-0.10085126905329653
0.503198046540246
0.9150428114279661
0.9773723235114637
0.6663788276770403
0.10085126905329621
-0.5031980465402459
-0.915042811427966
-0.9773723235114637
-0.6663788276770404
-0.10085126905329589
0.5031980465402466
0.915042811427966
0.9773723235114637
0.6663788276770405
0.10085126905329689
-0.5031980465402465
-0.9150428114279662
-0.9773723235114636
-0.6663788276770399
-0.10085126905329612
-0.10741030973612835
-0.6712815502353786
-0.9787460545654343
-0.9123628324063532
-0.49748801834017237
0.10741030973612822
0.6712815502353758
0.9787460545654342
0.9123628324063519
0.4974880183401725
-0.10741030973612103
-0.6712815502353758
-0.22561794427926846
0.39010096430489966
0.8568145635687109
0.996254121605179
0.7551584666206439
0.22561794427927204
-0.3901009643049028
-0.8568145635687127
-0.9962541216051793
-0.7551584666206417
-0.22561794427926868
0.390100964304906
0.8568145635687108
0.9962541216051785
0.7551584666206395
0.22561794427926535
-0.39010096430490915
-0.8568145635687089
-0.9962541216051788
-0.7551584666206371
-0.22561794427927584
0.3901009643048992
0.8568145635687107
0.9962541216051785
-0.9859760562980175
-0.6995777639255678
-0.14596454350719842
0.463402171378546
0.8957650072582017
0.9859760562980193
0.6995777639255756
0.1459645435072091
-0.46340217137854905
-0.8957650072582033
-0.9859760562980164
-0.6995777639255629
-0.1459645435072057
0.4634021713785521
0.8957650072581985
0.9859760562980182
0.6995777639255707
0.1459645435072023
-0.46340217137855516
-0.8957650072582
-0.9859760562980177
-0.6995777639255683
-0.14596454350719892
0.4634021713785456
0.5617911229859964
0.9407610291179593
0.9603921974181913
0.6131861888348629
0.03176389754864364
-0.8791062508280142
-0.4310582519884287
0.18163934797960737
0.7249568907138249
0.9913655415737854
0.8791062508280125
0.4310582519884256
-0.18163934797961076
-0.7249568907138076
-0.9913655415737859
-0.8791062508280176
-0.9066326081229041
-0.4854822575840545
0.12110581441686044
0.6814355815457941
0.9814801176677653
-0.9997367235017751
-0.8222908683269177
0.8843866065329294
0.9898355627824231
0.717200977322401
0.17061999528989327
-0.4411320257830527
-0.8843866065329244
-0.9898355627824206
-0.7172009773224085
-0.17061999528987587
0.44113202578304306
0.8843866065329193
0.9898355627824181
0.717200977322416
0.1706199952898585
-0.4411320257830334
-0.8843866065329277
-0.9898355627824197
-0.7172009773224235
-0.17061999528986913
0.4411320257830237
0.8843866065329359
0.9898355627824212
0.7172009773224112
0.17061999528987976
-0.441132025783014
-0.8843866065329308
-0.9898355627824227
-0.717200977322399
-0.17061999528989036
0.44113202578302985
0.8843866065329258
0.9898355627824202
0.7172009773224064
0.170619995289901
-0.44113202578304567
-0.8843866065329208
-0.9898355627824177
-0.4280602135743698
0.1849030615298788
0.7272396517536066
0.9917954129741222
0.8775190363247517
0.42806021357435386
-0.1849030615298682
-0.7272396517536381
-0.9917954129741209
-0.8775190363247432
-0.42806021357436363
0.18490306152988553
0.7272396517536308
0.9917954129741194
0.8775190363247347
0.42806021357437335
-0.18490306152990288
-0.8294965482736341
-0.999361827628166
0.8055326307881783
0.3033966042159383
-0.3146266130954479
0.08638153261635645
0.6554723150677397
0.9741949518478235
0.9208082286906019
0.515704059294177
-0.08638153261634571
-0.655472315067753
-0.974194951847821
-0.9208082286906061
-0.5157040592941619
0.08638153261633497
0.6554723150677448
0.9741949518478186
0.9208082286905992
0.5157040592941711
-0.08638153261635254
-0.6554723150677367
-0.9741949518478162
-0.9208082286906034
-0.515704059294156
0.08638153261637012
0.6554723150677286
0.9741949518478201
0.9208082286906076
0.5157040592941409
-0.08638153261635938
-0.655472315067742
-0.9741949518478241
-0.9208082286906117
-0.5157040592941501
0.08638153261634864
0.6554723150677553
0.9741949518478217
0.2468542263185962
-0.3698855777271113
-0.8453416630294518
-0.9979059651608986
-0.7693041061771646
-0.24685422631860665
0.36988557772712766
0.845341663029446
0.9979059651608992
0.7693041061771533
0.24685422631858955
-0.36988557772711766
-0.8453416630294402
-0.9979059651608981
-0.7693041061771603
-0.24685422631857246
0.3698855777271076
0.8453416630294345
0.9979059651608988
0.7693041061771672
0.2468542263185829
-0.3698855777270976
-0.8453416630294287
-0.9979059651608996
-0.7693041061771376
-0.24685422631859333
0.3698855777270876
0.8453416630294229
0.9979059651608966
0.7693041061771446
0.2468542263186038
-0.3698855777270776
-0.8453416630294476
-0.9979059651608972
-0.7693041061771515
-0.24685422631861423
0.3698855777271204
0.8453416630294418
0.9979059651608979
0.7693041061771584
0.2468542263186247
-0.36988557772711034
-0.8453416630294665
0.8727082189169316
0.4190542644208839
-0.19466417595339922
-0.7340275175054278
-0.6187799868538572
-0.03886039301507101
0.5559025501393393
0.9383296135732438
0.962346657272704
0.6187799868538656
0.03886039301502498
-0.5559025501393304
-0.9383296135732401
-0.962346657272707
-0.618779986853874
-0.03886039301503575
0.5559025501393214
0.9383296135732364
0.9623466572727098
0.6187799868538826
0.03886039301504653
-0.5559025501393597
-0.9383296135732326
-0.9623466572727128
-0.618779986853891
-0.0388603930150005
0.5559025501393507
-0.9014836352919208
-0.9837167897305744
-0.6902035657960698
-0.13305603888381498
0.4749143724735845
0.9014836352919161
0.9837167897305763
-0.10637888810783587
-0.670512291392905
-0.9785327892404893
-0.9127870207044073
-0.49838763474901077
0.10637888810782514
0.6705122913929391
0.978532789240487
0.9127870207044118
0.49838763474902015
0.6858322076130985
0.1270834915453959
-0.48020679888359297
-0.9040744137678485
-0.9826163309519481
-0.6858322076131064
-0.12708349154540657
0.48020679888358353
0.9040744137678438
0.9826163309519396
0.6858322076130728
0.12708349154541726
-0.4802067988835741
-0.9040744137678393
-0.9914113172379868
0.9030400861728085
0.9830616262031964
0.6875870380596949
0.12947757160123174
-0.47808792642805875
-0.9030400861728038
-0.9830616262031879
-0.6875870380597028
-0.12947757160124243
0.47808792642804926
0.9030400861727993
0.9830616262031899
0.6875870380597106
0.12947757160125312
-0.4780879264280398
-0.9030400861727946
-0.9830616262031918
-0.6875870380596771
-0.1294775716012638
0.47808792642803033
0.9030400861728144
0.9830616262031938
0.6875870380596849
0.1294775716012745
-0.4780879264280708
-0.9030400861728342
-0.9830616262031854
-0.6875870380596928
-0.1294775716012852
-0.6838482527768296
-0.9821072403881879
-0.9052346427686264
-0.48259317940533475
0.12438247575196133
0.6838482527768217
0.9821072403881965
0.9052346427686069
0.4825931794053442
-0.12438247575195063
-0.6838482527768138
-0.9821072403881945
-0.9052346427686356
-0.48259317940530383
0.12438247575193993
0.6838482527768059
0.9821072403881924
0.9052346427686402
0.48259317940531327
-0.12438247575192925
-0.6838482527767981
-0.9821072403882011
-0.9052346427686447
-0.48259317940532276
0.12438247575191855
0.6838482527768317
0.9821072403881991
0.9052346427686252
0.4825931794053322
-0.12438247575190785
-0.6838482527768238
-0.9821072403881863
-0.9052346427686297
-0.48259317940534163
0.12438247575189715
0.6838482527768575
0.9821072403881843
0.9052346427686344
0.8564989690625088
0.9963068356900693
0.7555593543079172
0.7737962771083282
0.2536908551084923
-0.36331585090771934
-0.8415482505287821
-0.9983378216208865
-0.7737962771083351
-0.25369085510850276
0.3633158509077093
0.8415482505287764
0.9983378216208871
0.7737962771083419
0.25369085510851314
-0.36331585090769924
-0.8415482505287706
-0.9983378216208878
-0.7737962771083127
-0.25369085510852357
0.3633158509076892
0.8415482505287647
0.9983378216208851
0.7737962771083196
0.253690855108534
-0.36331585090767915
-0.8415482505287589
-0.9983378216208857
-0.7737962771083263
-0.25369085510854444
0.3633158509076691
0.841548250528753
0.998337821620883
0.7737962771083332
0.2536908551085549
-0.3633158509076591
-0.8415482505287779
-0.9983378216208837
-0.77379627710834
-0.2536908551085653
0.36331585090764906
0.8415482505287721
0.9983378216208844
0.7737962771083469
0.2536908551085757
-0.363315850907639
0.9295955210526805
0.5354119279726915
-0.06328082361085281
-0.6378024514110441
-0.9687052208802385
-0.9295955210526844
-0.5354119279727007
0.06328082361072859
0.6378024514109482
0.9687052208802075
0.9295955210526884
0.5354119279726137
-0.06328082361071784
-0.6378024514110274
-0.9687052208802331
-0.9295955210526924
-0.5354119279727189
0.06328082361070708
0.6378024514109316
0.9687052208802304
0.9295955210526964
0.535411927972728
-0.06328082361080978
-0.6378024514110108
-0.9687052208802277
-0.9295955210527004
-0.5354119279727371
0.06328082361068556
0.637802451410915
0.968705220880225
0.9295955210526624
0.5354119279727462
-0.06328082361078825
0.7918538045326433
0.2816564453453126
0.95716611744166
0.6041767073126841
0.02041233020127783
0.99991867226155
0.8164474512497817
0.32112105388873585
-0.2968626715545455
-0.8014549464550956
-0.9999186722615498
-0.8164474512497879
-0.3211210538888537
0.29686267155442664
0.8014549464550892
0.9999186722615497
0.8164474512497285
0.3211210538887562
-0.2968626715545249
-0.8014549464550828
-0.9999186722615495
0.7709417112865513
0.9980687269433508
0.8439674120161574
0.3674992310961031
-0.24934116526330974
-0.7709417112865444
-0.9980687269433572
-0.8439674120161023
-0.3674992310960074
0.2493411652632993
0.7709417112865375
0.9980687269433495
0.8439674120161691
0.36749923109612315
0.5206690427301492
0.9230568184104561
0.9728682630053354
0.6510770977082769
0.08059661038319868
-0.5206690427301401
-0.9230568184104957
-0.9728682630053115
-0.6510770977081988
-0.08059661038320942
0.5206690427301309
0.9230568184104477
0.972868263005314
0.6510770977082933
0.08059661038322018
-0.5206690427302187
-0.9230568184104874
-0.9728682630053165
-0.6510770977082152
-0.08059661038323092
0.5206690427301125
0.9230568184104395
0.972868263005319
0.6510770977082233
0.08059661038324166
-0.5206690427302003
-0.923056818410479
-0.9728682630053215
-0.6510770977082315
-0.08059661038325241
0.5206690427300941
0.9230568184104749
0.972868263005324
0.6510770977082397
0.08059661038314984
-0.5206690427301819
-0.9230568184104708
-0.9728682630053265
-0.6510770977082478
-0.0805966103832739
0.5206690427301727
0.9230568184104666
0.9728682630053027
0.6510770977082561
0.08059661038317133
-0.5206690427301636
-0.9230568184104625
-0.9728682630053315
-0.6510770977082643
-0.0805966103832954
0.5206690427301544
0.9230568184104583
0.9728682630053077
0.6510770977081861
0.08059661038319282
-0.5206690427301451
-0.9230568184104542
-0.9728682630053365
-0.6510770977082806
-0.08059661038320357
0.5206690427301359
0.9230568184104938
0.9728682630053127
0.6510770977082025
0.0805966103832143
-0.5206690427301267
-0.9230568184104458
-0.9728682630053151
-0.651077097708297
-0.08059661038322506
0.5206690427302145
0.9230568184104855
0.9728682630053176
0.6510770977082189
0.0805966103832358
-0.5206690427301083
-0.9230568184104376
-0.9728682630053201
-0.6510770977082271
-0.08059661038324654
0.5206690427301961
0.9230568184104772
0.9728682630053226
0.6510770977082352
0.0805966103832573
0.16528834558395414
0.7134215144031397
0.9890519130256573
0.8868980975105076
-0.940227758121219
-0.9608283108636795
-0.6144251062093923
-0.033332394524399386
0.5604921589424923
0.9402277581212153
0.9608283108636825
0.6144251062093111
0.03333239452429654
-0.5604921589425774
-0.9402277581212116
-0.9608283108636854
-0.6144251062094094
-0.03333239452442094
0.5604921589425685
0.940227758121208
0.9608283108636569
0.6144251062093281
0.03333239452431809
-0.6271764786977176
-0.9652089506382636
-0.9345644096806407
-0.5469480289010216
0.04958390883901192
0.6271764786977092
0.9652089506382905
0.9345644096806041
0.5469480289009354
-0.0495839088391147
-0.6271764786977008
-0.965208950638258
-0.9345644096806484
-0.5469480289009444
0.049583908839103935
0.6271764786976924
0.9652089506382848
0.9345644096806117
0.5469480289009535
-0.049583908839093166
-0.627176478697684
0.805113445255437
0.9999781468616441
0.812885184373799
0.3152977104064113
-0.30272277236119477
-0.8051134452554306
-0.9999781468616432
-0.8128851843738715
-0.31529771040652943
0.3027227723611845
0.8051134452554242
0.999978146861644
0.8128851843738115
0.3152977104064318
-0.30272277236117423
-0.8051134452554178
-0.9999781468616431
-0.8128851843738177
-0.315297710406442
0.30272277236116396
0.8083217173110636
0.3078927109153647
-0.3101408461616487
-0.8097111413045738
-0.9999993015386442
-0.8083217173110699
-0.3078927109152668
0.31014084616174653
0.8097111413046342
0.9999993015386441
0.43919278456935396
0.8833764896281965
0.9901404005116629
0.7187043320341366
0.17274763658115724
-0.4391927845693443
-0.8833764896281915
-0.9901404005116484
-0.7187043320340651
-0.17274763658127984
0.4391927845693346
0.8833764896281864
0.9901404005116499
0.7187043320340726
0.17274763658117848
-0.43919278456942706
-0.8833764896282347
-0.9901404005116514
-0.7187043320340801
-0.17274763658130107
0.4391927845693152
0.8833764896282296
0.990140400511653
0.7187043320340876
0.1727476365811997
-0.4391927845694077
-0.8833764896282246
-0.9901404005116544
-0.7187043320340951
-0.17274763658121034
0.43919278456929584
0.8833764896282728
0.99014040051164
0.7187043320341026
0.17274763658122094
-0.4391927845693883
-0.8833764896282145
-0.9901404005116574
-0.7187043320340311
-0.17274763658123157
0.4391927845693786
0.8833764896282627
0.9901404005116431
0.7187043320340385
0.1727476365812422
-0.43919278456936894
-0.8833764896282044
-0.9901404005116605
-0.718704332034046
0.9999179657771986
0.8164793674821726
0.32117340192178234
-0.2968098868901573
-0.8014218871070774
-0.9999179657771985
-0.8164793674821132
-0.7889472744977402
-0.9994428080723006
-0.8281851587749092
0.18213598058082
0.7253046788023559
0.9914316419207534
0.8788654153474889
0.4306024716483028
0.9940568903393974
0.7402215374566553
0.20364671647008464
-0.41071422851066297
-0.8681962978635404
-0.9940568903393986
-0.7402215374566625
-0.2036467164700952
0.41071422851054945
0.8681962978635914
0.9940568903393874
0.7402215374566697
0.20364671647010574
-0.41071422851064326
-0.8681962978635297
0.42102182023295276
-0.1925371050308584
-0.7325534002683957
-0.9927591951777336
-0.8737647201731418
-0.4210218202329626
0.19253710503084784
0.7325534002684657
0.992759195177746
0.873764720173147
0.42102182023297235
-0.19253710503083726
-0.732553400268381
-0.992759195177731
-0.8737647201730969
-0.4210218202329821
0.1925371050308267
0.7325534002684511
0.9927591951777434
0.8737647201731575
0.4210218202329919
-0.1925371050308161
-0.7325534002684437
-0.9927591951777421
-0.873764720173218
-0.4210218202328986
0.1925371050309171
0.7325534002684364
0.9927591951777408
0.873764720173168
0.42102182023301143
-0.19253710503079494
-0.7325534002684291
-0.9927591951777395
-0.8737647201731732
-0.4210218202329181
0.19253710503089594
0.7325534002684218
0.9927591951777383
0.8737647201731784
0.42102182023303103
-0.1925371050307738
-0.7325534002684144
-0.9927591951777369
-0.8737647201731837
-0.42102182023293766
0.19253710503087476
0.7325534002684071
0.9927591951777356
0.873764720173189
0.42102182023294743
-0.19253710503075264
-0.7325534002684772
-0.992759195177748
-0.8737647201731942
-0.42102182023295726
0.1925371050308536
0.7325534002683923
0.2203459813389181
-0.39507489338575985
-0.8595905869388882
-0.9957718926907638
-0.7516021804766679
-0.22034598133881772
0.3950748933857499
0.8595905869388827
0.8657458554228099
0.4062260663615012
-0.20845827293371863
-0.7435186372043663
-0.9945801533319818
-0.8657458554228152
-0.4062260663615111
0.20845827293381927
0.7435186372044351
0.9945801533319807
0.8657458554228207
0.4062260663615209
-0.20845827293369754
-0.743518637204352
-0.9945801533319796
-0.865745855422826
-0.4062260663615308
0.20845827293379818
0.7435186372044207
0.9945801533319785
0.8657458554228314
0.4062260663615406
-0.20845827293378763
-0.7435186372043375
-0.9945801533319891
-0.8657458554227799
-0.4062260663615505
0.20845827293377708
0.7435186372044064
0.9945801533319761
0.8657458554228422
0.4062260663614565
-0.20845827293376656
-0.7435186372043991
-0.9945801533319869
-0.8657458554228477
-0.4062260663614663
0.20845827293375602
0.7435186372043919
0.9945801533319858
0.8657458554227961
0.4062260663614762
-0.20845827293374547
-0.7435186372043847
-0.9945801533319847
-0.8657458554228015
-0.406226066361486
0.5769110636536805
0.946837945096381
0.9551049133503984
0.5985542675266148
0.013376235618979332
-0.5769110636535789
-0.9468379450963409
-0.955104913350368
-0.5985542675265324
-0.01337623561864908
0.576911063653663
0.9468379450963741
0.9551049133503374
0.5985542675264499
0.013376235618773536
-0.576911063653747
-0.9468379450964072
-0.9551049133503743
-0.5985542675265496
-0.013376235618897994
0.5769110636536453
0.9468379450963671
0.9551049133504111
0.5985542675266493
0.013376235618795097
-0.5769110636537294
-0.9468379450964002
-0.9551049133503807
-0.5985542675265669
-0.013376235618692198
0.5769110636538134
0.9468379450964333
0.9551049133503502
0.5985542675264844
0.013376235618816656
-0.5769110636537118
-0.9468379450963933
-0.955104913350387
-0.5985542675265842
-0.013376235618941112
0.5769110636536101
0.9468379450963532
0.9551049133503566
0.5985542675265018
0.013376235618838215
-0.5769110636536942
-0.9468379450963863
-0.9551049133503261
-0.5985542675264193
-0.013376235618735318
0.9939832138657256
0.8685309056455637
0.41132931174834253
-0.20298609866751932
-0.7397677186361346
-0.993983213865737
-0.8685309056455127
-0.411329311748456
0.20298609866739745
0.7397677186360507
0.9939832138657233
0.8685309056455744
0.41132931174856946
-0.20298609866727557
-0.73976771863612
-0.9939832138657096
-0.8685309056455234
-0.41132931174847565
0.20298609866737635
0.7397677186361893
0.9939832138657458
0.8685309056454724
0.41132931174838183
-0.2029860986674771
-0.7397677186361055
-0.9939832138657322
-0.8685309056455341
-0.4113293117484953
0.20298609866735523
0.7397677186360218
0.9939832138657186
0.8685309056455958
0.41132931174860876
-0.20298609866745598
0.29639394812114783
0.8011613164019086
0.9999122922887722
0.8167307582901735
0.3215858342822275
-0.296393948121029
-0.8011613164018341
-0.9999122922887735
-0.8167307582901142
-0.32158583428213
0.29639394812112724
0.8011613164020317
0.999912292288775
0.8167307582900548
0.3215858342820326
-0.29639394812122555
-0.8011613164019572
-0.9999122922887733
-0.8167307582901266
-0.32158583428215043
0.29639394812110664
0.8011613164018827
0.9999122922887717
0.8167307582900672
0.321585834282053
-0.29639394812120495
-0.8011613164019443
-0.999912292288773
-0.8167307582900079
-0.9984290025448259
-0.7748115524647459
-0.2552424242192278
0.3618206347071084
0.8406805090065228
0.9984290025448201
0.7748115524646808
0.3762511852238332
0.8489870421608285
0.9974387050008466
0.76490268422513
0.2401998361612434
-0.3762511852239286
-0.8489870421610031
-0.9974387050008392
-0.7649026842250637
-0.24019983616136423
0.3762511852238133
0.8489870421609373
0.9974387050008482
0.7649026842251438
0.24019983616148505
-0.37625118522369794
-0.8489870421608715
-0.9974387050008571
-0.764902684225224
-0.24019983616138516
0.3762511852237933
0.848987042161046
0.9974387050008496
0.7649026842251577
0.24019983616128526
-0.3762511852238886
-0.8489870421609803
-0.9974387050008423
-0.7649026842250914
-0.24019983616140608
0.3762511852237733
0.8489870421609146
0.9974387050008512
0.7649026842251716
0.24019983616152693
-0.37625118522365797
-0.8489870421609689
-0.9974387050008439
-0.7649026842251053
-0.24019983616142704
0.37625118522375334
0.8489870421610233
0.9974387050008365
0.764902684225039
0.24019983616132712
-0.3762511852238487
-0.8489870421609576
-0.9974387050008454
-0.7649026842251192
