0.8570696151658052
-0.3177477285439113
-0.8143867645021476
-0.9999577364086198
-0.8035788403204076
-0.30026013987002365
0.31774772854391165
0.8143867645021479
0.9053328050823994
0.48279555217971554
-0.12415319203834627
-0.6836796367095527
-0.9820636975738902
-0.9053328050823994
-0.48279555217971565
0.12415319203834614
0.6836796367095526
0.9820636975738902
0.9053328050823995
0.48279555217971576
-0.12415319203834603
-0.6836796367095499
-0.9820636975738902
-0.9053328050824011
-0.48279555217971587
0.1241531920383459
0.6836796367095498
0.9820636975738901
0.714150415887341
0.989204958296557
0.8864168284764065
0.4450475983781633
-0.166314687689034
-0.7141504158873434
-0.9892049582965575
-0.8864168284764115
-0.44504759837816027
0.4306721282085849
-0.18206009135542214
-0.7252515440165745
-0.9914215572567329
0.41312765670743007
0.8695075272262519
0.9937650758185229
0.7384381422807351
0.20105293698103346
-0.4131276567074332
-0.8695075272262571
-0.9937650758185234
-0.7384381422807328
-0.20105293698103008
0.41312765670742985
0.8695075272262552
0.9937650758185229
0.7384381422807353
0.2010529369810337
-0.41312765670742646
-0.8695075272262535
0.6786290455308971
0.9807396423183886
0.9082410298546664
0.48882521396367823
-0.11730521910350333
-0.6786290455308892
-0.9807396423183865
-0.9082410298546709
-0.48882521396367523
0.11730521910350675
0.6786290455309021
0.9807396423183872
0.9082410298546695
0.4888252139636846
-0.11730521910349603
-0.6786290455308942
-0.9807396423183878
0.7775962895606557
0.9986667458964018
0.8382804487339729
0.3576995122596765
-0.25951048013855804
-0.777596289560658
-0.9986667458964013
-0.8382804487339788
-0.3576995122596866
0.2595104801385476
0.7775962895606601
0.9986667458964021
0.8382804487339691
0.3576995122596701
-0.25951048013855094
-0.7775962895606533
-0.9986667458964024
-0.838280448733975
-0.35769951225968016
0.2595104801385542
0.7775962895606554
0.9986667458964026
0.8382804487339731
-0.8695570404358287
-0.41321895353982563
0.20095472881271492
0.7383705349588379
0.9937538930421087
0.869557040435827
0.41321895353983545
-0.20095472881271828
-0.7383705349588114
-0.993753893042109
-0.8695570404358394
-0.41934744298877513
0.19434742156246407
0.733808176702726
0.9929791495651636
0.8728658374136645
0.4193474429887591
-0.1943474215624535
-0.7338081767027573
-0.9929791495651623
-0.8728658374136559
-0.41934744298876886
0.19434742156244292
0.73380817670275
0.9929791495651611
0.8728658374136473
0.4193474429887787
-0.19434742156246024
-0.7338081767027427
-0.9929791495651632
-0.8728658374136525
-0.41934744298878845
0.19434742156247753
0.7338081767027353
0.9929791495651619
0.8728658374136578
0.4193474429887724
-0.19434742156246695
-0.7338081767027473
-0.992979149565164
-0.8728658374136631
-0.41934744298878224
0.19434742156245638
0.73380817670274
0.9837852284867361
0.9013185841940099
0.47457887543112687
-0.13343383340378664
-0.6904793531275986
-0.9837852284867393
-0.9013185841940146
-0.47457887543108634
0.13343383340377596
0.6904793531276113
0.9837852284867373
0.9013185841940192
0.47457887543109584
-0.13343383340376527
-0.6904793531276241
-0.9837852284867354
-0.9013185841939992
-0.47457887543110533
0.1334338334038109
0.6904793531276163
0.9837852284867385
0.9013185841940039
0.4745788754311148
-0.13343383340380022
-0.6904793531276086
-0.9837852284867418
-0.9013185841940086
-0.4745788754310993
0.13343383340378956
0.6904793531276007
0.9837852284867398
0.901318584194001
0.47457887543110877
-0.13343383340377887
-0.6904793531276134
0.6105436427533193
0.02842448243077371
-0.5645518640677033
-0.9418885869044258
-0.9594558831592708
-0.6105436427533053
-0.028424482430756074
0.5645518640676944
0.9418885869044221
0.9594558831592658
0.6105436427533139
0.02842448243079526
-0.564551864067709
-0.9418885869044185
-0.9594558831592689
-0.6105436427533224
-0.028424482430806038
0.6978002165909509
0.14350610210950057
-0.4656024657847211
-0.8968667169949655
-0.9855583656916622
-0.47561508605643554
-0.901828045120203
-0.983573342955928
-0.6896270542108331
-0.13226667031869677
0.4756150860564511
0.9018280451201983
0.9835733429559198
0.689627054210841
0.13226667031870745
-0.4756150860564416
-0.9018280451202183
-0.9835733429559217
-0.6896270542108488
-0.1322666703186618
0.4756150860564321
0.9018280451202136
0.9835733429559237
0.6896270542108155
0.13226667031867248
-0.4756150860564226
-0.901828045120209
-0.9835733429559256
-0.6896270542108233
-0.13226667031868317
0.4756150860564131
0.9018280451202043
0.9835733429559276
0.689627054210831
0.13226667031869385
-0.47561508605645364
-0.9018280451201997
-0.9835733429559295
-0.6896270542108389
-0.1322666703186482
0.47561508605644415
0.901828045120195
0.9835733429559211
0.6896270542108467
0.13226667031865888
-0.4756150860564347
-0.9018280451202149
-0.9835733429559231
-0.6896270542108545
-0.13226667031866957
0.4756150860564252
0.9018280451202102
0.983573342955925
0.6896270542108212
0.13226667031868025
-0.4756150860564157
-0.9018280451202055
-0.983573342955927
-0.6896270542108289
-0.13226667031869094
0.47561508605645625
0.9018280451202009
0.9835733429559289
0.15713295603179167
-0.4533602330798925
-0.8906852223026454
0.6824051756344143
0.9817331965691592
0.9060725042985958
0.48432291165768065
-0.12242157170617396
-0.6824051756344064
-0.9817331965691571
-0.9060725042986003
-0.48432291165764035
0.12242157170616326
0.6824051756343985
0.9817331965691551
0.9060725042985808
0.4843229116576498
-0.12242157170615256
-0.6824051756343906
-0.981733196569153
0.9971448655183797
0.851092196191096
0.3799512354786281
-0.23631818311914976
-0.7623220879250777
-0.9971448655183789
-0.8510921961911017
-0.379951235478638
0.23631818311913927
0.7623220879250707
0.9971448655183823
0.02605369197019631
-0.5665078460516149
-0.9426826417752376
-0.9587847089452257
-0.608663605191822
-0.026053691970207085
0.566507846051606
0.942682641775234
0.9587847089452287
0.6086636051918306
0.02605369197021786
-0.5665078460515971
-0.9426826417752304
-0.9587847089452318
-0.6086636051918392
-0.02605369197022864
0.5665078460516351
0.9426826417752457
0.9587847089452349
0.7590502752429588
0.23141755728185737
-0.38460880196739405
-0.8537276712374896
-0.9967515872311852
-0.7590502752429288
-0.23141755728186786
0.3846088019673841
0.853727671237484
0.9967515872311815
0.7590502752429359
0.23141755728187835
-0.3846088019673742
-0.8537276712374784
-0.9967515872311824
-0.7590502752429429
-0.23141755728188884
0.3846088019673642
0.8537276712374728
0.9967515872311786
0.7590502752429499
0.23141755728189933
-0.38460880196735425
-0.8537276712374968
-0.9967515872311795
-0.7590502752429569
-0.23141755728190982
0.3846088019673443
0.8537276712374912
0.9967515872311804
0.7590502752429639
0.23141755728192032
-0.3846088019673344
-0.8537276712375151
-0.9967515872311813
-0.759050275242971
-0.2314175572819308
0.3846088019673769
0.8537276712375096
0.9967515872311821
0.759050275242978
0.23141755728194127
-0.3846088019673669
0.9908578428846619
0.7223226664942439
0.17788478234738875
-0.43449904257465655
-0.8809190013125663
-0.9908578428846634
-0.7223226664942121
-0.17788478234739935
0.43449904257469807
0.8809190013125612
0.9908578428846648
0.7223226664942195
0.17788478234746588
-0.43449904257468835
-0.8809190013125561
-0.9908578428846664
-0.7223226664941876
-0.1778847823474765
0.43449904257467864
0.880919001312551
0.9908578428846602
0.7223226664942737
0.1778847823474312
-0.4344990425746689
-0.8809190013125459
-0.9908578428846616
-0.7223226664942418
-0.1778847823474418
0.4344990425746592
0.8809190013125408
0.990857842884663
0.7223226664942493
0.1778847823474524
0.6007081897426086
0.9558988503053967
0.9459686398584807
0.5747105612771445
-0.016067418018571738
-0.6007081897426
-0.9558988503054102
-0.9459686398584657
-0.5747105612771533
0.01606741801856096
0.6007081897425913
0.9558988503054071
0.9459686398584692
0.5747105612771156
-0.016067418018550182
-0.6007081897425828
-0.9558988503054039
-0.9459686398584727
-0.5747105612771244
0.016067418018539403
0.6007081897426195
0.9558988503054174
0.9459686398584762
0.5747105612771333
-0.016067418018528623
-0.600708189742611
0.16071597187397846
0.7101664063632119
0.9883574112900889
0.8890294781370398
0.8746210985155334
0.9925458018782085
0.7313517443144012
0.19080617815403672
-0.42262086279769656
-0.874621098515528
-0.9925458018782237
-0.7313517443144085
-0.1908061781541589
0.4226208627976868
0.874621098515578
0.9925458018782112
0.731351744314416
0.19080617815405787
-0.422620862797677
-0.8746210985155176
-0.9925458018782263
-0.7313517443144233
-0.19080617815406845
0.42262086279766725
0.8746210985155676
0.9925458018782137
0.7313517443144306
0.19080617815407905
-0.4226208627976575
-0.8746210985155072
-0.9925458018782151
-0.731351744314438
-0.19080617815408962
0.42262086279775074
0.8746210985155571
0.9925458018782164
0.7313517443144454
0.1908061781541002
-0.42262086279763794
-0.8746210985154967
-0.9925458018782177
-0.7313517443143751
-0.1908061781541108
0.4226208627977312
-0.6574220357941758
0.8512247136824725
0.38018474876913944
-0.23607286816959436
-0.7621586732892232
-0.9971257700329177
-0.8512247136824782
-0.38018474876925457
0.23607286816958387
0.7621586732891426
0.9971257700329169
0.8512247136824241
0.38018474876915936
-0.2360728681695734
-0.7621586732892093
-0.997125770032916
-0.8512247136824894
-0.3801847487692745
0.23607286816956294
0.7621586732892023
0.9971257700329152
0.8512247136824355
0.3801847487691793
-0.23607286816955245
-0.7621586732891953
-0.9971257700329144
-0.8512247136825007
-0.3801847487691893
0.23607286816954198
0.7621586732891883
0.9971257700329222
0.8512247136824468
0.3801847487691993
-0.2360728681695315
-0.7621586732891813
-0.9971257700329128
-0.8512247136824524
-0.3801847487692092
0.2360728681696315
0.7621586732892479
0.9971257700329206
0.8512247136824581
0.3801847487692192
-0.23607286816951054
-0.7621586732891673
-0.9971257700329111
-0.8512247136824638
-0.380184748769124
0.23607286816961054
0.7621586732892339
0.9971257700329189
0.8512247136824694
0.38018474876923913
-0.2360728681694896
-0.7621586732891534
-0.9971257700329181
-0.8512247136824751
-0.380184748769144
0.23607286816958958
0.76215867328922
-0.27954168495412984
0.3381983709948465
0.8267581441635388
0.999524406737569
0.7905063185229515
0.27954168495414017
-0.3381983709947294
-0.8267581441634688
-0.9995244067375728
-0.790506318522958
-0.27954168495415055
0.3381983709948262
0.8267581441635267
0.9995244067375697
0.7905063185229647
0.2795416849541609
-0.33819837099470906
-0.8267581441635207
-0.99952440673757
-0.7905063185229713
-0.27954168495406206
0.33819837099480593
0.8267581441635146
0.9995244067375704
0.7905063185229779
0.2795416849541816
-0.3381983709946888
-0.8267581441635085
-0.9995244067375672
-0.7905063185229845
-0.27954168495408277
0.3381983709947856
0.8267581441635025
0.999524406737571
0.7905063185229911
0.2795416849542023
-0.3381983709947755
-0.8267581441634964
-0.9995244067375678
-0.7905063185229281
-0.2795416849541035
0.33819837099476535
0.8267581441634902
0.9995244067375717
0.7905063185230042
0.27954168495411386
-0.3381983709947552
-0.8267581441635482
-0.9995244067375685
-0.7905063185229413
-0.2795416849541242
0.33819837099474503
0.8267581441634781
0.9995244067375688
0.7905063185230174
0.27954168495413456
-0.3381983709948419
-0.8267581441635361
-0.9995244067375691
-0.7905063185229545
-0.2795416849541449
0.3381983709947248
0.826758144163466
0.9995244067375695
0.7905063185228914
0.27954168495415527
-0.3381983709948216
-0.8267581441635239
-0.9995244067375698
-0.7905063185229677
-0.2795416849541656
0.33819837099470446
0.8267581441635179
0.9995244067375701
0.7905063185229046
0.2795416849540668
-0.3381983709948013
-0.8267581441635118
-0.9995244067375705
-0.7905063185229809
-0.27954168495407716
0.33819837099479116
0.8267581441635057
-0.5990396349926971
-0.013982205821260977
0.5764159507361087
0.9466428057698867
0.9552842842051608
0.5990396349927056
0.013982205821385431
-0.5764159507360069
-0.9466428057698466
-0.9552842842051639
-0.5990396349927143
-0.013982205821282536
0.5764159507360911
0.9466428057698797
0.9552842842051671
0.599039634992723
0.01398220582140699
-0.5764159507360822
-0.9466428057698762
-0.9552842842051703
-0.5990396349926406
-0.013982205821304095
0.5764159507360734
0.9466428057698728
0.9552842842051735
0.5990396349927402
0.01398220582142855
-0.5764159507360647
-0.9466428057699059
-0.9552842842051766
-0.5990396349926578
-0.013982205821325654
0.5764159507360558
0.9466428057698658
0.9552842842051799
0.5990396349927575
0.013982205821336434
-0.576415950736047
-0.946642805769899
-0.9552842842051494
-0.5990396349926751
-0.013982205821347213
0.5764159507360382
0.9466428057698589
0.9552842842051862
0.5990396349926836
-0.5469649982251712
0.049563663677849965
0.6271606906629911
0.9652036502226332
0.9345716214627227
0.5469649982251802
-0.0495636636778392
-0.6271606906629826
-0.9652036502226006
-0.934571621462686
-0.546964998225094
0.04956366367782843
0.6271606906629742
0.9652036502226276
0.9345716214627303
0.5469649982251983
-0.049563663677817664
-0.6271606906629659
-0.9652036502226247
-0.9345716214626938
-0.5469649982251121
0.04956366367792044
0.6271606906629574
0.9652036502226219
0.934571621462738
0.5469649982252163
-0.04956366367779613
-0.6271606906629491
-0.9652036502226191
-0.9345716214627419
-0.5469649982251301
0.04956366367789891
0.6271606906629407
0.9652036502226162
0.9345716214627456
0.5469649982251392
-0.049563663677774594
-0.6271606906630208
-0.9652036502226432
-0.9345716214627495
-0.5469649982251482
0.04956366367787737
0.6271606906629239
0.9652036502226106
0.9345716214627534
0.5469649982251572
-0.04956366367786661
-0.6271606906630041
-0.9652036502226375
-0.9345716214627168
-0.5469649982251662
0.04956366367785584
0.627160690662907
0.9954234921757769
0.7491446632056383
0.21671803538156068
-0.39848751598316456
-0.8614843803349073
-0.9954234921757779
-0.7491446632055702
-0.2167180353814602
0.39848751598325893
-0.8216990280688956
-0.32977692675559017
0.28810875187313906
0.7959466797424328
0.999760029182768
0.8216990280689018
0.329776926755493
-0.07041803579206764
0.5293567282272158
0.9269352142371592
0.9704559537777003
0.6432955035597983
0.07041803579207839
-0.5293567282272067
-0.9269352142371978
-0.9704559537776756
-0.6432955035598065
-0.07041803579208913
0.529356728227294
0.9269352142371938
0.9704559537777055
0.6432955035597276
0.0704180357919865
-0.5293567282272849
-0.9269352142371897
-0.9704559537776807
-0.643295503559823
-0.07041803579211064
0.5293567282272758
-0.33703168659340044
-0.8260602415560074
-0.9995618609990851
-0.7912648233987088
0.9999719205653884
0.8045894916335798
0.30188122388865807
-0.31613541081623797
-0.8133990636367515
-0.9999719205653885
-0.8045894916335863
-0.30188122388877675
0.3161354108161199
0.8133990636367453
0.9999719205653885
0.8045894916335926
0.30188122388867866
-0.31613541081621754
-0.813399063636739
-0.9999719205653886
-0.804589491633599
-0.30188122388868893
0.31613541081609947
0.8133990636367989
0.9999719205653879
0.8045894916336055
0.3018812238886992
-0.31613541081619706
-0.8133990636367264
-0.9999719205653887
-0.8045894916336118
-0.30188122388870947
0.31613541081618685
0.8133990636367864
-0.8658255093575458
-0.40637151166581686
0.20830259142256774
0.7434121845322199
0.9945635908014065
0.8658255093575512
0.4063715116657229
-0.2083025914226684
-0.7434121845322887
-0.9945635908014053
-0.8658255093575565
-0.4063715116657327
0.20830259142254667
0.7434121845322055
0.9945635908014161
0.865825509357562
0.40637151166574254
-0.20830259142264732
-0.7434121845322743
-0.9945635908014031
-0.8658255093575673
-0.4063715116657524
0.20830259142263677
0.7434121845323431
0.7190811599476741
0.9902161921461781
0.8831222951553143
0.43870569763794715
-0.17328156531886857
-0.7190811599476665
-0.9902161921461765
-0.8831222951553727
-0.43870569763805894
0.17328156531896993
0.7190811599476591
0.9902161921461751
0.8831222951553245
0.4387056976379665
-0.17328156531884734
-0.7190811599476515
-0.9902161921461894
-0.8831222951553295
-0.4387056976379762
0.1732815653189487
0.719081159947723
0.9902161921461878
0.8831222951553346
0.4387056976379859
-0.1732815653188261
-0.7190811599476366
-0.9902161921462023
-0.8831222951552863
-0.43870569763809775
0.17328156531892747
0.7190811599477082
0.9902161921461848
0.8831222951553447
0.43870569763800527
-0.17328156531880487
-0.7190811599476216
-0.9902161921461993
-0.8831222951552964
-0.4387056976379128
0.17328156531890623
0.7190811599476932
0.9902161921461818
0.8831222951553548
0.43870569763802464
-0.17328156531878364
-0.7190811599476066
-0.9902161921461962
-0.8831222951553065
-0.43870569763793216
0.173281565318885
0.7190811599476782
0.9902161921461788
0.8831222951553649
0.4387056976378397
-0.17328156531898634
-0.7190811599477497
-0.9902161921461932
-0.8831222951553166
-0.43870569763795153
-0.9849468500601981
-0.89844180782577
-0.46876253191582523
0.13996809853349365
-0.4677013284105637
-0.8979138131144809
-0.9851537401766748
-0.6960984226353905
-0.14115716716259644
0.46770132841065465
0.8979138131145262
0.454420094447983
0.8912253369296428
0.987612792339282
0.7067657287995361
0.15595817894175404
-0.45442009444807463
-0.8912253369296895
-0.9876127923392659
-0.7067657287994634
-0.155958178941877
0.4544200944479638
0.891225336929633
0.9876127923392855
0.7067657287995515
0.15595817894199993
-0.45442009444785286
-0.8912253369296796
-0.9876127923392692
-0.7067657287994786
-0.15595817894189828
0.45442009444794457
0.8912253369297264
0.9876127923392531
0.7067657287994058
0.15595817894179664
-0.4544200944480362
-0.8912253369296699
-0.9876127923392727
-0.706765728799494
-0.15595817894191957
0.45442009444792536
0.8912253369296135
0.9876127923392922
0.7067657287994211
-0.36181825844101356
-0.8406791286601372
-0.9984291453637587
-0.7748131638969632
-0.2552448887523934
0.36181825844089754
0.8406791286600698
0.9984291453637657
0.7748131638970419
0.25524488875229384
-0.36181825844099347
-0.8406791286601254
-0.9984291453637472
-0.7748131638969769
-0.25524488875219437
-0.9995108071758008
-0.7902380506538975
-0.2791212179854714
0.3386104329719889
0.8270044074794775
0.9995108071757975
0.7902380506538345
0.2791212179855909
-0.33861043297187177
-0.8270044074794074
-0.9995108071758014
-0.7902380506539107
-0.27912121798571043
-0.9931973744743879
-0.8719570406454941
-0.4176587540196403
0.1961709809426607
0.7350700687914331
0.9931973744743999
0.8719570406453323
0.41765875401954683
-0.1961709809427616
-0.7350700687913487
-0.9931973744743855
-0.8719570406453933
-0.4176587540196599
0.19617098094263957
0.7350700687912644
0.993197374474371
0.8719570406453429
0.417658754019773
-0.1961709809425175
-0.7350700687913341
-0.9931973744743829
-0.8719570406452926
-0.4176587540194729
0.19617098094261842
0.7350700687914039
0.9931973744743949
0.8719570406453534
0.417658754019586
-0.19617098094271931
-0.7350700687913195
-0.9931973744743805
-0.8719570406454143
-0.4176587540196991
0.19617098094259727
0.7350700687912352
0.993197374474366
0.8719570406453641
0.41765875401960556
-0.1961709809426982
-0.7350700687913049
-0.993197374474378
-0.8719570406453137
-0.4176587540195121
0.19617098094279908
0.7350700687913746
0.9931973744743899
0.8719570406453746
0.41765875401962516
-0.19617098094267704
-0.7350700687912902
-0.9931973744743754
-0.8719570406454356
-0.4176587540197383
0.19617098094277793
0.10761937987955493
-0.49730558768745453
-0.9122767235531122
-0.9787891581668994
-0.6714374021808563
-0.10761937987967868
0.4973055876875438
0.9122767235531543
0.9787891581668783
0.9620113545722672
0.938754456494072
0.5569252631256033
-0.03763045156335111
-0.6178126127671131
-0.9620113545722332
-0.9387544564941149
-0.5569252631255178
0.037630451563453945
0.617812612767194
0.9620113545722613
-0.8945273292548296
-0.4609400077831815
0.14871072988698741
