-0.9968905100849164
-0.9860378302226462
-0.8956002214120399
-0.4630737683539656
-0.9568004681443749
-0.9449636735301505
-0.5721828737613683
0.019152336003666264
0.6031720043792588
0.9568004681443748
0.9449636735301508
0.5721828737613684
-0.019152336003666143
-0.60317200437926
-0.9568004681443752
-0.9449636735301497
-0.5721828737613686
-0.9834636655373555
-0.6891876500865348
-0.13166537692933064
0.4761485950733172
0.9020899874534636
0.9834636655373555
0.6891876500865348
0.13166537692932725
-0.476148595073314
-0.902089987453465
-0.9834636655373562
-0.6891876500865349
-0.13166537692932384
0.47614859507331697
0.9020899874534666
0.9834636655373556
0.6891876500865376
0.1316653769293275
-0.47614859507331375
-0.9020899874534649
-0.9834636655373563
-0.6891876500865352
0.9953522683152703
0.861861145044142
0.39916835794905153
-0.2159931746490871
-0.7486526558692722
-0.9953522683152707
-0.8618611450441439
-0.39916835794905486
0.21599317464909043
0.7486526558692744
0.9953522683152703
0.8618611450441385
0.43143592614369713
-0.18122769641890757
-0.7246684986523202
-0.9913105649769149
-0.8793056888871851
-0.43143592614368764
-0.5594796904166286
0.03455373743942532
0.6153888120319584
0.9611662767246971
0.9398108925487957
0.5594796904166375
-0.03455373743941454
-0.6153888120319498
-0.961166276724698
-0.9398108925487945
-0.5594796904166229
0.03455373743943217
0.1535794841739019
0.7050603554915977
0.9872321351315838
0.8923147939374364
0.45656353012354545
-0.15357948417389125
-0.7050603554915901
-0.987232135131582
-0.8923147939374348
-0.4751273155685326
-0.9015883444034579
-0.9836732695370072
-0.690028439532148
-0.13281619883007367
0.4751273155685231
0.9015883444034533
0.9836732695370065
0.6900284395321559
0.1328161988300703
-0.47512731556853866
-0.9015883444034547
-0.9836732695370034
-0.6900284395321533
-0.13281619883008097
0.47512731556852916
0.9015883444034563
0.9836732695370053
0.6900284395321509
0.13281619883007756
-0.47512731556853216
-0.9015883444034577
-0.9836732695370047
-0.6900284395321586
-0.13281619883007417
0.4751273155685352
0.9015883444034593
0.9836732695370041
0.6900284395321562
0.13281619883007076
-0.4751273155685257
-0.9015883444034607
-0.9836732695370061
-0.6900284395321536
-0.13281619883006737
0.4751273155685412
0.901588344403456
0.9836732695370054
0.6900284395321512
0.13281619883006396
-0.47512731556854426
-0.9015883444034575
-0.9836732695370048
-0.690028439532159
-0.13281619883006057
0.47512731556853477
0.901588344403459
0.9836732695370042
0.6900284395321565
0.13281619883007126
-0.47512731556853777
-0.866197631133704
-0.9944858202661737
-0.74291422738678
-0.20757465037152903
0.40705138788281586
0.8661976311336985
0.4369210803634715
0.8821893220154478
0.9904912271697452
0.7204591491037892
0.17523616358601107
-0.4369210803634618
-0.8821893220154561
-0.9904912271697467
-0.720459149103777
-0.1752361635860217
0.43692108036347765
0.882189322015451
0.9904912271697482
0.7204591491037845
0.1752361635860323
-0.43692108036346794
-0.8821893220154459
-0.9904912271697458
-0.7204591491037919
-0.17523616358601496
0.4369210803634838
0.8821893220154409
0.9904912271697472
0.7204591491037994
0.17523616358602556
-0.4369210803634741
-0.8821893220154492
-0.9904912271697448
-0.7204591491037872
-0.17523616358603616
0.43692108036346444
0.8821893220154574
0.9904912271697464
0.7204591491037946
0.17523616358601882
-0.4369210803634803
-0.8821893220154524
-0.9904912271697478
-0.7204591491037824
-0.17523616358602942
0.4369210803634706
0.8821893220154473
0.9904912271697492
0.7204591491037899
0.17523616358604002
-0.4369210803634865
-0.8821893220154422
-0.9904912271697468
-0.7204591491037974
-0.17523616358605065
0.43692108036347677
0.8821893220154505
0.9904912271697445
0.7204591491038048
0.17523616358603328
-0.43692108036346705
-0.8821893220154589
-0.9904912271697459
-0.7204591491037926
-0.1752361635860159
0.4369210803634574
0.8821893220154537
0.9904912271697474
0.7204591491037804
0.17523616358602653
-0.43692108036347327
-0.8821893220154486
-0.9904912271697489
-0.7204591491037878
-0.17523616358603714
0.43692108036346355
0.882189322015457
0.9904912271697465
0.7204591491037954
0.17523616358601976
-0.43692108036347943
-0.882189322015452
-0.9904912271697479
-0.7204591491037831
-0.1752361635860304
0.4369210803634697
0.8821893220154469
0.9904912271697416
0.7204591491037906
0.175236163586041
-0.43692108036346
-0.8821893220154552
-0.990491227169743
-0.720459149103798
-0.17523616358602362
0.2039477043831314
0.7404282138499123
0.9940903118553684
0.8453136688189646
0.36983689425503813
-0.24690500362060142
-0.7693375821056306
-0.9979093530489429
-0.8453136688189704
-0.3698368942550482
0.24690500362064605
0.7693375821056601
0.9979093530489422
0.8453136688189762
0.3698368942550054
-0.2469050036206356
-0.7693375821056532
-0.9979093530489416
-0.845313668818982
-0.36983689425501537
0.24690500362062515
0.7693375821056463
0.9979093530489408
0.8453136688189877
0.3698368942550254
-0.2469050036206698
0.06106823708143697
-0.5372829644458282
-0.9304103351311249
-0.9681525812804773
-0.63609344767664
-0.061068237081447735
0.5372829644458671
0.9304103351311209
0.96815258128048
0.6360934476766483
0.06106823708145849
0.8039052101358086
0.3007833246066493
-0.31722756767304866
-0.8140683112701748
-0.9999626291262391
-0.8039052101358151
-0.3007833246066596
0.31722756767309235
0.8140683112701684
0.9999626291262392
0.8039052101358215
0.30078332460661567
-0.31722756767308213
-0.8140683112701622
-0.9999626291262393
-0.8039052101358278
-0.30078332460662593
0.3172275676731258
0.814068311270156
0.9999626291262395
0.8039052101358343
0.300783324606582
-0.31722756767311555
-0.8140683112701497
-0.9999626291262396
-0.8039052101358068
-0.3007833246065923
0.31722756767310534
0.8140683112701435
0.9999626291262397
0.8039052101358133
0.30078332460660256
-0.3172275676730951
-0.8140683112701371
-0.9999626291262397
-0.8039052101357859
-0.3007833246066129
0.3172275676730849
0.8140683112701309
0.9999626291262393
0.9911452858743504
0.7238061612109425
0.17999768423156925
-0.43256379022798724
-0.8799005991229449
-0.9911452858743518
-0.72380616121095
-0.17999768423157986
0.43256379022797753
0.8799005991229398
0.9911452858743456
0.7238061612109574
0.17999768423159046
-0.4325637902279678
-0.8799005991229617
-0.991145285874347
-0.7238061612109649
-0.17999768423160106
0.4325637902279581
0.8799005991229566
0.9911452858743485
0.7238061612109723
0.17999768423155577
-0.4325637902279484
-0.8799005991229785
-0.036643916449830886
-0.6170360387310877
-0.9617413665006268
-0.9390941806537242
-0.5577449364343603
0.03664391644982012
0.6170360387310793
0.9617413665006239
0.9390941806537279
0.5577449364343693
-0.03664391644986614
-0.6170360387310707
-0.9617413665006209
-0.9390941806537316
-0.557744936434331
0.036643916449855374
0.6170360387310623
0.961741366500618
0.9390941806537353
0.55774493643434
-0.0366439164498446
-0.6170360387310538
-0.9617413665006306
-0.939094180653739
-0.5577449364343489
0.03664391644983383
0.6170360387310453
0.9617413665006277
0.9390941806537232
0.5577449364343107
-0.03664391644982305
-0.6170360387310369
-0.9617413665006247
-0.9390941806537073
-0.5577449364343197
0.036643916449812276
-0.9919028964986607
-0.7278183970162911
-0.18573200751119204
0.42729769606442625
0.8771142030579684
0.991902896498662
0.7278183970162986
0.1857320075112026
-0.42729769606441653
-0.8771142030579633
-0.9919028964986634
-0.7278183970163059
-0.18573200751121322
0.42729769606440676
0.8771142030579854
0.9919028964986576
0.7278183970163133
0.18573200751122382
-0.42729769606439705
0.6377001696271629
0.06314829750735808
-0.5355240779285216
-0.9296444573896692
-0.9686722515809436
-0.6377001696271712
-0.06314829750736885
0.5355240779285125
0.9296444573896652
0.02878255781475839
-0.5642561523086688
-0.9417681906114007
-0.9595567896240639
-0.6108273091360692
-0.028782557814769166
0.5642561523086599
0.9417681906113972
0.9595567896240509
0.6108273091360777
0.02878255781477994
-0.564256152308651
-0.9417681906113935
-0.9595567896240539
-0.6108273091360863
-0.0287825578147339
0.564256152308689
0.9417681906113898
0.959556789624041
0.6108273091360948
0.028782557814744675
-0.5642561523086801
-0.9417681906113863
-0.959556789624044
-0.6108273091360583
-0.02878255781475545
0.5642561523086712
0.9417681906113826
0.959556789624047
0.6108273091360669
0.028782557814766227
-0.5642561523086623
-0.9417681906113982
-0.9595567896240661
-0.6108273091361204
-0.028782557814720184
0.5642561523086534
0.9417681906114136
0.9595567896240371
0.610827309136039
0.02878255781473096
-0.5642561523086446
-0.9417681906113717
-0.9595567896240401
-0.6108273091360474
-0.028782557814741736
0.5642561523087295
0.996571302198286
0.7576107196322552
0.22926859240799244
-0.3866463445632707
-0.8548755195373379
-0.9965713021982869
-0.7576107196321881
-0.22926859240789227
0.3866463445633656
0.8548755195373322
0.9965713021982878
0.7576107196322693
0.2292685924079028
-0.3866463445632508
-0.8548755195373267
-0.9965713021982793
-0.7576107196322022
-0.22926859240791328
0.38664634456334573
0.8548755195373211
0.9965713021982896
0.7576107196322834
0.22926859240792377
-0.38664634456333574
-0.8548755195373154
-0.996571302198281
-0.7576107196322163
-0.22926859240793426
0.3866463445633258
0.8548755195373099
0.9965713021982914
0.7576107196322233
0.22926859240794475
-0.38664634456331587
-0.8548755195373633
-0.9965713021982828
-0.7576107196322304
-0.22926859240795525
0.38664634456330593
0.8548755195372987
-0.7194886318119358
-0.990297867337259
-0.8828469765263126
-0.43817854754742114
0.17385919345351047
0.7194886318119283
0.9902978673372576
0.8828469765262642
0.43817854754732866
-0.1738591934536118
-0.7194886318119209
-0.990297867337256
-0.8828469765263227
-0.4381785475474405
0.17385919345360118
0.7194886318119134
0.9902978673372703
0.8828469765262744
0.43817854754734803
-0.17385919345359058
-0.7194886318119059
-0.990297867337253
-0.8828469765263328
-0.4381785475474599
0.17385919345357997
0.7194886318119773
0.9902978673372673
0.8828469765262845
0.4381785475473674
-0.17385919345356934
-0.7194886318118909
-0.99029786733725
-0.8828469765263429
-0.4381785475473771
0.17385919345355874
0.7194886318119624
0.9902978673372643
0.8828469765262946
0.4381785475473868
-0.1738591934535481
-0.719488631811876
-0.9902978673372629
-0.8828469765262997
-0.4381785475473965
0.17385919345364945
0.7194886318119474
0.9902978673372613
0.8828469765263047
0.43817854754740615
-0.17385919345352688
-0.719488631811861
-0.9902978673372599
-0.8828469765263098
-0.43817854754741586
0.1738591934536282
0.7194886318119325
0.9902978673372583
0.8828469765263149
0.4381785475474256
-0.17385919345350564
-0.7194886318119249
-0.9902978673372569
-0.8828469765263199
-0.43817854754733304
-0.7797857186255678
-0.9988408043278303
-0.8363726521271028
-0.21693013356376448
-0.7492885644537671
-0.9954442311040798
-0.8613740353776508
-0.3982882351635454
0.21693013356386492
0.7492885644538353
0.9954442311040788
0.8613740353775985
0.39828823516355527
-0.21693013356374344
-0.7492885644537528
-0.9954442311040778
-0.861374035377604
-0.39828823516356515
0.21693013356384389
0.749288564453821
0.9954442311040766
0.8613740353776095
0.39828823516357503
-0.2169301335637224
-0.7492885644538139
-0.9954442311040756
-0.8613740353776149
-0.39828823516348066
0.21693013356382285
0.7492885644538068
0.9954442311040747
0.8613740353776205
0.3982882351635948
-0.21693013356381233
-0.7492885644537995
-0.9954442311040844
-0.8613740353775682
-0.3982882351635004
0.21693013356380178
0.7492885644537924
0.9954442311040725
0.8613740353776314
0.3982882351636146
-0.21693013356379126
-0.7492885644538606
-0.9954442311040824
-0.8613740353775792
-0.3982882351635202
0.5719454754833825
0.944868937526706
0.9568845803488565
0.6034028367884515
0.019441718482867475
-0.5719454754833736
-0.9448689375267397
-0.9568845803488266
-0.6034028367883695
-0.01944171848287825
0.5719454754833648
0.944868937526699
0.9568845803488627
0.6034028367884687
0.01944171848288903
-0.5719454754834492
-0.9448689375267326
-0.9568845803488328
-0.6034028367883866
0.8517071498847867
0.3810354688491609
-0.23517881036752186
-0.7615627774575843
-0.9970556481256441
-0.8517071498847923
-0.38103546884927597
0.23517881036740088
0.7615627774575037
0.9970556481256432
-0.9921928661123722
-0.7293964657609001
-0.18799540676284862
0.4252135078897437
0.876005315004038
0.9921928661123736
0.7293964657609853
0.18799540676297088
-0.42521350788973394
-0.8760053150040328
-0.9921928661123608
-0.7293964657609149
-0.1879954067628698
-0.6866075125595322
-0.12814064361580418
0.47927159584896983
0.9036183755417416
0.9828136486365613
0.68660751255954
0.1281406436158149
-0.4792715958488606
-0.9036183755416883
-0.9828136486365633
-0.6866075125595479
-0.12814064361582558
0.4792715958489509
0.9036183755417324
0.9828136486365653
0.6866075125595557
0.12814064361583627
-0.4792715958489414
-0.9036183755416791
-0.9828136486365463
-0.6866075125594809
-0.12814064361584696
0.479271595848932
0.9036183755417232
0.9828136486365693
-0.14104171604238572
-0.6960146925535544
-0.9851337131785941
-0.8979651388328298
-0.46780440216536845
0.14104171604237503
0.6960146925536284
0.9851337131786118
0.8979651388327846
0.467804402165378
-0.14104171604236437
-0.6960146925536206
-0.29505456233527466
-0.8003214463892511
-0.9998927398480355
-0.8175389917890877
-0.3229131359950537
0.29505456233526434
0.8003214463893128
-0.9999719055703458
-0.8134002274588662
-0.31613730891491115
0.3018793165225394
0.8045883035489765
0.905231598850383
0.4825869052022726
-0.9588813583835154
-0.9425690154382017
-0.5662273453379533
0.02639392532160088
0.6089336136049244
0.9588813583835446
0.9425690154382053
0.5662273453379622
-0.026393925321703753
-0.6089336136050061
-0.9588813583835093
-0.9425690154382089
-0.566227345337971
0.026393925321692976
0.6089336136049975
0.9588813583835385
0.5101448946388851
0.9182632111906465
0.9756361916862056
0.6603493076122107
0.09283143247757893
-0.5101448946389736
-0.9182632111906422
-0.975636191686208
-0.6603493076121334
-0.09283143247770285
0.5101448946388666
0.9182632111906379
0.9756361916862103
-0.2982641440689948
0.3197304860811016
0.8155989377877517
0.7715740637613889
0.25030311319145876
-0.36657511912779495
-0.8434341153701733
-0.9981299468123703
-0.7715740637613958
-0.2503031131914692
0.36657511912767915
0.8434341153701065
0.998129946812371
0.7715740637614027
0.25030311319136955
-0.3665751191277749
-0.8434341153701618
-0.9981299468123717
-0.7715740637614095
-0.25030311319138
-0.9059454934482103
-0.9817902461878095
-0.6826244947067032
-0.122719387800922
0.48406035416622856
0.9059454934482057
0.98179024618779
0.6826244947067941
0.12271938780104552
-0.4840603541662191
0.8736701462875637
0.4208454608561703
-0.19272788661126594
-0.7326857319730369
-0.9927825307932248
-0.8736701462875689
-0.4208454608561801
0.19272788661114382
0.7326857319729522
0.9927825307932371
0.8736701462875742
0.42084546085618985
-0.1927278866112448
-0.7326857319730222
-0.9927825307932222
-0.8736701462875794
-0.4208454608561996
0.19272788661123422
0.7326857319729375
0.9927825307932072
0.8736701462875294
0.42084546085620944
-0.19272788661122364
-0.7326857319730076
-0.9927825307932195
-0.8736701462875899
-0.4208454608562192
0.19272788661121307
0.7326857319730002
0.9927825307932183
0.8736701462875398
0.42084546085612584
-0.19272788661120246
-0.7206920876432887
-0.17556690357763932
0.4366188703551899
0.8820310759418213
0.9905373896523425
0.7206920876432962
0.17556690357764992
-0.43661887035507796
-0.8820310759417627
-0.9905373896523283
-0.7206920876433036
-0.17556690357754862
0.4366188703551705
0.8820310759418112
0.9905373896523454
0.720692087643311
0.17556690357755922
-0.43661887035516084
-0.8820310759418061
-0.9905373896523313
-0.7206920876432398
-0.17556690357756985
0.4366188703551511
0.882031075941801
0.9905373896523484
0.720692087643326
0.17556690357758045
-0.4366188703551414
-0.8820310759418495
-0.9014856938812221
-0.9837159348865487
-0.6902001240400387
-0.13305132484978055
0.47491855818516876
0.9014856938812668
0.9837159348865507
0.6902001240400465
0.13305132484967858
-0.47491855818505924
-0.9014856938812128
-0.9837159348865526
-0.6902001240400544
-0.13305132484968926
0.4749185581851498
0.9014856938812081
0.9837159348865546
0.6902001240400621
0.13305132484969995
-0.4749185581851403
-0.9014856938812528
-0.9837159348865565
-0.6902001240401522
-0.1330513248498233
0.4749185581851308
0.901485693881248
0.9837159348865585
0.69020012404016
0.13305132484983398
-0.4749185581851213
0.478133719203391
0.9030624811486521
0.9830520692599656
0.6875491796249167
0.12942587231005104
-0.4781337192034814
-0.9030624811486962
-0.9998048487487914
-0.7972473506772574
-0.290168462087841
0.32774491655583693
0.0017859655812471874
0.5892291913769118
0.9516068932302298
0.9505031057983201
0.586339438363633
-0.0017859655813500935
-0.5892291913769949
0.780218481356599
0.26354616723363866
-0.3537918251681549
-0.8359933652973648
-0.9988738542524127
-0.7802184813565346
-0.2635461672333201
0.35379182516825114
0.9819836738589436
0.9055127763218354
0.4831667754770935
-0.12373251136519471
-0.9923542879692934
-0.7271434539476067
-0.9917774882381052
-0.8775862312985665
-0.42818686206189877
0.18476533494623887
0.7271434539476774
0.9917774882381183
0.8775862312986261
0.8432114195178285
0.9981551918227314
0.7718376068985512
0.25070428993452737
-0.36618954465907044
-0.8432114195177616
-0.9981551918227389
-0.7718376068986303
-0.25070428993464783
0.3661895446589546
0.8432114195178169
0.9981551918227327
0.7718376068985648
-0.38373152417542367
-0.8532325013837266
-0.9968276633695626
-0.7596685388743935
-0.23234185271319896
-0.9987690859033951
-0.7788661086297286
-0.26146275054467694
0.355810491456256
0.8371762192747136
-0.985723873702288
-0.6985019837552293
-0.1444760772229205
0.46473478024728526
0.8964327474173557
0.9857238737022707
0.6985019837551557
0.14447607722281866
-0.4647347802475777
-0.9943952643922224
-0.7423382868552445
-0.20673331488995428
0.4078367567563577
0.8666270491832763
0.9943952643922355
0.7423382868553279
0.20673331488985358
-0.40783675675645165
-0.8666270491833277
-0.9943952643922246
-0.7423382868551066
-0.2067333148897529
0.4078367567565456
0.866627049183379
0.9943952643922137
0.74233828685519
0.20673331488987468
-0.407836756756432
-0.8666270491833169
-0.9943952643922269
-0.7423382868552734
-0.20673331488999647
0.4078367567565259
0.8666270491833682
0.99439526439224
0.7423382868552044
0.20673331488989577
-0.4078367567566199
-0.8061269422674936
-0.9999879933374765
-0.8118876192943759
-0.3136737697260825
0.304352798498474
0.8061269422675545
0.9999879933374769
0.8118876192943159
0.3136737697259848
-0.3043527984983555
-0.8061269422674808
-0.9999879933374763
-0.8118876192943886
-0.313673769726103
0.30435279849823693
0.8061269422674072
0.9999879933374757
0.8118876192943285
0.3136737697262212
-0.30435279849811836
-0.8061269422674681
-0.9999879933374762
-0.8118876192944011
-0.31367376972590755
0.3043527984982164
0.806126942267529
0.9999879933374768
0.8118876192943411
0.31367376972602573
-0.3043527984983144
-0.8061269422674553
0.2545351492706274
-0.3625024155053086
-0.8410763785622872
-0.9983877521429583
0.7795269891307383
0.9988208308905798
0.8365990639216601
0.3548248894910366
-0.2624803326707272
-0.7795269891306603
-0.9988208308905848
0.5083887851320606
0.9174533045597232
0.9760818447365072
0.6618802960256717
0.09486297071689084
-0.5083887851319535
-0.9174533045596737
-0.9760818447364847
-0.6618802960255945
-0.09486297071701474
0.5083887851320421
0.9174533045597145
0.9760818447364624
0.6618802960255173
0.09486297071668595
-0.5083887851321307
-0.9569312818741922
-0.9448162641307647
-0.5718135466129244
0.019602510483339615
0.6035310748397945
0.956931281874222
0.944816264130731
0.5718135466130264
