0.9977136720462821
0.7674431702095377
0.24403546178672056
-0.3725854985783479
0.23945507534288044
-0.3769618522114413
-0.8493921646831072
-0.9973835400236742
-0.7644083028948888
-0.23945507534288055
0.3769618522114412
-0.6789038869768255
-0.11767688972724964
0.48849867970775906
0.9080843569538559
0.980812674495671
0.6789038869768281
0.8712373849402668
0.41632445631078
-0.19761026428160053
-0.7360645804442646
-0.993367244792147
-0.8712373849402668
-0.41632445631078013
0.1976102642816039
0.7360645804442622
0.9933672447921473
0.8712373849402686
0.41632445631078024
-0.19761026428160725
-0.7360645804442645
-0.9933672447921478
-0.43924454242707733
0.17269089001193505
0.7186642720138523
-0.637750894318889
-0.06321401960818408
0.5354684620273505
0.9296201910720675
0.9686886037554241
0.6377508943188918
0.06321401960818065
-0.5354684620273534
-0.9296201910720661
-0.9686886037554232
-0.6377508943188891
-0.06321401960818433
0.5354684620273503
0.9296201910720647
0.9686886037554241
0.6377508943188865
0.063214019608188
-0.5354684620273472
-0.929620191072066
-0.9686886037554233
0.3537848026403086
-0.26355340990116716
-0.7802231777113291
-0.9988742104462094
-0.8359892452763489
-0.35378480264030543
0.2635534099011568
0.7802231777113223
0.9988742104462089
0.8359892452763549
0.3537848026403022
-0.2635534099011738
-0.7802231777113244
-0.998874210446209
-0.8359892452763608
-0.35378480264031226
0.2635534099011634
0.7802231777113267
0.9988742104462093
0.8359892452763511
0.3537848026403091
-0.3898312102100527
0.9987049177842443
0.8378741054845331
0.3570038631831414
-0.2602297207391808
-0.7780643962220326
-0.9987049177842439
-0.837874105484539
-0.3570038631831515
0.2602297207391841
0.7780643962220437
0.998704917784244
0.8378741054845449
0.3570038631831616
-0.2602297207391737
-0.7780643962220369
-0.9987049177842442
-0.8378741054845352
-0.35700386318315835
0.260229720739177
0.7780643962220392
-0.5744661382112737
0.01636602287711245
0.6009469194870999
0.9559865182875592
0.9458717598888399
0.5744661382112709
-0.01636602287711588
-0.6009469194871027
-0.9559865182875602
-0.945871759888848
-0.5744661382112797
0.0163660228771051
0.600946919487094
0.9559865182875571
0.9458717598888515
0.5744661382112886
-0.01636602287709432
-0.6009469194870855
-0.9559865182875539
-0.9458717598888458
-0.5744661382112741
0.016366022877083542
0.6009469194870996
0.9559865182875508
0.9458717598888492
0.5744661382112829
-0.01636602287710118
-0.6009469194870909
-0.9559865182875559
-0.9458717598888435
-0.5744661382112917
0.016366022877090405
0.6009469194870822
0.9559865182875528
0.945871759888847
0.5744661382112772
-0.016366022877108043
-0.6009469194870737
-0.031173456856145636
0.5622797262302353
0.9409611650816497
0.9602274209655708
0.6127194389702932
0.031173456856156412
-0.5622797262302498
-0.9409611650816461
-0.9602274209655659
-0.6127194389703018
-0.03117345685613878
0.5622797262302409
0.9409611650816521
0.9602274209655689
0.6127194389703103
0.031173456856149556
-0.562279726230232
-0.9409611650816484
-0.9602274209655719
-0.6127194389702963
-0.031173456856131924
0.5622797262302466
0.9409611650816544
0.9602274209655749
0.6127194389702825
0.031173456856142697
-0.5622797262302377
-0.9409611650816507
-0.96022742096557
-0.6127194389702909
-0.031173456856153473
0.9651098503235798
0.9346990936674695
0.5472650524841274
-0.04920563789319706
-0.626881447033416
-0.9651098503235843
-0.931141264094953
-0.9676500957220806
-0.6345494800004806
-0.059072530462230405
0.5389681179110826
-0.46922663377702695
0.13944777498006986
0.6948578733503266
0.9848558814512254
0.8986724168579892
0.46922663377701135
-0.1394477749800873
-0.6948578733503188
-0.9848558814512236
-0.8986724168579815
-0.4692266337770209
0.9999979469231216
0.8102064000555543
0.31094354626948373
-0.30708917360914917
-0.8078242667461593
-0.9999979469231216
-0.8102064000555607
-0.31094354626943993
0.3070891736091389
0.8078242667461528
0.9999979469231216
0.8102064000555337
0.3109435462694502
-0.30708917360912863
-0.80782426674618
-0.9999979469231216
-0.81020640005554
-0.3109435462694604
0.3070891736091725
0.8078242667461737
0.9999979469231216
0.8102064000555463
0.3109435462694707
-0.3070891736091622
-0.8078242667461673
-0.9999979469231217
-0.8102064000555527
-0.3109435462694809
0.30708917360915194
0.8078242667461945
0.9999979469231216
0.810206400055559
0.31094354626949117
-0.3070891736091417
-0.8078242667461881
-0.9999979469231216
-0.8102064000555653
-0.31094354626944737
-0.13872697031805453
-0.6943342368401466
-0.9847294244420522
-0.8989914416291784
-0.46986928370924197
0.13872697031804387
0.6943342368401388
0.9847294244420504
0.898991441629208
-0.404934930479528
-0.8650380435726833
-0.9947260255828114
-0.7444624753143941
-0.20983956282472996
0.4049349304795181
0.8650380435726779
0.9947260255828068
0.7444624753143634
0.20983956282474048
-0.4049349304795083
-0.865038043572701
-0.9947260255828078
-0.7444624753143706
-0.20983956282475102
0.4049349304794984
0.8650380435726956
0.9947260255828031
0.7444624753143778
0.20983956282476157
-0.4049349304794886
-0.8650380435726902
-0.9947260255828042
-0.744462475314385
-0.20983956282477212
0.40493493047953066
0.9594805133374376
0.9418592241647166
0.5644797239786916
-0.028511844807018016
-0.6106128579584097
-0.9594805133374346
-0.9418592241647201
-0.5644797239787005
0.02851184480700724
0.6106128579584013
0.8498030833097412
0.37768335716580376
-0.23869857443026352
-0.7639057636601236
-0.9973269153737874
-0.8498030833097169
-0.37768335716581375
0.23869857443025305
0.7639057636601534
0.9973269153737907
0.8498030833097225
0.3776833571658237
-0.2386985744302426
-0.7639057636601464
-0.9973269153737899
-0.8498030833097282
-0.3776833571658337
0.23869857443028733
0.7639057636601395
0.9973269153737891
0.849803083309734
0.37768335716584367
-0.23869857443027684
-0.7639057636601693
-0.9973269153737884
-0.8498030833097396
-0.9454458764551646
-0.9563699973807364
-0.601993285127524
-0.017675598954821785
0.5733935652471097
0.9454458764551612
0.9563699973807395
0.6019932851275327
0.017675598954832564
-0.573393565247101
0.44472302598053304
0.8862490137637576
0.9892580007852753
0.7144040551496168
0.16667204214757997
-0.44472302598057434
-0.8862490137637526
-0.9892580007852768
-0.7144040551496244
-0.16667204214753456
0.4447230259805647
0.8862490137637477
0.9892580007852784
0.7144040551496319
0.1666720421475452
-0.444723025980555
-0.8862490137637427
-0.9892580007852799
-0.7144040551496394
-0.16667204214749978
0.44472302598054536
0.8862490137637377
0.9892580007852816
0.7144040551496071
0.7722176963912036
0.9981913211286837
0.8428897884701663
0.36563300538627586
-0.2512831583464429
-0.7722176963911968
-0.9981913211286865
-0.8428897884701415
-0.3656330053862859
0.25128315834643244
0.7722176963911899
0.9981913211286858
0.8428897884701473
0.36563300538624305
-0.251283158346422
-0.7722176963911831
-0.9981913211286851
-0.8428897884701532
-0.36563300538625304
0.2512831583464116
0.7722176963911762
-0.7665941717055422
-0.997623373046007
-0.8475943538542056
-0.3738131001626278
0.242752052351094
0.7665941717055353
0.9945824498424632
0.7435334089202084
0.20847987756141861
-0.4062058810552824
-0.8657347995390584
-0.9945824498424644
-0.7435334089201775
-0.20847987756142916
0.40620588105532446
0.8657347995390531
0.9945824498424655
0.7435334089201847
0.2084798775614397
-0.40620588105531463
-0.8657347995390476
-0.9945824498424666
-0.743533408920154
-0.20847987756145026
0.40620588105530475
0.8657347995390423
0.9945824498424618
0.7435334089201612
0.2084798775614608
-0.4062058810552949
-0.8657347995390369
-0.9945824498424629
-0.7435334089201683
-0.20847987756147132
0.406205881055337
0.8657347995390314
0.994582449842464
0.7435334089201755
0.20847987756148187
-0.4062058810553272
-0.8657347995390545
-0.9945824498424592
-0.7435334089201827
-0.20847987756149242
0.4062058810553173
0.8657347995390491
0.9945824498424604
0.7435334089201899
0.20847987756144737
-0.4062058810553594
-0.8657347995390438
-0.9945824498424616
-0.7435334089201971
-0.20847987756145792
0.40620588105534955
0.8657347995390667
0.9945824498424627
0.7435334089201664
0.20847987756146846
-0.4062058810553397
-0.8657347995390614
-0.9945824498424638
-0.7435334089201736
-0.208479877561479
0.40620588105532984
0.865734799539056
0.9945824498424649
0.7435334089201808
0.20847987756143396
-0.40620588105532
-0.8657347995390506
-0.9945824498424601
-0.743533408920188
-0.2084798775614445
0.40620588105531014
0.8657347995390452
0.9945824498424612
0.7435334089201953
0.20847987756145503
-0.4062058810553522
-0.8657347995390398
-0.9945824498424624
-0.7435334089201644
-0.20847987756146558
0.4062058810553424
0.8657347995390628
0.9945824498424635
0.7435334089201716
0.20847987756147612
-0.4062058810553325
-0.8657347995390575
-0.9945824498424646
-0.7435334089201788
-0.20847987756148667
0.4062058810553227
0.8657347995390521
0.9945824498424657
0.743533408920186
0.20847987756144162
-0.40620588105531286
-0.8657347995390466
-0.9945824498424668
-0.7435334089202312
-0.20847987756145217
0.406205881055303
0.8657347995389844
0.9945824498424679
0.7435334089202384
0.20847987756146272
-0.40620588105529315
-0.8657347995390359
-0.994582449842469
-0.7435334089202457
-0.20847987756158445
0.40620588105528327
0.8657347995390305
0.9945824498424702
0.49645662032234883
0.9118756096735555
0.9789891096415231
0.6721620443424549
0.10859192405220254
-0.49645662032233945
-0.9118756096735977
-0.9789891096415021
-0.6721620443423787
-0.10859192405210025
0.4964566203223301
0.9118756096735466
0.9789891096415275
0.6721620443424708
0.10859192405211096
-0.49645662032232074
-0.9118756096735889
-0.9789891096415065
-0.6721620443423947
-0.10859192405212167
0.49645662032231136
0.9118756096735378
0.9789891096415086
0.6721620443424027
0.1085919240521324
-0.49645662032240073
-0.9118756096735801
-0.9789891096415109
-0.6721620443424106
-0.10859192405214312
0.49645662032229265
0.9118756096735756
0.9789891096415131
0.6721620443423344
0.10859192405204081
-0.496456620322382
-0.9118756096735712
-0.9789891096415153
-0.6721620443424265
-0.10859192405216454
0.49645662032227394
0.7083980812308002
0.9879726285362165
0.8901752116953211
0.45236111992947203
-0.1582395444604547
-0.7083980812307925
-0.9879726285361973
-0.8901752116953778
-0.452361119929583
-0.17628416772693492
-0.7211970216778592
-0.990637125933057
-0.12141379867979289
-0.6816626313656665
-0.9815395077305873
-0.9065016534432095
-0.48521097839853033
0.12141379867978218
0.6816626313656586
0.9815395077305635
0.9065016534432621
0.4852109783986392
-0.12141379867977148
-0.6816626313657339
-0.9815395077305832
-0.9065016534432186
-0.4852109783985492
0.12141379867976078
0.6816626313656429
0.9815395077305594
0.9065016534432712
0.48521097839855865
-0.12141379867975008
-0.6816626313657181
-0.9815395077305791
-0.9065016534432278
-0.4852109783985681
0.12141379867973938
0.681662631365627
0.981539507730577
0.9065016534432323
0.48521097839857746
-0.12141379867984152
-0.6816626313657024
-0.981539507730575
-0.9065016534432369
-0.4852109783985869
0.12141379867971798
0.6816626313656945
0.9815395077305729
0.9065016534432414
0.4852109783984969
-0.12141379867982012
-0.6816626313656866
-0.9815395077305709
-0.906501653443246
-0.4852109783986058
0.12141379867969658
0.6816626313656787
0.9815395077305905
0.9065016534432505
0.4852109783985158
-0.12141379867979872
-0.6816626313656707
-0.9815395077305668
-0.9065016534432551
0.9736723801029395
0.9217043029781585
0.9285901466314267
0.9693763788916843
0.6398937823066008
0.0659935100701406
-0.5331140399762029
-0.9285901466314227
-0.9693763788917149
-0.6398937823066091
-0.06599351007015136
0.5331140399761938
0.9285901466314609
0.9693763788916896
0.6398937823066174
0.06599351007016212
-0.5331140399761847
-0.9285901466314147
-0.9693763788916923
-0.6398937823066256
-0.06599351007017287
0.5331140399762717
0.9285901466314529
0.9693763788916949
0.639893782306634
0.06599351007018363
-0.5331140399761665
-0.9285901466314067
-0.9693763788916976
-0.6398937823066422
-0.06599351007008095
0.5331140399762535
0.9285901466314449
0.9693763788917001
0.6398937823066505
0.06599351007020514
-0.5331140399761481
-0.9285901466314409
-0.9693763788917028
-0.6398937823065715
-0.06599351007010246
0.5331140399762353
0.9285901466314369
0.9693763788917055
0.639893782306667
0.06599351007011323
-0.5331140399761299
-0.9285901466314329
-0.9693763788916802
-0.639893782306588
-0.06599351007012398
0.533114039976217
0.9285901466314289
0.9693763788917108
0.6398937823066836
0.06599351007013474
-0.5331140399762079
-0.9285901466314249
-0.6488981970164629
-0.07773842446075149
0.5231147840070985
0.9241559250018121
0.9722009135504326
0.6488981970165576
0.505072551027729
-0.09869159041249519
-0.6647588987189323
-0.9769109020387058
-0.9159161447599955
-0.5050725510277383
0.09869159041248446
0.6647588987190093
0.9769109020387278
0.9159161447599998
0.5050725510277476
-0.09869159041247373
-0.6647588987190012
-0.9769109020387011
-0.9159161447599585
-0.5050725510276588
0.098691590412463
0.6647588987189931
0.9769109020387231
0.9159161447600085
0.5050725510277663
-0.0986915904125654
-0.6647588987189851
-0.9769109020387209
-0.9159161447599672
-0.5050725510276775
0.09869159041255467
0.664758898718977
0.9769109020387186
0.9159161447600171
0.5050725510277848
-0.09869159041265707
-0.664758898718969
-0.9769109020387162
-0.9159161447599757
-0.505072551027696
0.09869159041253321
0.6647588987189609
0.9769109020387139
0.9159161447599801
0.5050725510277053
-0.09869159041263562
-0.6647588987190378
-0.9769109020387359
-0.9159161447599844
-0.5050725510277146
0.09869159041251176
0.6647588987189448
0.9769109020387337
0.9159161447599887
0.505072551027724
-0.09869159041261416
-0.6647588987190217
-0.9769109020387313
-0.9159161447599931
-0.5050725510277332
0.0986915904124903
0.6647588987189287
0.9769109020387533
0.9159161447599974
0.5050725510277425
-0.0986915904125927
-0.6647588987190056
-0.9769109020387267
-0.9159161447600017
-0.5050725510277518
0.09869159041258198
0.6647588987189975
0.9769109020387486
0.7238660243677626
0.9911568025268926
0.8798593703013924
0.4324855639408507
-0.18008302820141736
-0.7238660243677552
-0.9911568025268912
-0.8798593703014514
-0.4324855639409629
0.18008302820140676
0.7238660243677477
0.9911568025268898
0.8798593703014026
0.4324855639408701
-0.18008302820139616
-0.7238660243677403
-0.9911568025268883
-0.8798593703014077
-0.43248556394098236
0.18008302820149738
-0.9160502383332109
-0.9768394428953001
-0.6645091818229253
-0.09835899913059627
0.5053609781302943
0.9160502383332065
0.9768394428952781
0.6645091818228483
0.09835899913049387
0.7920805179071151
0.9996004884213212
0.8253070475295488
0.33577436563633123
-0.28201271137902023
-0.11303003424486718
0.49257525407003383
0.9100335373473585
0.9798899402602167
0.6754616912278048
0.1130300342448779
-0.49257525407002445
-0.9100335373473069
-0.9798899402601962
0.864937950637864
0.4047525372415278
-0.21003458834841374
-0.7445956400022561
-0.9947464650502392
-0.8649379506378695
-0.40475253724143373
0.2100345883484032
0.744595640002173
0.9947464650502498
0.8649379506378179
0.40475253724144356
-0.21003458834839267
-0.7445956400022417
-0.994746465050237
-0.8649379506378803
-0.40475253724145344
0.21003458834838212
0.7445956400023104
-0.38296169296853516
0.23315246971253628
0.7602103135244062
0.9968936561681889
0.852797505324904
0.3829616929685451
-0.2331524697125258
-0.760210313524473
-0.996893656168197
-0.8527975053248502
-0.3829616929685551
0.23315246971251533
0.760210313524466
0.9968936561681961
0.8527975053249153
0.38296169296846
0.3700342930344282
-0.24669910414832036
-0.7692018285408189
-0.9978955986390956
-0.8454271672811904
-0.3700342930344382
0.24669910414842008
0.7692018285407393
0.9978955986390875
0.8454271672811962
0.8746545761474567
0.4226834493374522
-0.19073838863751402
-0.7313046451122391
-0.99253738328479
-0.8746545761474619
-0.422683449337462
0.19073838863739184
0.7313046451121543
0.9925373832848026
0.8746545761474671
0.42268344933747176
-0.19073838863749285
-0.7313046451122245
-0.9925373832847875
-0.8746545761474723
-0.42268344933748153
0.19073838863748227
0.7313046451121396
0.9925373832848
0.8746545761474225
0.4226834493373883
-0.19073838863747167
-0.7313046451122098
-0.9925373832847848
-0.8746545761474829
-0.42268344933750107
0.1907383886375727
0.7313046451121249
0.9925373832847973
0.8746545761474329
0.4226834493374078
-0.19073838863745052
-0.7313046451121951
-0.9925373832847821
-0.8746545761474933
-0.4226834493375206
0.19073838863755152
0.7313046451122652
0.9925373832848086
0.8746545761473883
0.4226834493373243
-0.19073838863754095
-0.7313046451122579
-0.9925373832847934
-0.8746545761474486
-0.4226834493374371
0.19073838863764198
0.7313046451123281
0.9925373832848059
0.8746545761473987
0.42268344933734386
-0.1907383886375198
-0.7313046451122432
-0.9925373832847908
-0.8746545761473489
-0.42268344933745666
0.1907383886376208
0.7313046451123134
0.9925373832848033
0.8746545761474092
0.4226834493373634
-0.19073838863749862
-0.7313046451122285
-0.9925373832847881
-0.8746545761473593
-0.42268344933727015
0.19073838863759965
0.7313046451122986
0.9925373832848007
0.8746545761474196
0.42268344933738294
-0.19073838863747744
-0.7313046451122138
-0.9925373832847855
-0.8746545761473697
-0.4226834493372897
0.19073838863757847
0.731304645112284
0.992537383284798
0.8746545761474301
0.4226834493374025
-0.19073838863767947
-0.7313046451121991
-0.9925373832847829
-0.8746545761473802
-0.4226834493373092
0.1907383886375573
0.7313046451122692
0.9925373832847955
0.8746545761474406
0.422683449337422
-0.19073838863765832
-0.7313046451123395
-0.992537383284808
-0.8746545761473906
-0.42268344933732876
0.19073838863753614
0.7313046451122546
0.9925373832847928
0.874654576147451
0.42268344933744156
-0.19073838863763715
-0.7313046451123247
-0.9925373832848053
-0.8746545761474012
-0.4226834493373483
0.19073838863751497
0.7313046451122398
0.9925373832847901
0.8746545761473512
0.4226834493374611
-0.190738388637616
-0.7313046451123101
-0.9925373832848027
-0.8746545761474116
-0.42268344933736784
0.19073838863749382
0.9999744385215911
0.8047936582304823
-0.8631019839215943
-0.9951131635699063
-0.7470249373869768
-0.21359857556600614
0.4014151821728181
0.8631019839216463
0.9951131635698962
-0.7777005136100069
-0.2596705743243149
0.3575446984750521
0.8381900489542923
0.998675289764944
0.7777005136099422
0.25967057432421553
-0.3575446984751482
-0.8381900489543485
-0.9986752897649387
-0.7777005136098776
-0.2596705743241161
0.3575446984752443
0.8381900489544045
0.09057600612048892
0.6586467160735735
0.9751367670650739
0.9191577167174337
0.5120916596055082
-0.09057600612036497
-0.6586467160734798
-0.9751367670650968
-0.9191577167174828
-0.5120916596056151
0.09057600612046746
-0.2607625539771001
-0.7784109647190987
-0.9987328441540195
-0.8375727228029859
-0.3564882893910303
0.26076255397697995
0.7784109647190205
0.9987328441540247
0.8375727228029297
0.35648828939093413
-0.26076255397707926
-0.7784109647190851
-0.9987328441540299
-0.8375727228028734
-0.356488289390838
0.2607625539771786
0.7784109647191497
0.9987328441540236
0.8375727228029415
0.3564882893909543
-0.26076255397705844
-0.7784109647190716
-0.9987328441540173
-0.8375727228030094
-0.3564882893910706
0.2607625539769383
0.7784109647191362
0.9987328441540225
0.8375727228029533
0.356488289390762
-0.2607625539770376
-0.7784109647192008
-0.4480109264141627
-0.8879449743467087
0.9938859915759812
0.8689687397940337
0.412134964571954
-0.2021203591643663
-0.7391725755182409
-0.9938859915759675
-0.8689687397940953
-0.4121349645720674
0.2021203591642444
0.7391725755183102
0.9938859915759788
0.8689687397939319
0.4121349645719736
-0.20212035916434518
-0.7391725755183794
-0.9938859915759902
-0.8689687397939934
