-0.8879432602600796
-0.4480075946641269
0.16305174487543633
0.7118308597975594
0.9887147805180758
0.8879432602600797
0.4480075946641266
-0.16305174487543622
-0.7118308597975592
-0.9887147805180758
-0.8879432602600797
-0.44800759466412626
0.16305174487543697
0.7118308597975592
0.9887147805180758
0.8879432602600799
0.4480075946641272
-0.1630517448754386
-0.7118308597975584
-0.9887147805180756
-0.23623384629295224
0.3800315193613356
0.8511377614158571
0.9971383077180201
0.7622659119564508
0.23623384629295238
-0.3800315193613355
-0.851137761415857
-0.9971383077180199
-0.7622659119564509
-0.2362338462929525
0.3800315193613321
0.851137761415857
0.9971383077180197
0.762265911956451
0.23623384629295607
-0.3800315193613353
-0.8511377614158587
0.29761904970656927
0.8019284639576955
0.9999284615229737
0.8159897731048633
0.32037072583301995
-0.29761904970657255
-0.8019284639576976
-0.9999284615229735
-0.8159897731048695
-0.32037072583301673
0.2976190497065758
0.8019284639576996
0.9999284615229737
0.8159897731048675
0.32037072583301346
-0.2976190497065791
-0.8019284639576931
-0.9999284615229737
-0.8159897731048655
-0.32037072583301024
0.2976190497065824
0.8019284639576951
0.9999284615229737
0.8159897731048635
0.32037072583300696
-0.29761904970657205
-0.23162361249181038
0.38441327575483575
0.8536173583898189
-0.9095898543277684
-0.4916446006590353
0.1140921800760883
0.6762496258727193
0.9801026994653689
0.909589854327767
0.4916446006590323
-0.1140921800760917
-0.6762496258727113
-0.9801026994653668
-0.9095898543277715
-0.4916446006590293
0.11409218007609512
0.6762496258727243
0.9801026994653674
0.909589854327776
0.4916446006590263
-0.1140921800760844
-0.6762496258727164
-0.9801026994653681
-0.9095898543277686
-0.4916446006590233
0.11409218007610193
0.6762496258727189
0.980102699465366
0.9095898543277731
0.49164460065903276
-0.11409218007609122
-0.6762496258727214
-0.9801026994653695
-0.9095898543277717
-0.4916446006590174
0.11409218007609463
0.9470696432396535
0.5774998078365917
-0.012655325663517644
0.33322946102960294
0.8237791296494973
0.9996731699660873
0.7937260369969772
0.28460253565080296
-0.3332294610295928
-0.8237791296494912
-0.9996731699660876
-0.7937260369969837
-0.2846025356508133
0.33322946102960943
0.8237791296494851
0.9996731699660864
0.7937260369969903
0.2846025356507964
-0.3332294610295992
-0.8237791296494951
-0.9996731699660867
-0.7937260369969968
-0.2846025356507795
0.33322946102958906
0.8237791296495051
0.9996731699660869
0.7937260369969861
0.2846025356507898
-0.3332294610295789
-0.823779129649499
-0.9996731699660872
-0.7937260369969754
-0.2846025356508001
0.33322946102959555
0.8237791296494928
0.9996731699660868
0.793726036996982
0.28460253565078325
-0.33322946102961215
-0.8237791296494867
-0.9996731699660864
-0.7937260369969885
-0.2846025356507663
0.333229461029602
0.8237791296494967
0.9996731699660866
0.7937260369969951
0.28460253565077664
-0.33322946102959183
-0.8237791296495067
-0.9996731699660869
-0.7937260369969843
-0.28460253565078697
0.3332294610296085
0.8237791296495006
0.9996731699660865
0.7937260369969736
0.28460253565079735
-0.3332294610296251
-0.8237791296494945
-0.999673169966086
-0.7937260369969802
-0.2846025356507804
0.3332294610296149
0.8237791296494884
0.9996731699660862
0.7937260369969867
0.2846025356507635
-0.33322946102960477
-0.8237791296494984
-0.9996731699660866
-0.7937260369969933
-0.010898521931697974
0.5789332538857527
0.9476322039364065
0.9543678609173356
0.5965674327983848
0.010898521931708755
-0.5789332538857439
-0.947632203936412
-0.9543678609173388
-0.5965674327983705
-0.010898521931691114
0.5789332538857582
0.9476322039364086
0.954367860917342
0.5965674327983564
0.010898521931701894
-0.5789332538857495
-0.9476322039364142
0.7578106237963685
0.22956674614571623
-0.38636382584583695
-0.8547165483877516
-0.9965966001925357
-0.7578106237963756
-0.22956674614572672
0.386363825845827
0.8547165483877608
0.9965966001925366
0.7578106237963641
0.22956674614573722
-0.3863638258458171
-0.8547165483877551
-0.9965966001925375
-0.7578106237963711
-0.22956674614572004
0.38636382584583334
0.8547165483877496
0.996596600192536
0.7578106237963597
0.22956674614573053
-0.3863638258458234
-0.8547165483877587
-0.9965966001925369
-0.7578106237963667
-0.22956674614574102
0.38636382584581347
0.8547165483877236
0.9965966001925425
0.7578106237963922
0.2295667461457515
-0.38636382584580353
-0.854716548387718
-0.9965966001925387
-0.7578106237963622
-0.22956674614576203
0.3863638258457936
0.8547165483877419
0.9965966001925396
0.9599445909520399
0.6119199943277255
0.03016275826589667
-0.563115626259057
-0.9413029811492692
-0.9599445909520269
0.7012537345224964
0.9863652164929229
0.8947187110836896
0.4613200684110103
-0.14828716070223472
-0.7012537345224886
-0.9863652164929211
-0.8947187110836944
-0.46132006841101986
0.14828716070222406
0.7012537345225215
0.9863652164929193
0.8947187110836992
0.4613200684110294
-0.1482871607022696
-0.7012537345225138
-0.9863652164929175
-0.894718711083704
-0.46132006841098855
0.14828716070225895
0.7012537345225062
0.9863652164929158
0.8947187110837088
0.46132006841099815
-0.1482871607023045
-0.7012537345224984
-0.986365216492914
-0.8947187110837137
-0.4613200684110077
0.14828716070229384
0.7012537345224907
0.9863652164929122
0.894718711083693
0.46132006841096684
-0.14828716070228318
-0.7012537345224831
-0.9863652164929199
-0.8947187110836979
-0.4613200684109764
0.14828716070227252
0.7012537345224754
0.9863652164929181
0.8947187110836773
0.46132006841098594
-0.14828716070226186
-0.7012537345224678
-0.9863652164929163
-0.8947187110836822
-0.4613200684109955
0.1482871607022512
0.7012537345225005
0.9863652164929239
0.894718711083687
0.4613200684110051
-0.14828716070229675
-0.7012537345224928
-0.9863652164929221
-0.8947187110836917
-0.46132006841101464
0.1482871607022861
0.7012537345224852
0.9863652164929203
0.8947187110836966
0.4613200684110242
-0.14828716070227543
-0.701253734522518
0.8301840361703109
0.3439489276530063
-0.27366298083362633
-0.7867449321044327
-0.9993170597880972
-0.8301840361703169
-0.34394892765301643
0.27366298083361595
0.7867449321044261
0.9993170597880989
0.8301840361702912
0.34394892765302654
-0.2736629808336056
-0.7867449321044194
-0.9993170597881006
-0.8301840361702972
-0.34394892765303664
0.2736629808335952
0.7867449321044829
0.9993170597880981
0.8301840361703032
-0.8172021630124029
-0.9999011319280676
-0.8006718538366984
-0.2956131414151225
0.32235974350594615
0.8172021630123967
0.9999011319280677
0.8006718538367048
0.2956131414151328
-0.32235974350593594
-0.8172021630123905
-0.9999011319280671
-0.8006718538366773
-0.2956131414150888
0.3223597435059257
0.8172021630123842
0.9999011319280673
0.8006718538366837
0.2956131414150991
-0.3223597435059155
-0.817202163012378
-0.9999011319280674
-0.8006718538366902
-0.2956131414151094
0.3223597435059053
0.8172021630123718
0.9999011319280667
0.8006718538366966
0.2956131414151197
-0.3223597435058951
-0.8172021630123983
-0.999901131928067
-0.800671853836703
-0.29561314141513
0.3223597435058849
0.8172021630123921
0.9999011319280671
0.8006718538367096
0.295613141415086
-0.3223597435059823
-0.8172021630124187
-0.9999011319280672
0.9349388911504575
0.547830083831059
-0.048531195452063594
-0.6263552075871637
-0.9649328194544964
-0.9349388911504412
-0.547830083831068
0.048531195452052825
0.6263552075871995
0.9649328194544936
0.9349388911504449
0.547830083831077
-0.04853119545209884
-0.6263552075872354
-0.9649328194544907
-0.9349388911504488
-0.5478300838310861
0.04853119545208807
0.6263552075872271
0.9649328194545028
0.9349388911504526
0.5478300838310951
-0.0485311954520773
-0.6263552075872186
-0.9649328194545
-0.9349388911504565
-0.5478300838311041
0.24709706981106172
-0.3696527329549156
-0.8452077557664447
-0.9979221434301838
-0.7694641904297331
-0.24709706981107216
0.3696527329549056
0.8452077557664389
0.9979221434301845
0.76946419042974
0.24709706981108262
-0.3696527329549484
-0.8452077557664027
-0.9979221434301851
-0.6951074320153876
-0.13979145395894013
0.4689201081731527
0.8985201269912299
0.9849159968746557
0.6951074320153953
0.13979145395883824
-0.46892010817314317
-0.898520126991275
-0.9849159968746378
-0.695107432015403
-0.13979145395896148
0.46892010817303326
0.8985201269912204
0.9849159968746397
0.6951074320154108
0.13979145395885959
-0.46892010817312413
-0.8985201269912655
-0.9849159968746416
-0.6951074320154186
-0.13979145395898282
0.4689201081730142
0.8985201269912608
-0.2348634068358645
-0.7613524366621656
-0.9970307131010931
-0.8518771449629774
-0.3813354616881454
0.23486340683585405
0.7613524366622323
0.997030713101101
0.8518771449629235
-0.794220424511112
-0.9996936286468454
-0.8233178449761641
-0.33246262806892635
0.28538201277151676
0.7942204245111054
0.9996936286468452
0.8233178449762348
0.33246262806904375
-0.28538201277139746
-0.7942204245110989
-0.9996936286468449
-0.8233178449762409
0.21263293402956537
-0.4023202091553311
-0.8636007068038696
-0.9950150871617877
-0.7463675235427955
-0.2126329340295759
0.4023202091554254
0.8636007068039214
0.9950150871617773
0.7463675235428027
0.21263293402958644
-0.4023202091553114
-0.8636007068038587
-0.9950150871617898
-0.7463675235428098
-0.21263293402948588
0.40232020915530153
0.8636007068039105
0.5388676724106807
0.9310977744076262
0.9676801734302678
0.6346416364419682
0.059191565008709375
-0.5388676724106716
-0.9310977744076223
-0.9676801734302705
-0.6257915683665608
-0.9647428259218027
-0.9351951143775672
-0.548434655253974
0.8906267093108129
0.987818763526802
0.7076976248004249
0.15726004715787661
-0.45324552342656454
-0.890626709310808
-0.9878187635268213
-0.7076976248005128
0.9999021897986792
0.8171586842694002
0.3222883355512706
-0.29568520316962965
-0.8007170442503339
-0.9999021897986806
-0.8171586842693409
-0.32228833555128084
0.29568520316972796
0.8007170442503274
0.9999021897986788
0.935634455873591
0.549473328330603
0.9584365243535728
0.9430900080175924
0.5675151630692364
-0.02483118504057427
-0.6076928644458243
-0.9584365243535697
-0.9430900080175959
-0.5675151630693389
0.02483118504056349
0.6076928644457255
0.9584365243535666
0.9430900080175617
0.5675151630692542
-0.024831185040552713
-0.6076928644458072
-0.9584365243535636
-0.9430900080176031
-0.5675151630693567
0.024831185040541937
0.6076928644457986
0.9584365243535605
0.9430900080175689
0.567515163069272
-0.024831185040531157
-0.6076928644457901
-0.9584365243535574
-0.9430900080176103
-0.5675151630692808
0.02483118504052038
0.6076928644458718
0.9584365243535868
0.943090008017576
0.5675151630692897
-0.0248311850405096
-0.6076928644457729
-0.9584365243535513
-0.9430900080176174
-0.5675151630692986
0.024831185040612477
0.6076928644458547
0.9584365243535806
0.9430900080175832
0.5675151630693075
-0.02483118504048805
-0.6076928644457558
-0.9584365243535776
-0.9430900080175868
-0.5675151630693164
-0.0050847358655280285
0.5836640160579987
0.9494729518575378
0.9526154914462177
-0.8275702669843779
-0.9994787976291483
-0.7896203986144212
-0.27815384553925254
0.3395580224304142
0.8275702669843719
0.9994787976291486
0.7896203986144976
0.08315533526476462
-0.5184754359957905
-0.9220662130379335
-0.9734590365774171
-0.653023594800083
-0.08315533526477537
-0.13172562792117323
-0.6892316892345491
-0.9834746713838524
-0.9020637561391864
-0.47609514606877423
0.13172562792116255
0.6892316892345413
0.9834746713838505
0.902063756139142
0.47609514606868375
-0.13172562792115186
-0.6892316892345335
-0.9834746713838485
-0.9020637561391958
-0.47609514606869324
0.13172562792114118
0.6892316892346081
0.9834746713838671
0.9020637561391514
0.47609514606870273
-0.1317256279211305
-0.6892316892345178
-0.9834746713838446
-0.3036340509315119
0.3143900564924196
0.8123278480611472
0.9999840116786007
0.8056802710413299
0.3036340509315222
-0.3143900564923014
-0.8123278480611409
-0.9999840116786014
-0.8056802710413362
-0.30363405093142415
0.3143900564923991
0.8123278480611347
0.9999840116786008
-0.2339594978155015
0.9824616965697187
0.9044292999247519
0.48093565112982906
-0.12625906999511263
-0.685227117769877
-0.9824616965697167
-0.904429299924708
-0.48093565112973885
0.12625906999521472
0.6852271177699519
0.9824616965697147
0.9044292999247611
0.480935651129848
-0.12625906999509126
-0.6852271177699442
-0.9824616965697126
-0.9044292999247172
-0.4809356511297577
0.12625906999519332
0.6852271177699363
0.9824616965697106
0.9044292999247703
0.48093565112986686
-0.12625906999518263
-0.6852271177699284
-0.9824616965697298
-0.9044292999247264
-0.48093565112977665
0.12625906999517195
0.6852271177699205
0.9824616965697066
0.904429299924731
0.4809356511298858
-0.12625906999516126
-0.6852271177699127
-0.9824616965697258
-0.9044292999247355
-0.4809356511297955
0.12625906999515055
0.6852271177699049
0.9824616965697026
0.9044292999247887
0.4809356511297053
-0.12625906999513986
-0.685227117769897
-0.9824616965697218
-0.9044292999247447
-0.48093565112981446
0.12625906999512918
0.6852271177698892
0.9824616965697198
0.9044292999247494
0.48093565112972425
0.8481037394642529
0.997556719479229
0.7659769383589401
0.24182000138414955
-0.37470395695983244
-0.8481037394642471
-0.9975567194792297
-0.7659769383590201
-0.24182000138427034
0.37470395695982245
0.8481037394642414
0.9975567194792305
0.765976938358954
0.24182000138417048
-0.37470395695981246
-0.8481037394642357
-0.9975567194792313
-0.7659769383589609
-0.24182000138429127
0.3747039569599078
0.8481037394642902
0.997556719479232
0.7659769383589679
0.2418200013841914
-0.3747039569597925
-0.8481037394642242
-0.9975567194792327
-0.7659769383589747
-0.24182000138420187
0.37470395695988784
0.8481037394642787
0.9975567194792256
0.7659769383589817
0.24182000138421234
-0.37470395695977243
-0.8481037394642128
-0.9975567194792343
-0.7659769383589886
-0.2418200013842228
0.37470395695986786
0.8481037394642673
0.9975567194792271
0.7659769383589956
0.24182000138423326
-0.37470395695985786
-0.8481037394642014
-0.9975567194792357
-0.7659769383589294
-0.2418200013842437
0.3747039569598479
0.848103739464256
0.9975567194792286
0.7659769383590094
0.24182000138425416
-0.37470395695973246
-0.8481037394642502
-0.9975567194792293
-0.7659769383589433
-0.24182000138415433
0.3747039569598279
0.8481037394642446
0.9975567194792301
0.7659769383590233
0.2418200013842751
-0.3747039569597125
-0.8481037394642388
-0.9975567194792309
-0.7659769383589571
-0.992527717487983
-0.7312505965561673
-0.1906606020335539
0.4227552621503542
0.8746929851157114
0.9925277174879843
0.7312505965561746
0.19066060203345286
-0.42275526215044745
-0.8746929851157612
-0.9925277174879856
-0.731250596556182
-0.19066060203346344
0.4227552621504377
0.8746929851157008
0.9925277174879731
0.6746775500833683
0.11197390566299448
-0.49349996486756553
-0.910473622265609
-0.9796773018184038
-0.6746775500833762
-0.11197390566300519
0.49349996486765507
0.9104736222656515
0.9796773018184288
0.6746775500833841
0.11197390566290294
-0.09778325300160551
-0.6640767429342619
-0.9767154882043763
-0.9162821143188945
-0.5058601160471404
0.09778325300159478
0.6640767429342539
0.9767154882043984
0.9162821143188533
0.5058601160471498
-0.09778325300158405
-0.6640767429342458
-0.9767154882043717
-0.9162821143189032
-0.5058601160471591
0.09778325300157333
0.6640767429342377
0.9767154882043937
0.9162821143188619
0.5058601160471684
-0.0977832530015626
-0.6640767429342297
-0.9767154882043915
-0.9162821143189117
-0.5058601160470796
0.09778325300166502
0.6640767429342216
0.9767154882043891
0.9162821143188705
0.505860116047187
-0.09778325300154114
-0.6640767429342136
-0.9767154882043868
-0.9162821143188749
-0.5058601160470982
-0.9987389391481223
-0.8375064712803755
-0.3563749971814312
0.2608796131000993
0.7784870781493217
0.9987389391481217
0.8375064712803814
0.35637499718154747
-0.2608796130999791
-0.7784870781492437
-0.9987389391481212
-0.8375064712803872
-0.3563749971814513
0.26087961310007846
0.7784870781493082
0.9987389391481206
0.8375064712803931
0.3563749971814614
-0.260879613100068
-0.7784870781492301
-0.9987389391481257
-0.8375064712803368
-0.35637499718157767
0.26087961310005764
0.7784870781492946
0.9987389391481195
0.5111620422111309
-0.09165345287484494
-0.6594604441489196
-0.9753759599942279
-0.9187310109312377
-0.5111620422110426
0.09165345287494742
0.6594604441489968
0.9753759599942506
0.9187310109312868
0.5111620422111495
-0.09165345287482346
-0.6594604441489034
-0.9753759599942231
-0.9187310109313359
-0.5111620422112565
0.09165345287469952
0.6594604441489806
0.9753759599942459
0.9187310109312953
0.511162042211168
-0.09165345287480199
-0.659460444149058
-0.9753759599942685
-0.9187310109312546
-0.5111620422110796
0.09165345287490446
0.6594604441489644
0.9753759599942411
0.9187310109313038
0.5111620422111866
0.7173114433705903
0.9898580961101064
0.8843126001748509
0.4409897476526245
-0.17077619978265246
-0.7173114433705036
-0.9898580961100887
-0.8843126001748028
-0.4409897476525321
0.17077619978275385
0.7173114433705753
0.9898580961101033
0.8843126001747548
0.44098974765243976
-0.17077619978285524
-0.7173114433706469
-0.989858096110118
-0.884312600174813
0.990443920668956
0.8823509907797024
0.43722997241977324
-0.1748980345043173
-0.6456340342402943
-0.9711893324017838
-0.92578331509714
-0.5267595376429693
0.07346847929262043
0.6456340342401993
0.9711893324017542
0.9257833150971011
0.526759537642882
-0.07346847929272306
-0.6456340342402778
0.6469316164425187
0.9715931525455129
-0.7907263134341324
-0.27988662918488566
0.33786023441634083
0.8265559719175419
0.9995354217504699
0.7907263134342085
0.2798866291850052
-0.33786023441622365
-0.8265559719174719
-0.9995354217504737
-0.7907263134341455
-0.27988662918490637
0.3378602344163205
0.8265559719175298
0.9995354217504706
0.7907263134340825
-0.23792875555082943
0.3784171869099867
0.8502206258984405
0.9972686837297303
0.7633940002921344
0.9875718995369065
0.8913434132769021
0.45465203879349164
-0.15570096145458365
-0.7065814865080499
-0.9875718995368868
-0.8913434132769587
-0.4546520387934
0.1557009614546853
0.7065814865081226
0.987571899536903
0.891343413276912
0.45465203879330834
-0.15570096145478693
-0.7065814865081954
-0.9875718995369193
-0.8913434132768653
-0.4546520387934192
0.155700961454664
0.7065814865081074
0.9875718995368997
0.8913434132769218
0.45465203879353006
-0.15570096145454104
-0.7065814865081802
-0.9875718995369158
-0.891343413276875
-0.8733186306984001
-0.9928688656383945
-0.7331769402761039
-0.1934363434960147
0.4201903618400467
0.8733186306983395
0.9928688656384094
0.7331769402760339
0.19343634349591377
-0.42019036184014014
-0.8733186306983896
-0.992868865638397
-0.7331769402759639
-0.1934363434958128
0.4201903618402335
0.8733186306984397
0.9928688656383848
0.7331769402760485
0.19343634349593491
-0.42019036184012054
-0.8733186306983791
-0.9928688656383996
-0.7331769402761332
-0.193436343496057
0.4201903618402139
-0.0371731060083917
-0.6174526738635457
-0.9618863067473472
-0.9389120637667975
-0.5573053248746672
0.037173106008267315
0.6174526738634478
0.9618863067473131
0.9389120637668403
0.5573053248745818
-0.037173106008370156
-0.6174526738635288
-0.9618863067473412
-0.9389120637668049
-0.5573053248744964
0.03717310600847299
0.6174526738636097
0.9618863067473694
0.9389120637667695
0.5573053248745997
-0.037173106008348604
-0.6174526738635118
-0.9618863067473353
-0.9389120637668124
-0.5573053248747031
0.037173106008224224
0.6174526738635927
0.8093350504453874
0.9999998534912121
-0.8165835098080017
-0.9999156388868697
-0.801313979793413
-0.29663761607934525
0.32134423463528133
0.816583509808061
0.9999156388868684
0.8013139797934874
0.29663761607946415
-0.3213442346351635
-0.8165835098079892
-0.9999156388868701
-0.8013139797935619
-0.296637616079583
0.3213442346352609
