0.1462278323866615
-0.4631663115240883
-0.8956466668765585
-0.986020437392738
-0.6997679144269291
-0.14622783238666076
0.3431976412629211
-0.274432339077101
-0.7872384935018082
-0.999346300661088
-0.8297377874993035
-0.3431976412629196
0.2744323390771043
0.7872384935018103
-0.7221909702360736
-0.9908321359187774
-0.881009102826164
-0.4346705368520044
0.1776974002914519
0.7221909702360747
0.9908321359187767
0.8810091028261623
0.43467053685200774
-0.17769740029145525
-0.7221909702360721
-0.9908321359187772
-0.8810091028261607
-0.43467053685200463
0.17769740029145165
0.7221909702360746
0.9908321359187767
0.8810091028261624
0.43467053685200796
-0.17769740029145503
-0.7221909702360769
-0.9908321359187772
-0.8810091028261609
-0.43467053685201124
0.1776974002914514
0.7221909702360744
0.9908321359187766
0.8810091028261625
0.4346705368520082
-0.17769740029145478
-0.7221909702360767
-0.9908321359187762
-0.8810091028261643
-0.4346705368520051
0.17769740029145817
0.7221909702360741
0.9908321359187766
0.8810091028261626
0.4346705368520084
-0.17769740029145453
-0.7221909702360717
-0.9908321359187771
-0.8810091028261644
-0.4346705368520053
0.17769740029145792
0.722190970236074
0.9908321359187775
0.8810091028261627
0.4346705368520022
-0.1776974002914543
-0.7221909702360715
-0.9908321359187771
-0.8810091028261645
-0.4346705368520055
0.17769740029145767
0.7221909702360738
0.9908321359187775
0.8810091028261628
0.4346705368520024
-0.17769740029145406
-0.7221909702360714
0.5095465302938385
-0.09352396393580062
-0.6608714827045828
-0.9757885572757501
-0.9179875688008001
-0.5095465302938356
0.09352396393578988
0.6608714827045749
0.9757885572757476
0.9179875688008045
0.5095465302938326
-0.09352396393580745
-0.6608714827045774
-0.9757885572757515
-0.917987568800803
-0.5095465302938419
0.0935239639357967
0.66087148270458
0.9757885572757492
0.9179875688008017
0.5095465302938389
-0.09352396393580012
-0.6608714827045719
-0.97578855727575
-0.917987568800806
-0.509546530293836
-0.6170280397450323
-0.03663375857844639
0.5577533732294245
0.9390976738035969
0.9617385817407372
0.6170280397450184
0.03663375857845716
-0.5577533732294156
-0.9390976738035932
-0.9617385817407402
-0.6170280397450268
-0.036633758578467936
0.5577533732294538
0.9390976738035894
0.9617385817407276
0.6170280397450354
0.036633758578478705
-0.5577533732294448
-0.9390976738035858
-0.9617385817407306
-0.6170280397450438
-0.03663375857843268
0.557753373229436
0.9390976738036015
0.9617385817407335
0.6170280397450524
0.03663375857844345
-0.557753373229427
-0.9390976738035979
-0.9617385817407365
-0.6170280397450161
-0.036633758578454224
0.5577533732294181
0.9390976738035942
-0.953294685934352
-0.9487673101998377
-0.5818430693837963
0.0073254478182943955
0.5936958929366104
0.9532946859343487
0.8268184587017803
0.999521094476948
0.7904406446344122
0.2794387346309049
-0.33829927422834694
-0.8268184587017902
-0.9995210944769484
-0.7904406446344189
-0.2794387346309153
0.3382992742283368
0.8268184587017842
0.9995210944769487
0.790440644634408
0.2794387346309256
-0.3382992742283266
-0.8268184587017781
-0.9995210944769481
-0.7904406446344147
-0.279438734630936
0.3382992742283432
0.826818458701772
0.9995210944769485
0.7904406446344212
0.27943873463089175
-0.3382992742283331
-0.8268184587017819
-0.9995210944769479
-0.7904406446344279
-0.2794387346309294
0.33829927422832295
0.8268184587017918
0.9995210944769483
0.790440644634417
0.27943873463091246
-0.3382992742283128
-0.8268184587017858
-0.9995210944769486
-0.7904406446344062
-0.2794387346309228
0.9926828057014497
0.7321214975384281
0.19191466121022438
-0.42159705276091003
-0.874073022134116
-0.9926828057014476
-0.7321214975384355
-0.19191466121020706
0.42159705276090026
0.8740730221341108
0.9926828057014488
0.7321214975384428
-0.6463889229955666
-0.9975369727938054
-0.8482531643223449
-0.3749654781443948
0.2415462760768598
0.7657955626927003
0.9975369727938046
0.8482531643223356
0.3749654781444048
-0.24154627607684934
-0.7657955626927117
-0.9975369727938058
-0.8482531643223412
-0.3749654781444148
0.24154627607686646
0.765795562692723
0.997536972793805
0.848253164322347
0.3749654781443984
-0.241546276076856
-0.765795562692716
-0.9975369727938063
-0.8482531643223375
-0.37496547814443476
0.24154627607684553
0.7657955626927274
0.9975369727938056
0.8482531643223583
0.37496547814444475
-0.24154627607689025
-0.7657955626927204
-0.9975369727938048
-0.11294457345059168
-0.6753982642169595
-0.979872773995094
-0.9100691887577518
-0.49265010552900734
0.11294457345058097
0.6753982642169516
0.9798727739950919
0.6434009723480323
0.07055545752123824
-0.5292398439868674
-0.9268835132927181
-0.9704891841326306
0.6501722234869113
0.0794088641015811
-0.5216859823625778
-0.9235145150185906
-0.9725918920413554
-0.6501722234869194
-0.07940886410153518
0.5216859823625686
0.9235145150185864
0.972591892041358
0.6501722234869276
0.07940886410154593
-0.5216859823625594
-0.9235145150185823
-0.9725918920413605
-0.6501722234869358
-0.07940886410155668
0.5216859823625987
0.9235145150185782
0.972591892041363
0.6501722234869008
0.07940886410151077
-0.5216859823625895
-0.9235145150185741
-0.9725918920413655
-0.650172223486909
-0.07940886410152151
0.5216859823625803
0.9235145150185698
0.972591892041368
0.6501722234869172
0.07940886410153225
-0.5216859823625711
-0.9235145150185657
-0.9725918920413573
-0.6501722234868822
-0.079408864101543
0.5216859823625619
0.9235145150185616
0.9725918920413466
0.6501722234868904
0.07940886410155375
-0.5216859823625527
-0.9235145150185793
-0.9725918920413491
-0.6501722234868986
-0.07940886410156449
0.521685982362592
-0.9853264173695901
-0.6968223046466158
-0.14215575566769817
0.46680946027985054
0.8974693286705291
0.9853264173695823
0.6968223046466235
0.14215575566770883
-0.4668094602798913
-0.8974693286705243
-0.985326417369584
-0.6968223046466313
-0.1421557556677195
0.46680946027988174
0.8974693286705195
0.9853264173695859
0.696822304646639
0.14215575566773017
-0.4668094602798722
-0.8974693286705399
-0.9853264173695878
-0.6968223046466467
-0.14215575566774086
0.46680946027991294
0.8974693286705351
0.9853264173695896
0.6968223046466545
0.14215575566769525
-0.4668094602799034
-0.8974693286705303
-0.9853264173695915
-0.6968223046466622
-0.12523708797779742
0.4818385939799519
0.9048683101288584
0.9822690871511983
0.6844764589801005
0.1252370879778081
-0.48183859397999224
-0.9048683101288779
-0.9822690871512003
-0.6844764589801083
-0.1252370879778188
0.4818385939799828
0.9048683101288734
0.9822690871511918
0.6844764589801162
0.1252370879778295
-0.48183859397997336
-0.9048683101288688
-0.9822690871511938
-0.6844764589801241
-0.1252370879777838
0.4818385939800137
0.9048683101288642
0.9822690871511958
0.6844764589801319
0.1252370879777945
0.1733838355799279
-0.43861237957743854
-0.8830735736226506
-0.9902306771108685
-0.7191533186455862
-0.17338383557993853
0.4386123795774289
0.8830735736226455
0.9902306771108701
0.7191533186455542
0.17338383557989315
-0.43861237957741916
-0.8830735736226405
-0.9902306771108715
-0.7191533186455618
-0.17338383557990378
0.4386123795774095
0.8830735736226354
0.9902306771108731
0.7191533186455692
0.17338383557991438
-0.4386123795773998
-0.8830735736226304
-0.9902306771108667
0.08204246411609806
-0.5028408467783101
0.10126244731981629
0.6666869283257224
0.9774596625664871
0.9148760283388856
0.5028408467783194
-0.10126244731980556
-0.6666869283257144
-0.9774596625664849
-0.914876028338867
-0.5028408467782797
0.10126244731979483
0.6666869283257063
0.9774596625664825
0.9148760283388714
0.502840846778289
-0.10126244731978411
-0.6666869283256983
-0.9774596625664803
-0.9148760283388757
-0.5028408467782982
0.1012624473197734
0.6666869283257326
0.977459662566478
0.9148760283388571
0.5028408467783075
-0.10126244731976267
-0.6666869283257246
-0.9774596625664878
-0.9148760283388615
-0.7882995353539766
-0.2760883496559051
0.34157920171281364
0.8287751078773039
0.9994070918625491
-0.08618271621348654
0.515875025931388
0.9208860421177429
0.9741498899804656
0.6553215900076066
0.08618271621349728
-0.5158750259314274
-0.9208860421177388
-0.9741498899804552
-0.6553215900076147
-0.08618271621350802
0.515875025931467
0.9208860421177567
0.9741498899804576
0.6553215900076228
0.08618271621351876
-0.5158750259313604
-0.9208860421177525
-0.9741498899804858
-0.655321590007631
-0.08618271621341625
0.5158750259314485
0.9208860421177484
0.9741498899804625
0.6553215900076391
-0.01028017908916893
-0.596071031875519
-0.9541830101946602
-0.9478295101071567
-0.579437352698909
0.010280179089158148
0.5960710318756016
0.9541830101946911
0.9478295101071238
0.579437352698825
-0.010280179089147369
-0.5960710318755017
-0.9541830101946538
-0.9478295101071635
-0.5794373526988338
0.01028017908913659
0.5960710318755843
0.9541830101946847
0.9478295101071307
0.5794373526988426
-0.01028017908912581
-0.5960710318754844
-0.9541830101946474
-0.9478295101071704
0.32918665868133673
-0.28870736334726754
-0.7963249853795896
-0.37792952900272686
-0.8499431973544305
-0.9973074528234209
-0.7637341585474761
-0.23844037407571872
0.3779295290027169
0.8499431973543649
0.99730745282343
0.7637341585475564
0.23844037407572918
-0.37792952900270693
-0.8499431973544191
-0.9973074528234225
-0.7637341585474899
-0.23844037407573965
0.37792952900269694
0.8499431973543535
0.9973074528234316
0.7637341585474969
0.2384403740757501
-0.3779295290027922
-0.8499431973544077
-0.997307452823424
-0.7637341585475039
-0.2384403740757606
0.37792952900267696
0.8499431973543422
0.9973074528234332
0.7637341585475108
0.23844037407566065
-0.37792952900277227
-0.8499431973543964
-0.9973074528234257
-0.8600812716154516
-0.9956831501805182
-0.2612990468179509
0.3559689871509149
0.8372689669690784
0.998760659130491
0.778759726130324
0.2612990468178516
-0.35596898715101105
-0.8372689669690725
-0.9987606591304858
-0.7787597261303307
-0.2612990468179717
0.35596898715089476
0.8372689669690666
0.9987606591304864
0.7787597261303375
-0.9978560685305645
-0.845751104291975
-0.3705979642366255
0.24611100199558616
0.7688139304707843
0.9978560685305637
0.8457511042920415
0.3705979642367411
-0.24611100199546554
-0.7688139304707774
-0.9978560685305631
-0.8457511042919865
-0.3705979642366455
0.24611100199556527
0.7688139304707705
0.9978560685305624
0.8457511042920529
0.3705979642367611
-0.24611100199544464
-0.7688139304707636
-0.9978560685305691
-0.8457511042919981
-0.3705979642366655
0.24611100199554437
0.7688139304707567
0.997856068530561
0.8457511042920645
0.37059796423678115
-0.24611100199553393
-0.8965735062221916
-0.46501607588001037
0.144161690133221
0.6982745903911965
0.9856703306001853
0.8965735062221963
0.4650160758799193
-0.14416169013332283
-0.6982745903912702
-0.9856703306001835
-0.8965735062222011
-0.46501607588002947
0.14416169013331215
0.6982745903912625
0.9856703306001816
0.8965735062221555
0.4650160758799384
-0.1441616901333015
-0.6982745903912547
-0.9856703306001798
-0.8965735062222107
-0.46501607587994787
0.1441616901332908
0.6982745903912471
0.9856703306001972
0.29784179888419565
0.8020678385876767
0.9999312252337447
0.815854870252878
0.32014968472257127
-0.2978417988841854
-0.8020678385876024
-0.9999312252337446
-0.81585487025295
-0.3201496847225815
0.29784179888428364
0.8020678385876638
0.9999312252337444
0.8158548702528905
0.3201496847225917
-0.2978417988841648
-0.8863318397185069
-0.9892318421848425
-0.7142789036902693
-0.16649570143304676
0.4448831997908402
0.8863318397185019
0.9892318421848442
0.7142789036902768
-0.5359098991809659
-0.9298127157095134
-0.9685586780088973
-0.6373481454075761
-0.06269228392728976
0.5359098991809568
0.9298127157095094
0.9685586780088999
0.6373481454074968
0.06269228392718705
-0.5359098991809477
-0.9298127157095054
-0.9685586780089026
-0.6373481454075928
-0.0626922839271978
0.5359098991809386
0.9298127157095014
0.9685586780089054
-0.10529268274768462
-0.6697014858961888
-0.9783070837485639
-0.913232627043806
-0.49933434644369734
0.1052926827476739
0.6697014858960965
0.978307083748538
0.9132326270438567
0.49933434644370667
-0.10529268274766318
-0.6697014858961728
-0.9783070837485595
-0.9132326270438148
-0.499334346443716
0.10529268274765245
0.6697014858960805
0.9783070837485571
0.9132326270438191
0.4993343464437254
-0.10529268274775479
-0.6697014858961569
-0.9783070837485549
-0.9132326270438236
-0.4993343464437347
0.10529268274763101
0.6697014858961489
0.9783070837485527
0.9132326270437816
0.49933434644364555
-0.10529268274773335
-0.6697014858961409
-0.9783070837485505
-0.9132326270438323
-0.4993343464436549
0.10529268274760957
0.6697014858961329
0.9783070837485718
0.9132326270437904
0.4993343464436642
-0.1052926827477119
-0.6697014858961249
-0.9783070837485696
-0.9132326270438411
-0.49933434644377206
0.10529268274781424
0.6697014858961168
0.9783070837485673
0.9132326270437992
0.4993343464436829
-0.10529268274769046
-0.6697014858961088
-0.9783070837485651
-0.9132326270438036
-0.49933434644369223
0.1052926827477928
0.6697014858961853
0.9783070837485629
0.5252063083003519
-0.07528968572787455
-0.6470275788104397
-0.9716229284458737
-0.9250913436637194
-0.5252063083003611
0.07528968572786379
0.6470275788103448
0.9716229284458442
0.9250913436636803
0.5252063083003703
-0.07528968572785305
-0.6470275788104233
-0.9716229284458686
-0.9250913436637276
-0.5252063083003794
0.07528968572795566
0.6470275788104151
0.9716229284458661
0.9250913436636885
0.5252063083002919
-0.07528968572794491
-0.6470275788104068
-0.9716229284458635
-0.9250913436637358
-0.5252063083003978
0.07528968572793415
-0.017048814293831992
-0.6014926031431369
-0.9561866615734663
-0.9456499148719617
-0.57390704214784
0.017048814293821216
0.6014926031432192
0.9561866615734299
0.9456499148720022
0.5739070421477558
-0.017048814293810437
-0.6014926031432105
-0.95618666157346
-0.9456499148719687
-0.5739070421478577
0.017048814293799657
0.601492603143202
0.9561866615734569
0.9456499148719353
0.46753080442274497
0.8978288806042268
0.985186840476172
0.6962369125554005
0.14134814826075534
-0.4675308044228359
-0.8978288806042221
-0.9851868404761739
-0.6962369125553266
-0.14134814826065345
0.4675308044227259
-0.4232237363900395
-0.8749434478483649
-0.9924645004626614
-0.7308978465279361
-0.19015305752344172
0.42322373639002975
0.8749434478483596
0.9924645004626488
0.7308978465278659
0.19015305752356393
-0.42322373639002
-0.8749434478483544
-0.9924645004626501
-0.7308978465278733
-0.19015305752368614
0.42322373639011324
0.8749434478484042
0.9924645004626514
0.7308978465278806
0.1901530575235851
-0.42322373639000044
-0.8749434478483439
-0.9924645004626528
-0.7308978465278879
-0.19015305752359568
0.4232237363900937
0.8749434478483937
0.9924645004626541
-0.019586052052017175
0.5718270513554957
0.9448216568318576
0.9569265027054669
0.603517949281184
0.019586052052027954
0.9805019218378754
0.9087481003527715
0.4898833917448359
-0.11610012198553309
-0.677737335215608
-0.9805019218378733
-0.9087481003527761
-0.4898833917447462
0.1161001219856353
0.6777373352155165
0.9805019218378712
0.9087481003527331
0.4898833917447556
-0.11610012198551167
-0.6777373352155921
-0.9805019218378914
-0.9087481003527377
-0.489883391744765
0.11610012198561388
0.6777373352155006
0.980501921837867
0.9087481003527421
0.4898833917447744
-0.11610012198560317
-0.6777373352155762
-0.9805019218378872
-0.9087481003527467
-0.4898833917447838
0.11610012198570538
0.6777373352154847
0.9805019218378627
0.9087481003527037
0.4898833917447932
-0.11610012198569468
0.08974761889179132
-0.5128059195200109
-0.9194850263073271
-0.9749521051918625
-0.6580206172963122
-0.08974761889180206
0.5128059195200017
0.9194850263073676
0.9749521051918396
0.6580206172963203
0.0897476188918128
-0.5128059195199924
-0.9194850263073187
-0.9749521051918674
-0.6580206172963284
-0.08974761889182353
0.5128059195199831
0.9194850263073591
0.9749521051918444
0.6580206172963365
0.08974761889183427
-0.5128059195199739
-0.9194850263073548
-0.9749521051918721
-0.658020617296259
-0.08974761889173179
0.5128059195200623
0.9194850263073506
0.9749521051918493
0.6580206172963528
0.08974761889185574
-0.5128059195200529
-0.9194850263073464
-0.9749521051918516
-0.6580206172962753
-0.08974761889186648
0.5128059195200437
-0.681253464356396
-0.981432424893883
-0.9067375567831638
-0.4856997608573404
0.12085883538827713
0.6812534643563048
0.9814324248938592
0.9067375567831204
0.4856997608572504
-0.12085883538837928
-0.6812534643563802
-0.9814324248939225
-0.906737556783077
-0.4856997608571605
0.12085883538848143
0.6812534643564556
0.9814324248938986
0.9067375567831295
0.4856997608572693
-0.12085883538835787
-0.6812534643563645
-0.9814324248938747
-0.5970262543061738
-0.011470303061354185
0.5784669140918259
0.9474494314289835
0.95453846858206
0.5970262543060912
0.011470303061251286
-0.5784669140917243
-0.9474494314289438
-0.9545384685820972
-0.597026254306191
-0.011470303061375746
0.5784669140916229
0.9474494314289039
0.9545384685821343
0.597026254306291
0.011470303061500205
-0.5784669140917068
-0.9474494314289368
-0.9545384685820358
-0.7820774296477989
-0.26641717207762766
0.35100539003977305
0.8343558233961854
0.999010690926684
0.7820774296477349
0.26641717207752846
-0.35100539003965653
-0.8343558233961168
-0.9990106909266896
-0.7820774296478123
-0.2664171720776484
0.35100539003953996
0.8343558233960482
0.999010690926685
0.7820774296477483
0.2664171720775493
-0.3510053900396363
-0.8343558233961049
-0.9990106909266805
-0.7820774296476841
-0.2664171720774501
0.9608753648291263
0.6145590901578373
0.033502131141483524
-0.5603515032753597
-0.9401699090881299
-0.9608753648291607
-0.6145590901579355
-0.033502131141607924
0.5603515032752566
0.940169909088165
-0.3379000860288019
0.27984597943667927
0.7907003923723613
0.6758346207946843
0.11353263439645746
-0.4921349595090953
-0.9098237259340154
-0.9799907528232374
-0.6758346207946084
-0.1135326343963552
0.49213495950898695
0.9098237259339638
0.9799907528232622
0.6758346207947001
0.11353263439647887
-0.4921349595088786
-0.9098237259339121
-0.979990752823287
-0.6758346207947918
-0.11353263439660254
0.4921349595089682
0.9098237259339548
0.9799907528232212
0.675834620794716
0.1135326343965003
-0.4921349595090578
-0.9098237259339975
-0.979990752823246
-0.6758346207946402
-0.11353263439639806
0.4921349595089494
0.9098237259339459
0.9799907528232707
0.6758346207947319
0.11353263439652173
-0.49213495950884106
-0.9098237259338942
-0.9799907528232955
-0.6758346207946561
-0.11353263439641947
0.49213495950893066
0.9098237259339369
0.9799907528232751
0.6758346207945802
0.11353263439631724
-0.4921349595090202
-0.9098237259339796
-0.9799907528232547
-0.6758346207946719
-0.1135326343964409
0.4921349595089119
0.909823725933928
0.9799907528232794
0.6758346207947638
0.11353263439656457
-0.49213495950880354
-0.9098237259339707
-0.9799907528233042
-0.6758346207946878
-0.11353263439646233
0.4921349595088931
0.9098237259340134
0.9799907528232384
0.675834620794612
0.11353263439636008
-0.4921349595089827
-0.9098237259339618
-0.9799907528232632
-0.6758346207947038
-0.11353263439648374
0.4921349595088743
0.90982372593391
0.979990752823288
0.6758346207947955
0.11353263439660741
-0.49213495950876596
-0.9098237259339528
-0.9799907528232674
-0.6758346207947197
0.9991727451971892
0.8322513412173328
0.3474382120749527
-0.27008450508942905
-0.7844441211443507
-0.9991727451971935
-0.8322513412172757
-0.34743821207506936
0.2700845050893092
0.7844441211442735
0.9991727451971884
0.8322513412173448
0.3474382120751861
-0.27008450508918935
-0.7844441211443374
-0.9991727451971926
-0.8322513412172877
-0.3474382120750896
0.2700845050895074
-0.33065681576918854
0.287215973799576
0.7953820234888102
0.9997391742460093
0.8222299403260157
0.330656815769306
-0.28721597379967456
