-0.9509995993250291
-0.5876362739763894
0.00018413500888583514
0.5879342106792855
0.9511134010190394
0.9509995993250292
0.5876362739763891
-0.00018413500888571268
-0.5879342106792853
-0.9511134010190393
-0.9509995993250292
-0.5876362739763885
0.0001841350088869225
0.5879342106792849
0.9511134010190392
0.9509995993250294
0.58763627397639
-0.00018413500888680003
-0.5879342106792848
-0.9511134010190391
-0.9509995993250294
-0.5876362739763901
0.00018413500888667757
0.5879342106792861
0.9511134010190396
0.9509995993250294
-0.9690167696131667
-0.6387710515392729
-0.06453650280689222
0.5343487964826741
0.9291310173634544
0.9690167696131659
0.6387710515392758
0.06453650280689588
-0.534348796482671
-0.9291310173634556
-0.9690167696131669
-0.6387710515392786
-0.06453650280689245
0.5343487964826739
0.9291310173634543
0.9690167696131677
0.858359381299735
0.9959899031577737
0.753186134461255
0.22269086225569612
-0.39286475034752794
-0.8583593812997367
-0.9959899031577735
-0.7531861344612575
-0.2226908622556928
0.39286475034753104
0.8583593812997349
0.9959899031577738
0.7531861344612599
0.22269086225569637
-0.39286475034752766
-0.8583593812997365
-0.9959899031577735
-0.7531861344612576
-0.22269086225569995
0.3928647503475243
0.8583593812997347
0.9959899031577738
0.7531861344612554
0.22269086225568274
-0.39286475034752744
-0.8583593812997364
-0.9959899031577735
-0.7531861344612625
-0.22269086225569326
0.3928647503475306
0.8583593812997382
0.9959899031577731
0.7531861344612601
0.22269086225570375
-0.3928647503475207
-0.8583593812997327
-0.9959899031577741
-0.9234629140954841
-0.9726231590162171
-0.6502744154380503
-0.07954294717701497
0.5215712233403029
-0.852295165895355
-0.3820736526574101
0.2340870096898454
-0.7779859068639086
-0.9986985535643689
-0.8379422973186014
-0.3571205641082819
0.2601090865098454
0.7779859068639107
0.9986985535643691
0.8379422973185995
0.35712056410827875
-0.2601090865098487
-0.7779859068639039
-0.9986985535643685
-0.8379422973185976
-0.3571205641082888
0.26010908650985204
0.777985906863915
0.9986985535643694
0.8379422973185879
0.3571205641082723
-0.2601090865098416
-0.7779859068639082
-0.9986985535643689
-0.8379422973185938
-0.3571205641082824
0.26010908650985864
-0.85604003172204
-0.9963827331032833
-0.7561410962425833
-0.22707926090781871
0.38871913395352825
0.8560400317220345
0.9963827331032818
0.7561410962425904
0.22707926090780153
-0.3887191339535183
-0.8560400317220436
-0.9963827331032827
-0.7561410962425789
-0.22707926090781205
0.3887191339535084
0.8560400317220527
0.9963827331032836
0.7561410962425673
0.22707926090782254
-0.38871913395352464
-0.8560400317220471
-0.9963827331032846
-0.7561410962425743
-0.22707926090783304
0.3887191339535409
0.8560400317220415
0.9963827331032831
0.7561410962425814
0.22707926090781586
-0.38871913395353097
-0.8560400317220359
-0.9963827331032816
-0.7561410962425884
-0.22707926090779867
0.38871913395352103
0.856040031722045
0.9963827331032825
0.7561410962425769
0.2270792609078092
-0.3887191339535111
-0.8560400317220395
-0.9963827331032834
-0.756141096242584
-0.22707926090781969
0.38871913395352736
0.8560400317220486
0.9963827331032843
0.7561410962425724
0.22707926090783018
-0.3887191339535174
-0.856040031722043
-0.9963827331032828
-0.7561410962425794
-0.22707926090784067
0.3887191339535337
0.8560400317220521
0.9963827331032837
0.7561410962425865
0.2270792609078235
-0.38871913395352375
-0.8560400317220466
-0.9963827331032823
-0.7561410962425935
-0.227079260907834
0.3887191339535138
0.8560400317220557
0.9963827331032832
0.7561410962425821
0.22707926090781683
-0.3887191339535039
-0.8560400317220501
-0.9963827331032841
-0.7561410962425705
-0.22707926090782732
0.38871913395352015
0.8560400317220446
0.996382733103285
0.7561410962425775
0.2270792609078378
-0.38871913395353636
-0.856040031722039
-0.9963827331032835
-0.7561410962425846
-0.2270792609078483
-0.9017227963819091
-0.47540086239737456
0.13250804274194722
0.6898033793365479
0.9836172705791494
0.9017227963819138
0.47540086239735907
-0.13250804274193653
-0.6614020895876318
-0.9759429948018888
0.9155864289517527
0.9770859149521187
0.665371791369593
0.0995082586393062
-0.5043640467298773
-0.9155864289517484
-0.9770859149521209
-0.665371791369601
-0.09950825863931692
0.5043640467299662
0.915586428951744
0.9770859149521233
0.6653717913696091
0.09950825863932765
-0.5043640467299568
-0.9155864289517397
-0.9770859149521256
-0.6653717913696171
-0.09950825863933838
0.5043640467299475
0.9155864289517354
0.9770859149521278
0.6653717913696252
0.09950825863923597
-0.5043640467299382
-0.915586428951731
-0.9770859149521302
-0.6653717913695484
-0.0995082586392467
0.504364046729929
0.9155864289517267
-0.8844942717092285
-0.4413390699423913
0.17039265597921535
0.7170401787501234
0.9898027245377493
0.8844942717092334
0.44133906994234995
-0.17039265597920475
-0.7170401787501158
-0.9898027245377478
-0.8844942717092386
-0.4413390699423596
0.17039265597919412
0.7170401787501083
0.9898027245377462
0.8844942717092436
0.4413390699423693
-0.1703926559792395
-0.7170401787501008
-0.9898027245377446
0.033485541992070315
-0.5603652509561271
-0.9401755641534649
-0.9608707672362982
-0.8670620399515708
-0.4086332072861391
0.20587962163067627
0.7417534326755474
0.994302643710288
0.8670620399515762
0.40863320728620084
-0.20587962163066573
-0.7417534326755402
-0.9674163807470849
-0.9314780703576149
-0.5397467968666813
0.05814940770845963
0.633834514964598
-0.8353057168609321
-0.9989324700495495
-0.7810009721451234
-0.26475364812799285
0.35262057082849324
0.8353057168609261
0.99893247004955
0.7810009721451301
0.2647536481280032
-0.3526205708284832
-0.8353057168609203
-0.9989324700495505
-0.7810009721451369
-0.2647536481280136
0.35262057082852627
0.8353057168609456
0.998932470049551
0.4792453932760796
-0.12817025200662094
-0.6866292173694768
-0.9828191593659065
-0.9036055872791467
-0.4792453932760891
0.12817025200666662
0.686629217369469
0.9828191593659045
0.9036055872791514
0.47924539327609855
-0.12817025200659957
-0.7027647354761865
-0.1503850624088901
0.45943659309828333
0.8937690857174069
0.9867121656863748
0.7027647354761941
0.15038506240890076
-0.4594365930982738
-0.893769085717402
-0.9867121656863765
-0.7027647354762019
-0.15038506240891142
0.4594365930983147
0.8937690857173972
0.9867121656863783
0.9991011978953861
0.833205262624324
0.349053236636077
-0.268425261864036
-0.6599830835366284
-0.09234595590939768
-0.6350341896425066
-0.9678081724204152
-0.9309123279236073
-0.5384396147063303
0.059698730439429054
0.6350341896424982
0.9678081724204124
0.9309123279236113
0.5384396147062914
-0.05969873043941829
-0.6033720205735622
-0.9568733549087997
-0.9448815905979994
-0.5719771740228541
0.019403082239891283
0.6033720205735988
0.9946465938457508
0.8654248753887809
0.40564026924295854
-0.20908513254800357
-0.7439471202479113
-0.9946465938457497
-0.21680495141362052
0.39840585583447924
0.861439167470868
0.9954319963737243
0.7492036361510004
0.21680495141363107
-0.39840585583452154
-0.8614391674708625
-0.9954319963737199
-0.7492036361510075
0.3025912419674452
-0.31542867105718003
-0.8129655527641277
-0.9999772249980484
-0.8050315852585449
-0.30259124196745546
0.31542867105716976
0.8129655527641214
0.9999772249980485
0.8050315852585176
0.30259124196741155
-0.31542867105715955
-0.8129655527641152
-0.9999772249980486
-0.805031585258524
-0.3025912419674218
0.31542867105714933
0.812965552764142
0.9999772249980486
0.8050315852585304
-0.12156686130153643
-0.6817754498230479
-0.9815689892073671
-0.9064365370173795
-0.4850761363315317
0.12156686130152573
0.6817754498230401
0.981568989207365
0.906436537017384
0.48507613633144164
-0.12156686130151503
-0.6817754498230322
-0.5298559667454831
0.06983092902713721
0.6428447833774182
0.9703137799680511
0.9271558923632823
0.5298559667454922
-0.06983092902712645
-0.6428447833773665
-0.9703137799680485
-0.9271558923632864
-0.5298559667455014
0.0698309290271724
0.6428447833773582
0.9703137799680459
0.9271558923632904
0.5298559667455105
-0.06983092902716165
-0.6428447833773935
-0.970313779968057
-0.9271558923632944
-0.5298559667454714
0.06983092902709419
0.6428447833773853
-0.43381790840347434
-0.8805609061526639
-0.9909595669159529
-0.7228453545941987
-0.17862878542745175
0.4338179084034646
0.8805609061526588
0.9909595669159695
0.7228453545942848
0.17862878542757424
-0.4338179084034549
-0.8805609061527077
-0.9909595669159558
-0.7228453545942136
-0.17862878542747299
0.4338179084034452
0.8805609061526486
0.9909595669159724
0.7228453545942997
0.1786287854274836
-0.4338179084034355
-0.8805609061526974
-0.9909595669159587
-0.7228453545942285
-0.1786287854274942
0.43381790840342577
0.8805609061526384
0.9909595669159753
0.7228453545943145
0.1786287854275048
-0.43381790840351847
-0.8805609061526333
-0.9909595669159615
-0.7228453545942434
-0.1786287854275154
0.43381790840340634
0.8805609061526282
0.9909595669159783
0.7228453545942509
0.17862878542752603
-0.43381790840349904
-0.880560906152677
-0.9909595669159644
-0.7228453545942584
-0.17862878542753663
0.4338179084033869
0.880560906152618
0.9909595669159659
-0.9441046583800453
-0.5700357372102499
0.021767460771703655
0.605256228587647
0.9575576889857028
0.9441046583800489
-0.5044877971164898
0.09936564892951086
0.6652647943986308
0.977055399926204
0.9156440515735716
0.5044877971164992
-0.09936564892961325
-0.6652647943987077
-0.9770553999262259
-0.915644051573576
-0.5044877971165085
0.0993656489294894
0.6652647943986997
0.9770553999261995
0.9156440515735803
0.5044877971164196
-0.0993656489295918
-0.6652647943986916
-0.9770553999262214
-0.9156440515735846
-0.504487797116527
0.09936564892946795
0.6652647943985986
0.977055399926219
0.915644051573589
0.5044877971164382
-0.09936564892957034
-0.6652647943986755
-0.9770553999262168
-0.9156440515735933
-0.5044877971165457
0.09936564892955961
0.6652647943986675
0.9770553999262145
-0.9925972939702081
-0.8744158312013878
-0.4222372412145506
0.1912216236001895
0.7316403275836018
0.9925972939702068
0.874415831201393
0.4222372412146634
-0.1912216236001789
-0.7316403275835944
-0.9925972939702056
-0.874415831201343
-0.4222372412145701
0.1912216236001683
0.7316403275835871
0.9925972939702042
0.8744158312014034
0.4222372412145799
-0.19122162360015774
-0.7316403275835798
-0.9925972939702167
-0.8744158312013536
-0.42223724121458966
0.19122162360014716
0.7316403275835723
0.9925972939702016
0.8744158312014139
0.4412418581523288
-0.17049940113153328
-0.7171156842447362
-0.9898181498419962
-0.8844437248811791
-0.44124185815233846
-0.9697181331602817
-0.9280713756346821
-0.5319328966025323
0.06738586919758593
0.6409655233256829
0.969718133160279
0.9280713756346862
0.5319328966024451
-0.0673858691976886
-0.6409655233257618
-0.9697181331602764
-0.9280713756346902
-0.5319328966025505
0.06738586919767785
0.6409655233257536
0.9697181331602738
0.9280713756346519
0.5319328966024633
-0.06738586919766709
-0.6409655233257453
-0.9697181331602711
-0.9280713756346982
-0.5319328966024726
0.06738586919765634
0.6409655233257371
0.9697181331602963
-0.8468386557111819
-0.37249335009035284
0.24413175468160592
0.7675068268983496
0.9977203778375283
0.8468386557111877
0.9239684866954291
0.9723156148575204
0.6492712259362761
0.07822729662470558
-0.5226968011494803
-0.923968486695425
-0.9723156148575495
-0.6492712259362843
-0.07822729662482966
0.522696801149471
0.4543795616994152
0.8912046982540534
0.9876199310092634
0.7067979180857898
0.15600312363122937
-0.4543795616994056
-0.8912046982540485
-0.9876199310092473
-0.7067979180857171
-0.15600312363112773
0.454379561699396
0.8912046982540436
0.9876199310092667
0.7067979180857247
0.15600312363113839
-0.45437956169938637
-0.8912046982540903
-0.9876199310092506
-0.7067979180857323
-0.15600312363114902
0.45437956169937677
0.8912046982540338
0.9876199310092523
0.70679791808574
0.15600312363115967
-0.45437956169936716
-0.8912046982540804
-0.9876199310092539
-0.7067979180857475
-0.15600312363117033
0.45437956169935756
0.891204698254024
0.9876199310092557
0.7067979180857552
0.15600312363106866
-0.4543795616994492
-0.8912046982540707
-0.9033342854262896
-0.47868979583180465
0.12879792570266785
0.6870892172992087
0.9829357811910551
0.9033342854262941
0.4786897958317143
-0.1287979257027699
-0.6870892172992834
-0.9829357811910531
-0.9033342854262988
-0.4786897958318236
0.12879792570264648
0.687089217299193
0.9924293776632003
0.7307024146452756
0.1898719648944961
-0.4234831219352486
-0.8750820498477119
-0.9924293776632016
-0.7307024146452054
-0.18987196489439506
0.4234831219353418
0.8750820498477067
0.9924293776632029
0.7307024146452904
0.18987196489440564
-0.4234831219352291
-0.8750820498477014
-0.9924293776631903
-0.7307024146452201
-0.1898719648944162
0.4234831219353223
0.8750820498476962
0.9924293776631916
0.730702414645305
0.18987196489453842
-0.42348312193541554
-0.875082049847691
-0.992429377663193
-0.7307024146452349
-0.1898719648944374
0.42348312193530274
0.8750820498476858
0.9924293776631943
0.7307024146452422
0.18987196489444796
-0.423483121935396
-0.8750820498477356
-0.9924293776631956
0.5629058466870022
-0.030416474068044257
-0.6121207355470285
-0.9600156812656516
-0.9412172664736713
-0.562905846687011
0.03041647406803348
0.6121207355471099
0.9600156812656805
0.9412172664736749
0.56290584668702
-0.030416474068022704
-0.6121207355471013
-0.9600156812656456
-0.9412172664736401
-0.562905846686935
0.03041647406801193
0.6121207355470928
0.9600156812656744
0.9412172664736822
0.5629058466870378
-0.030416474068001152
-0.6121207355470842
-0.9600156812656714
-0.9412172664736475
-0.8941398240572642
-0.986577418177043
-0.7021759710862577
-0.14956716912402448
0.4601712078424779
0.8941398240572593
0.9865774181770448
0.7021759710863463
0.14956716912414755
-0.46017120784246834
-0.998231996462168
-0.7726498429645215
-0.25194171085660927
0.3649995916146498
0.8425234559689544
0.9982319964621686
0.7726498429645283
0.2519417108566197
-0.36499959161453394
-0.8425234559688873
-0.9982319964621624
-0.7726498429645352
-0.25194171085663014
0.36499959161462975
0.8425234559689428
0.9982319964621699
0.7726498429645421
0.2519417108566405
-0.3649995916146197
-0.842523455968937
-0.9982319964621638
-0.7726498429644767
-0.25194171085665096
0.36499959161460965
0.8425234559689312
0.9982319964621712
0.7726498429645557
0.2519417108567714
-0.3649995916145996
-0.8425234559689254
-0.9982319964621651
0.8944211668679589
0.9018552824126922
0.9835619617974259
0.6895814018170974
0.13220418435245623
-0.47567053807996224
-0.9018552824126875
-0.9835619617974278
-0.6895814018170228
-0.13220418435235423
0.47567053807995274
0.9018552824126829
0.9835619617974298
0.6895814018171129
0.1322041843524776
-0.47567053807994325
-0.9018552824126782
-0.9835619617974317
-0.6895814018170384
-0.1322041843523756
0.4756705380799338
0.9018552824126735
0.9835619617974337
0.6895814018170462
0.132204184352499
-0.4756705380800243
-0.9018552824127181
-0.9835619617974356
-0.6895814018170541
-0.13220418435239698
0.47567053807991483
0.9018552824126642
0.9835619617974376
0.6895814018170618
0.13220418435240766
-0.47567053808000537
-0.9018552824127087
-0.983561961797419
-0.6895814018170696
-0.13220418435241835
0.47567053807989584
0.9018552824126549
0.9835619617974415
0.6895814018170775
0.13220418435242903
-0.4756705380799864
-0.9018552824126994
-0.983561961797423
-0.6895814018170853
-0.13220418435243972
0.4756705380799769
0.9018552824126456
0.9835619617974454
0.6895814018170108
0.1322041843524504
-0.4756705380798674
-0.9018552824126901
-0.9835619617974268
-0.6895814018171009
-0.1322041843524611
0.47567053807985793
0.9018552824126854
0.9835619617974287
0.6895814018170263
0.1322041843523591
-0.47567053807994847
-0.9018552824126808
-0.9835619617974307
-0.6895814018171165
-0.13220418435248246
0.47567053807983894
0.9018552824126761
0.9835619617974326
0.689581401817042
0.9859056019970761
0.6992764140493669
0.4121844099287808
0.8689955945810138
0.9938799981772363
0.7391360232084875
0.20206720968331396
-0.41218440992887456
-0.8689955945810085
-0.9938799981772375
-0.7391360232084182
-0.20206720968343586
0.41218440992876115
0.8689955945810593
-0.9924228647171197
-0.8751077082109543
-0.4235311509850493
0.18981991062243528
0.7306662181139836
0.9924228647171324
0.8751077082109044
-0.9980980250716586
-0.8437133651920512
-0.285154102529006
0.784011702550625
0.9991441608187055
0.8326375093149347
0.34809162956093104
-0.2694134214860005
-0.784011702550689
-0.9991441608187097
-0.8326375093150037
-0.3480916295610477
0.26941342148588066
-0.4773944705374154
0.13026024964181798
-0.9999719866740248
-0.8045947332892045
-0.30188963895708815
0.31612703660519265
0.8133939289470813
0.9999719866740256
0.8045947332892784
0.30188963895699006
-0.3161270366052903
-0.8133939289471411
-0.9999719866740249
-0.8045947332892173
-0.3018896389568919
0.31612703660538793
0.8133939289472011
-0.4390851567742853
0.17286563119215298
0.718787623530056
0.9901571743720383
0.8833203388084874
0.43908515677419285
-0.17286563119225434
-0.7187876235299694
-0.9901571743720209
-0.8833203388085457
-0.43908515677430465
0.17286563119213175
0.7187876235298829
0.9901571743720035
0.8833203388084975
0.43908515677421217
-0.17286563119200915
-0.7187876235299544
-0.9901571743720179
-0.8833203388084492
-0.43908515677411974
0.17286563119233447
0.718787623530026
0.9901571743720323
0.8833203388085076
0.43908515677423154
-0.17286563119221188
-0.7187876235299394
-0.9901571743720149
-0.8833203388085659
-0.4390851567743434
0.17286563119208928
0.7187876235298529
0.9901571743719975
0.8833203388085177
0.4390851567742509
-0.17286563119219064
-0.7187876235299244
-0.9901571743720118
-0.8833203388084694
-0.4390851567741585
0.17286563119229198
0.718787623529996
0.9901571743720262
0.8833203388085278
0.4390851567742703
-0.17286563119216938
-0.7187876235299094
-0.9901571743720088
-0.8833203388085861
-0.43908515677438215
0.17286563119204681
0.718787623529981
0.9901571743720232
0.8833203388085379
0.43908515677428966
-0.17286563119214815
-0.7187876235300525
-0.9901571743720377
-0.8833203388084896
-0.43908515677419724
0.1728656311922495
0.7187876235299661
0.9901571743720202
0.883320338808548
0.43908515677430904
-0.17286563119212692
-0.7187876235298795
-0.9901571743720028
-0.8833203388084997
-0.4390851567742166
0.17286563119200432
0.7187876235299511
0.9901571743720172
0.8833203388084515
0.43908515677412413
-0.17286563119232964
-0.7187876235300226
-0.9901571743720315
-0.8833203388085098
-0.439085156774236
0.17286563119220705
0.7187876235299361
0.9901571743720141
0.8833203388085682
0.4390851567743478
-0.17286563119208445
-0.7187876235298495
-0.9901571743719968
-0.8833203388085199
-0.43908515677425536
0.17286563119218581
0.7187876235300791
0.9901571743720111
0.8833203388084717
0.4390851567741629
-0.17286563119228718
-0.7187876235299926
-0.9901571743720256
-0.88332033880853
-0.6879857961477508
-0.13002224739540993
0.477605380568526
0.9028039863649021
0.9831621545488086
0.6879857961476761
0.1300222473953079
-0.4776053805684166
-0.9028039863648486
-0.9831621545488314
-0.6879857961477664
0.997644593982581
0.7667923440319523
0.24305148097412227
-0.9156925278766264
-0.5045919281299676
0.09924563771347995
0.6651747431855394
0.9770297052187248
0.9156925278766763
0.504591928130075
-0.0992456377133561
-0.6651747431854464
-0.9770297052186983
-0.915692527876635
0.9367802700083802
0.5521944185743971
-0.0433109323573099
-0.6222729792127839
-0.9635478982897102
-0.9367802700083442
-0.5521944185741218
0.04331093235741271
0.6222729792128644
0.9635478982896769
0.9367802700083877
0.5521944185742256
-0.043310932357288355
-0.622272979212767
-0.9635478982896436
-0.9367802700084312
-0.5521944185741398
0.043310932357164
0.6222729792126696
0.9635478982896711
0.9367802700083953
0.5521944185740539
