-0.5449589688349749
0.05195495069285849
0.6290238449398448
0.965827010153954
0.9337170847419425
0.544958968834975
-0.05195495069285882
-0.6290238449398446
-0.9658270101539539
-0.9337170847419426
-0.5449589688349751
0.3108672541544651
0.8101593474716895
0.9999981063581647
0.8078715773013544
0.3071655642604148
-0.31086725415446326
-0.8101593474716904
-0.9999981063581647
-0.8078715773013544
-0.3071655642604149
0.31086725415446315
0.7133825343672054
0.9890437029120562
0.886923793303555
0.44602914008408207
-0.1652334846746185
-0.7133825343672053
-0.9890437029120557
-0.886923793303555
-0.44602914008408534
0.1652334846746219
0.7133825343672028
0.9890437029120562
0.8869237933035534
0.4460291400840823
-0.16523348467462529
-0.7133825343672052
-0.9890437029120557
-0.8869237933035551
-0.44602914008408556
0.16523348467462165
0.7133825343672026
0.9890437029120561
0.8869237933035535
0.4460291400840825
-0.16523348467462504
-0.713382534367205
-0.9890437029120567
-0.8869237933035552
-0.4460291400840858
0.1652334846746214
0.7133825343672024
0.9890437029120561
0.8869237933035569
0.44602914008408906
-0.1652334846746178
-0.7133825343672048
-0.9890437029120567
-0.8869237933035553
-0.446029140084086
0.16523348467462118
0.7133825343672022
0.9890437029120561
0.886923793303557
0.44602914008408295
-0.16523348467461754
-0.7133825343672047
-0.9890437029120566
-0.9934297029436642
-0.8709699979845626
0.6639466076510694
0.9766781346049793
0.9163518102086385
0.5060102399650869
-0.09761004328963963
-0.6639466076510719
-0.9766781346049831
-0.9163518102086314
-0.5060102399650839
0.0976100432896289
0.663946607651064
0.9766781346049808
0.9163518102086358
0.506010239965081
-0.09761004328964645
-0.6639466076510665
-0.9766781346049784
-0.9163518102086344
-0.5060102399650903
0.09761004328963573
0.663946607651069
0.9766781346049792
0.916351810208633
0.5060102399650873
0.9903256603133462
0.7196276213490826
0.174056290272706
-0.43799862773212733
-0.8827529569690985
-0.9903256603133457
-0.7196276213490901
-0.17405629027271663
0.43799862773213044
0.8827529569690935
0.9903256603133452
0.7196276213490878
0.17405629027271324
-0.4379986277321207
-0.8827529569690817
-0.9903256603133487
-0.7196276213490952
-0.17405629027272387
0.43799862773211107
0.8827529569690766
0.9903256603133462
0.7196276213491027
0.17405629027273448
-0.43799862773210135
-0.882752956969085
-0.9903256603133478
-0.7196276213490905
-0.13693825127252202
0.471462699157731
0.8997809229374952
0.9844134165838824
0.9929761092750473
0.872878377381726
0.4193707733734649
-0.19432221217517384
-0.7337907174419189
-0.9929761092750494
-0.8728783773817312
-0.4193707733734489
0.19432221217516327
0.7337907174419309
0.9929761092750482
0.8728783773817365
0.41937077337343287
-0.1943222121751527
-0.7337907174419236
-0.9929761092750469
-0.8728783773817279
-0.41937077337344264
0.19432221217514212
0.7337907174419356
0.9929761092750456
0.8728783773817193
0.41937077337345247
-0.19432221217515944
-0.7337907174419283
-0.9929761092750476
-0.8728783773817246
-0.41937077337346224
0.19432221217517673
0.7337907174419209
0.9929761092750498
0.8728783773817298
0.4193707733734462
-0.19432221217516615
-0.5767414108966489
-0.9467711094538875
-0.9551664237661841
-0.5987206291124797
-0.013583903903553799
0.5767414108966401
0.9467711094538932
0.9551664237661873
0.5987206291124884
0.013583903903536159
-0.5767414108966545
-0.9467711094538898
-0.9551664237661904
-0.5987206291124743
-0.013583903903546938
0.5767414108966458
0.9467711094538863
0.9551664237661937
0.5987206291124828
0.013583903903557718
-0.5767414108966601
-0.9467711094538828
-0.9551664237661884
-0.5987206291124915
-0.013583903903568497
0.5767414108966513
0.9467711094538885
0.9551664237661832
0.5987206291125001
0.013583903903550859
-0.5767414108966425
-0.9467711094538759
-0.9551664237661864
-0.598720629112486
-0.013583903903533218
0.5767414108966337
0.9467711094538815
0.9551664237661897
0.5987206291125174
0.013583903903543998
-0.5767414108966481
-0.9467711094538872
0.36216141591065054
0.8408784225514918
0.9984084521840308
0.7745803877374376
0.25488894219424135
-0.36216141591069345
-0.8408784225514859
-0.9984084521840315
-0.7745803877374444
-0.2548889421942518
0.3621614159106834
0.8408784225514802
-0.3843656889817234
0.23167375746897442
0.7592217028679306
0.8348462863714491
0.998970699731898
0.7815222595600253
0.26555887920086324
-0.35183896699869327
-0.8348462863714431
-0.9989706997318984
-0.781522259560032
-0.2655588792008736
0.3518389669986832
0.8348462863714372
0.998970699731899
0.7815222595600387
0.265558879200884
-0.3518389669986731
-0.8348462863714625
-0.9989706997318994
-0.7815222595600454
-0.2655588792008944
0.35183896699871625
0.8348462863714566
0.9989706997318999
0.7815222595600522
0.26555887920085
-0.35183896699870615
-0.8348462863714506
-0.9989706997319004
-0.7815222595600589
-0.2655588792009152
0.3518389669987493
0.8348462863714448
0.9989706997319009
0.7815222595600656
0.2655588792008708
-0.3518389669987392
-0.8348462863714389
-0.9989706997319014
-0.7815222595600368
-0.26555887920088117
0.3518389669987291
0.8348462863714329
0.9989706997319019
0.7815222595600436
0.26555887920083676
-0.5527732345102316
-0.9370230345041256
-0.9633618835589892
-0.6217292365604655
-0.04261715299538605
0.5527732345102226
0.9370230345041218
0.9633618835589921
0.621729236560474
0.04261715299539682
-0.5527732345102137
-0.9370230345041182
-0.963361883558995
-0.6217292365604824
-0.0426171529953508
0.5527732345102521
0.9370230345041144
0.9633618835589979
0.6217292365604463
0.04261715299536157
-0.5527732345102431
-0.9370230345041106
-0.9633618835590008
-0.6217292365604548
-0.04261715299537234
0.5527732345102341
0.9370230345041068
-0.7643993148316803
-0.9973825321350649
-0.8493995219482882
-0.3769747644051457
0.23944154023973732
0.7643993148316733
0.9973825321350682
0.8493995219482938
0.4691454079117064
-0.13953885388337756
-0.6949240162461704
-0.9848718240015306
-0.8986320695504394
-0.4691454079116657
0.1395388538833669
0.6949240162461626
0.9848718240015287
0.8986320695504192
0.46914540791167525
-0.1395388538833562
-0.694924016246155
-0.9848718240015367
-0.898632069550424
-0.46914540791168474
0.13953885388334553
0.6949240162461472
0.5362838146980413
-0.06225020335904251
-0.6370067595395188
-0.9684483846393488
-0.9299756431568866
-0.5362838146980023
0.062250203359031746
0.6370067595395105
0.9684483846393461
0.9299756431568698
0.5362838146980115
-0.06225020335902099
-0.6370067595395021
-0.9684483846393577
-0.5945008945399178
-0.9448527097237764
-0.9568989732647891
-0.6034423528185119
-0.019491263846803244
0.5719048254307383
0.944852709723773
0.9568989732647922
0.6034423528185205
0.019491263846814023
-0.5719048254307295
-0.9448527097237694
-0.9568989732647789
-0.6034423528184838
-0.019491263846824803
0.5719048254307206
0.9448527097237659
0.956898973264782
0.6034423528184923
0.019491263846778746
-0.5719048254307117
-0.9448527097237623
-0.9568989732647851
-0.603442352818501
-0.019491263846789526
0.571904825430703
0.9448527097237588
0.9568989732647718
0.6034423528185096
0.019491263846800305
-0.5719048254306941
-0.9448527097237739
-0.9568989732647749
-0.6034423528185182
-0.01949126384681108
0.5719048254306852
0.9448527097237703
0.956898973264778
0.6034423528185268
0.019491263846765028
-0.5719048254306764
-0.9448527097237854
-0.9568989732647811
-0.6034423528185353
-0.019491263846775807
0.5719048254307142
0.9448527097237819
0.39205943121358083
0.7254512461480348
0.9914594331557772
0.8787638151647069
0.43041028786427465
-0.18234534029267158
-0.7254512461480666
-0.9914594331557758
-0.8787638151647121
0.28672261956964135
0.7950697625247863
0.9997272796227392
0.8225229553853051
0.33114281871772183
-0.2867226195696855
-0.7950697625247798
-0.9997272796227389
-0.8225229553853112
-0.33114281871767837
0.28672261956967515
0.7950697625247732
0.9997272796227387
0.8225229553853173
0.3311428187176885
-0.2867226195696648
-0.7950697625247668
-0.9997272796227398
-0.8225229553853235
-0.33114281871764506
0.2867226195696545
0.7950697625247602
0.9997272796227396
0.8225229553852973
0.3311428187176552
-0.2867226195696442
-0.7950697625247537
-0.9997272796227379
-0.8225229553852711
-0.33114281871766543
0.28672261956963385
0.7950697625247471
0.9997272796227377
0.8225229553852772
-0.7824376421882661
-0.26697446086913545
0.3504638903737474
0.8340369473233862
0.9990362382687215
0.7824376421882727
0.2669744608692554
-0.3504638903737374
-0.8340369473233802
-0.9990362382687219
-0.7824376421882087
-0.2669744608691562
0.35046389037372727
0.8340369473233743
0.9990362382687223
0.7824376421882862
0.2669744608691666
-0.35046389037371717
-0.834036947323431
-0.9990362382687178
-0.7824376421882221
-0.26697446086917703
0.35046389037370707
0.8340369473233624
0.9990362382687233
0.7824376421882996
0.2669744608691874
-0.35046389037369696
-0.8340369473234192
-0.9990362382687188
-0.7824376421882355
-0.780987913289309
-0.9989315039240506
-0.835317212492812
-0.3526401372771619
0.2647334845809249
0.7809879132893024
0.9989315039240448
0.8353172124928804
0.3526401372772784
-0.2647334845809145
-0.7809879132892956
-0.9989315039240496
-0.8353172124928239
-0.3526401372771821
-0.4303719000476563
0.18238715538362618
0.7254805165696746
0.9914649786019598
0.8787435174635125
0.43037190004766607
0.8284781474462075
0.34108058572041133
-0.27659816684784994
-0.7886258209061551
-0.9994252157841194
-0.8284781474462136
-0.34108058572031463
0.27659816684794886
0.7886258209062182
0.9994252157841228
0.8284781474462196
0.3410805857204316
-0.27659816684782923
-0.7886258209061418
-0.9994252157841225
-0.8284781474462256
-0.3410805857203349
0.2765981668479281
0.788625820906205
0.9994252157841221
0.8284781474462317
0.3410805857204519
-0.27659816684791777
-0.7886258209061984
-0.9994252157841218
-0.8284781474461741
-0.34108058572035516
0.2765981668479074
0.7886258209061918
0.9994252157841214
0.8284781474462437
0.34108058572036526
-0.27659816684789706
-0.7886258209061852
-0.9994252157841249
-0.8284781474461861
-0.3410805857203754
0.2765981668478867
0.7886258209061785
0.9994252157841207
0.8284781474462558
0.3410805857203856
-0.27659816684798555
-0.788625820906172
-0.9994252157841241
-0.23153471032508283
0.38449763852833574
-0.11561687324645115
0.4903074805089415
0.9089510416482595
0.9804061989875902
0.6773795110946992
0.11561687324646185
-0.4903074805090312
-0.9089510416482549
-0.9804061989875699
-0.6773795110947071
-0.11561687324647256
0.4903074805089227
0.9089510416482505
0.9804061989875944
0.6773795110947151
0.11561687324648327
-0.4903074805089133
-0.9089510416482933
-0.14311471053832334
0.4659524212418965
0.897041565248034
0.9854913206508552
0.6975168871830183
0.143114710538334
-0.46595242124198755
-0.8970415652480794
-0.9854913206508378
-0.6975168871830261
-0.14311471053834468
0.4659524212418774
0.8970415652480245
0.9854913206508396
-0.03015917365626777
0.5631185898466616
0.9413041917250942
0.959943586117284
0.6119171578951227
0.030159173656278546
-0.5631185898467467
-0.41565250529279846
-0.8708744397362118
-0.9934519381339268
-0.7365645623539128
-0.19833455866341684
0.41565250529278863
0.8708744397362066
0.9934519381339411
0.7365645623539201
0.19833455866342742
-0.4156525052927788
-0.8708744397362571
-0.9934519381339293
-0.7365645623539274
-0.19833455866343797
0.41565250529276904
0.8708744397361959
0.9934519381339305
0.7365645623539346
0.19833455866344854
-0.41565250529286263
-0.8708744397362466
-0.9934519381339318
-0.736564562353942
-0.19833455866345912
0.4156525052927494
0.8708744397361854
0.9813862015101433
0.635235410964748
0.9678737080704047
0.9308171455105885
0.5382200706769114
-0.059958777727959614
-0.6352354109647397
-0.967873708070402
-0.356314320742328
-0.837470984838758
-0.9987421973186549
-0.7785278364216088
-0.26094230319933964
0.3563143207423179
0.8374709848388142
0.9987421973186497
0.7785278364215442
0.26094230319935
-0.35631432074230784
-0.8374709848387462
-0.9987421973186502
-0.7785278364216224
-0.26094230319936046
0.356314320742404
0.8374709848388024
0.9987421973186508
0.7785278364215578
0.26094230319937084
-0.3563143207422877
-0.8374709848387344
-0.9987421973186513
-0.7785278364214931
-0.2609423031993813
0.35631432074238384
0.8374709848387907
0.9987421973186519
0.7785278364215713
0.26094230319939166
-0.35631432074226754
-0.8374709848387848
-0.9987421973186523
-0.7785278364215067
-0.2609423031992923
0.3563143207423637
0.8374709848387789
0.9987421973186529
0.7785278364215849
0.2609423031993027
-0.35631432074235364
-0.837470984838773
-0.9987421973186478
-0.7785278364215202
-0.2609423031993131
0.35631432074234354
0.8374709848387671
-0.7092202623227956
-0.15939030443442648
0.45132133227061566
0.8896435598961806
0.9881521855138834
0.7092202623228032
0.1593903044344371
-0.4513213322705046
-0.8896435598961238
-0.9881521855138676
-0.7092202623228108
-0.15939030443444777
-0.3184138072156173
-0.814794279203901
-0.9999510303753956
-0.8031604750288649
-0.2995899166418426
0.3184138072156071
0.8147942792039607
0.9999510303753968
0.8031604750289391
0.2995899166418529
-0.31841380721559687
-0.8147942792040204
0.5969210853855569
0.9544993838522314
0.9474913599282141
0.5785738405585068
-0.011339220903198098
-0.5969210853855482
-0.9544993838522622
-0.9474913599281812
-0.5785738405584229
0.011339220903073639
0.5969210853855396
0.954499383852259
0.9474913599281847
0.5785738405583389
-0.9971823009329569
-0.7626439004676341
-0.2368014513363788
0.3794911036199885
0.8508309554217396
0.9971823009329577
0.7626439004676411
0.23680145133638927
-0.37949110361987337
-0.8508309554217937
-0.9971823009329499
-0.7626439004676481
-0.23680145133639974
0.3794911036199686
0.8508309554217283
0.9971823009329592
0.7626439004676551
0.23680145133641023
-0.3794911036199586
-0.8508309554217823
-0.9971823009329516
-0.7626439004675885
-0.2368014513364207
0.37949110361994864
0.8508309554217169
0.9971823009329609
0.762643900467669
0.23680145133643116
-0.37949110361993865
-0.850830955421771
-0.9971823009329531
-0.7626439004676024
-0.23680145133644165
0.37949110361992866
0.8508309554217653
0.997182300932954
0.7626439004675358
0.23680145133634167
-0.37949110362002386
-0.8508309554217597
-0.9971823009329548
-0.7626439004676163
-0.2368014513364626
0.37949110361990873
0.850830955421754
0.9971823009329556
0.7626439004675498
0.2368014513363626
-0.37949110362000393
-0.8508309554217484
-0.9971823009329565
-0.7626439004675567
-0.23680145133648353
0.3794911036198888
0.8508309554218024
0.9971823009329572
0.7626439004675637
0.06784720294443324
-0.5315412924523603
-0.9278990805566137
-0.9698309580178521
-0.6413203728581717
-0.06784720294444399
0.5315412924524474
0.9278990805565673
0.9698309580178548
-0.5835870906763977
0.00517946763619273
0.5919676453554793
0.9526443027891203
0.9494432157462914
0.5835870906764064
-0.005179467636295634
-0.5919676453554706
-0.9526443027890824
-0.9494432157462591
-0.5835870906763229
0.005179467636284854
0.591967645355462
0.9526443027891137
0.9589225683476206
0.6090488143943557
0.026539114150177248
-0.5661076256678709
-0.9425204937715009
-0.9589225683476236
-0.6090488143943642
-0.026539114150188028
0.5661076256679557
0.9425204937714593
0.9589225683476267
0.6090488143943728
0.02653911415031245
-0.5661076256679468
-0.9425204937714178
-0.9589225683475975
-0.6653673016695973
-0.97708463483617
-0.915588847380634
-0.5043692399460626
0.09950227426816492
0.6653673016695892
0.9770846348361678
0.9155888473805927
0.5043692399459738
-0.09950227426804108
-0.6653673016695812
-0.9770846348361655
-0.915588847380597
-0.5043692399459831
0.09950227426814348
-0.793307429219952
-0.2839430359674305
0.3338779461559145
0.8241689009416082
0.9996553480382769
0.7933074292199586
0.2839430359674408
-0.3338779461557972
-0.8241689009416665
0.4066637549581546
0.8659855087476617
0.9945302319604568
0.7431982094037034
0.20798973123270764
-0.4066637549581448
-0.8659855087477132
-0.19201517718942643
-0.9487760178840093
-0.9532863615335126
-0.5936737160888154
-0.007297889325731898
0.5818654831136458
0.9487760178840059
0.9532863615334816
0.5936737160889155
-0.03017611235851452
0.5631045856532232
0.9412984711663726
0.9599483342523081
0.6119305610976449
0.030176112358525298
-0.5631045856532143
-0.9412984711664073
-0.9599483342523429
-0.6119305610976534
-0.030176112358536074
0.5631045856532054
0.941298471166442
0.9599483342522503
0.6119305610977519
0.030176112358433215
-0.5631045856532905
-0.9412984711664001
-0.9599483342522852
-0.6119305610976704
-0.030176112358557626
0.5631045856531876
0.941298471166358
0.9599483342523202
0.6119305610977689
0.030176112358682037
-0.5631045856530847
-0.9412984711663928
-0.6350806456162364
-0.05975876298098614
0.5383889359873502
0.9308903605754258
-0.972358556150136
-0.6494110343361892
-0.14950513334988247
0.4602269104866271
0.8941679170546141
0.9865671709574613
0.7021312977392535
0.14950513334978072
-0.4602269104867185
-0.8941679170546601
-0.9865671709574445
-0.7021312977393421
0.38216065572983976
0.8523444070501421
0.996961564998173
0.7607732905940995
0.23399547691620293
-0.3821606557299349
-0.852344407050196
-0.9969615649981827
-0.7607732905941803
-0.23399547691632394
0.3821606557298199
0.8523444070501309
0.9969615649981923
0.760773290594261
0.23399547691644496
-0.3821606557297048
-0.8523444070500658
-0.9969615649981843
0.09422604664496963
-0.5089396218532402
-0.9177076530250458
-0.9759425524772061
-0.6614005679504301
-0.09422604664509353
0.508939621853133
0.9177076530249964
0.9759425524772332
0.6614005679503528
0.09422604664499108
-0.5089396218532216
-0.9177076530250372
-0.9759425524772107
-0.6614005679502757
-0.09422604664488864
0.5089396218533101
0.9177076530250781
0.9759425524771883
0.6614005679503691
0.09422604664501255
-0.508939621853203
0.9613022257920391
0.6157773678830013
0.03504648494562286
-0.559070964054771
-0.9396423069094293
-0.9613022257920734
-0.6157773678830993
-0.035046484945747254
0.5590709640546677
0.9396423069094645
0.961302225792045
0.6157773678830183
0.03504648494541718
-0.5590709640547531
-0.9396423069094997
-0.9183760093970452
-0.5103899641333342
0.0925476999126822
0.6601352881724869
0.9755736335236274
0.9183760093970045
0.5103899641332457
-0.09254769991255828
-0.6601352881723934
-0.9755736335235999
-0.9183760093970538
-0.5103899641333527
0.09254769991243435
0.6601352881722999
0.9755736335235726
0.9183760093971031
0.5103899641334598
-0.09254769991253681
0.6170334999687851
0.036640692480285834
-0.5577476141643489
-0.939095289342381
-0.9617404826665679
-0.617033499968883
-0.03664069248041022
0.5577476141642456
0.9390952893423381
0.9617404826665397
0.6170334999688021
0.03664069248030739
-0.5577476141643309
-0.9390952893423735
-0.9617404826665115
-0.6170334999687211
-0.036640692480204545
0.5577476141644164
0.9390952893424088
0.9617404826665455
0.6170334999688191
0.03664069248032893
-0.5577476141643131
-0.9390952893423661
-0.9617404826665796
-0.617033499968917
-0.03664069248022609
0.5577476141643986
0.9390952893424015
0.9617404826665514
0.617033499968836
0.036640692480123256
-0.5577476141644839
-0.9390952893424368
-0.9617404826665232
-0.617033499968755
-0.03664069248024764
0.5577476141643806
0.9390952893423941
0.9617404826665573
0.617033499968853
0.03664069248037202
-0.5577476141642773
-0.9390952893424295
0.9992599735305794
0.8310270710149271
0.34537007294286953
-0.2722065542963237
-0.7858095297549635
-0.9992599735305834
-0.8310270710148698
-0.34537007294277294
0.2722065542964227
0.7858095297548866
0.9992599735305786
0.8310270710149391
0.34537007294288974
-0.2722065542963029
-0.7858095297548096
-0.9992599735305738
-0.8310270710150083
-0.3453700729427932
0.27220655429640195
0.7858095297547326
0.9992599735305777
0.8310270710149511
0.3453700729426966
-0.272206554296501
-0.7858095297549369
-0.9992599735305817
-0.8310270710148938
-0.3453700729428134
