-0.8302401422589686
-0.3440434333749528
0.27356617345208495
0.7866828001926756
0.9993133356246062
0.8302401422589686
0.3440434333749525
-0.27356617345208484
-0.7866828001926753
-0.9993133356246062
-0.8302401422589687
-0.3440434333749522
0.27356617345208556
-0.4056425360685901
0.20908270733442388
0.7439454629955404
0.994646337568634
0.8654261179761114
0.4056425360685934
-0.20908270733442724
-0.743945462995538
-0.9946463375686343
-0.8654261179761096
-0.4056425360685903
0.20908270733442363
0.7439454629955403
0.9946463375686339
0.8654261179761115
0.9123874575182472
0.9787337162700865
0.6712369613422446
0.8518449115498876
0.3812785698272792
-0.23492322638740512
-0.7613923348688859
-0.9970354502040902
-0.8518449115498896
-0.38127856982727604
0.23492322638740845
0.7613923348688881
0.9970354502040899
0.8518449115498878
0.3812785698272728
-0.2349232263874118
-0.7613923348688857
-0.9970354502040902
-0.851844911549886
-0.38127856982727626
0.23492322638740823
0.7613923348688834
0.9970354502040905
0.8518449115498842
0.3812785698272665
-0.23492322638740465
-0.7613923348688856
-0.9970354502040897
-0.8518449115498898
-0.3812785698272765
0.23492322638740798
0.7613923348688878
0.9970354502040899
0.8518449115498881
0.3812785698272733
-0.2349232263874113
-0.7613923348688808
-0.9970354502040902
-0.8518449115498863
-0.3812785698272701
0.23492322638741467
0.761392334868883
0.9970354502040905
0.8518449115498845
0.38127856982727354
-0.8645159299041525
-0.4039840263454992
0.21085604436510352
0.745156272861582
0.9948321320551379
0.8645159299041507
0.403984026345509
-0.21085604436509298
-0.7451562728615844
-0.9948321320551368
-0.864515929904149
-0.4039840263455059
0.3756537789788047
-0.24082561385045576
-0.7653178075503895
-0.9974846109616369
-0.8486461962404992
-0.3756537789788147
0.2408256138504453
0.7653178075503916
0.9974846109616361
0.8486461962404973
0.3756537789788115
-0.24082561385044862
-0.7653178075503847
-0.9974846109616363
-0.8486461962405031
-0.3756537789788083
0.24082561385045195
0.7653178075503869
0.9974846109616365
0.8486461962405012
0.7908655482577719
0.9995423290895952
0.826427913403423
0.33764612404882055
-0.2801050085228128
-0.7908655482577653
-0.9995423290895957
-0.826427913403429
-0.33764612404880395
0.28010500852280246
0.7908655482577587
0.9995423290895962
0.8264279134034351
0.3376461240487873
-0.28010500852279213
-0.7908655482577696
-0.9995423290895958
-0.8264279134034253
-0.33764612404879746
-0.5976928312252214
-0.9547859006652636
-0.947183208030361
-0.5777887235010043
0.012301415089285837
0.23512054767207444
-0.3810908896101259
-0.8517385598641908
-0.9970510497790204
-0.7615239271970199
-0.2351205476720849
0.38109088961011595
0.8517385598641851
0.997051049779019
0.4427318842417177
0.8852176431036228
0.9895803497410357
0.7159569973763836
0.16886240649723727
-0.44273188424170806
-0.885217643103631
-0.9895803497410373
-0.7159569973763714
-0.1688624064972479
0.4427318842416984
0.8852176431036393
0.9895803497410388
0.7159569973763591
0.16886240649725853
-0.4427318842417142
-0.8852176431036343
-0.9895803497410404
-0.7159569973763665
-0.16886240649726916
0.44273188424173004
0.8852176431036293
0.9895803497410378
0.7159569973763741
0.1688624064972798
-0.4427318842417204
-0.8852176431036243
-0.9895803497410353
-0.7159569973763816
-0.1688624064972624
0.44273188424171067
0.8852176431036192
0.9895803497410368
0.7159569973763693
0.16886240649724502
-0.442731884241701
-0.8852176431036274
-0.9895803497410384
-0.715956997376357
-0.16886240649725565
0.44273188424171683
0.8852176431036356
-0.1488562025294758
-0.7016638479008521
-0.9864597520511319
-0.8944615594516765
-0.46080945277190716
0.14885620252949322
0.7916207850311275
0.28129040784433695
-0.33648334442962735
-0.8257318957797375
-0.9995789285368711
-0.7916207850311341
-0.28129040784437453
0.9888861548199793
0.8874145134225345
0.44698069000762763
-0.1641845646753143
-0.712636896080371
-0.9888861548199777
-0.8874145134225395
-0.4469806900076373
0.16418456467530368
0.7126368960803834
0.9888861548199803
0.8874145134225444
0.44698069000764695
-0.16418456467532108
-0.7126368960803757
-0.9888861548199787
-0.8874145134225363
-0.4469806900076312
0.16418456467525439
-0.21682066010260892
-0.7492142940626895
-0.9954335325481086
-0.8614309951414876
-0.39839109655348354
0.2168206601025984
0.74921429406272
0.9954335325481075
0.861430995141493
0.3983910965534934
-0.21682066010258788
-0.7492142940627129
-0.9954335325481065
0.3594550835905687
0.8393043611581086
0.9985678996692394
0.7764124405813451
0.25769381847965767
-0.35945508359055867
-0.8393043611581027
-0.9985678996692401
-0.7764124405813518
-0.25769381847966805
0.3594550835906017
0.8393043611580968
0.9985678996692406
0.7764124405813586
0.2576938184796236
-0.3594550835905916
-0.8393043611580909
-0.9985678996692412
-0.7764124405813654
-0.8733684127200028
-0.4202830994362251
0.19333607293508223
0.7331074366966095
0.9928566770453096
0.873368412720008
0.4202830994361833
-0.19333607293507166
-0.7331074366966022
-0.9928566770453083
-0.8733684127200132
-0.4202830994361931
0.19333607293506108
0.7331074366965948
0.992856677045307
0.8733684127200185
-0.8671057437024672
-0.4087132767439424
0.20579377027741444
0.741694591725831
0.9942932884069289
0.8671057437024726
0.4087132767439523
-0.20579377027740386
-0.7416945917258619
-0.9942932884069277
-0.867105743702478
-0.40871327674396213
0.20579377027744897
-0.8403103647387505
0.7567938236681757
0.22805108257921125
-0.38779942088384867
-0.8555237263867896
-0.9964670465919148
-0.7567938236681828
-0.2280510825791664
0.38779942088383873
0.855523726386784
0.9964670465919158
0.7567938236681898
0.2280510825791769
-0.3877994208838812
-0.8555237263867784
-0.9964670465919166
-0.7567938236681969
-0.22805108257913204
0.38779942088387126
0.8555237263867729
0.9964670465919175
0.7567938236681296
0.22805108257914253
-0.3877994208838613
-0.8555237263867673
-0.311152118253804
0.3068803119007438
0.8076948933873311
0.9999974781397044
0.8103350149069198
0.3111521182538142
-0.3068803119007335
-0.8076948933873248
-0.9999974781397044
-0.8103350149068929
-0.3111521182537705
0.30688031190072323
0.8076948933873185
0.9999974781397044
0.8103350149068659
0.3111521182537807
-0.30688031190071297
-0.8076948933873122
-0.9999974781397045
-0.8103350149068721
-0.31115211825379097
-0.873285380193156
-0.9928769996483316
-0.733223351885891
-0.1935033050481301
0.42012842738258477
0.8732853801931508
0.992876999648333
0.7332233518858597
0.1935033050480849
-0.42012842738257494
-0.8732853801931455
-0.9928769996483343
-0.7332233518858671
-0.1935033050480955
0.4201284273825652
0.8732853801931679
0.9928769996483355
0.7332233518858744
0.19350330504810606
-0.4201284273825554
-0.8732853801931627
-0.9928769996483301
-0.7332233518858431
-0.19350330504811664
0.42012842738254563
0.8732853801931575
0.9928769996483313
0.7332233518858504
0.1935033050481272
-0.4201284273825358
-0.8732853801931799
-0.9928769996483259
-0.7332233518858577
-0.19350330504813779
0.4201284273825776
0.8732853801931747
0.9928769996483271
0.7332233518858651
0.19350330504814836
-0.7002345058569515
-0.9861290926292684
-0.8953558833122766
-0.4625871585972375
0.14687413794277618
0.426094147197955
-0.18703946553836845
-0.7287303596766038
-0.9920710250523338
-0.8764742781120497
-0.4260941471979648
0.18703946553835785
0.7287303596765965
0.9920710250523325
0.8764742781120548
0.42609414719797456
-0.18703946553834724
-0.7287303596765891
-0.992071025052331
-0.8764742781120327
-0.42609414719793287
0.18703946553833667
0.7287303596765817
0.9920710250523297
0.8764742781120378
0.42609414719794264
-0.18703946553832607
-0.7287303596765743
-0.9920710250523284
-0.876474278112043
-0.4260941471979524
0.1870394655383155
0.7287303596766059
0.9920710250523413
0.8764742781120208
0.4260941471979621
-0.1870394655383049
-0.7287303596765985
-0.9920710250523399
-0.876474278112026
-0.4260941471979719
0.1870394655382943
0.72873035967663
0.9920710250523386
0.8764742781120313
0.42609414719798167
-0.18703946553833956
-0.7287303596766227
-0.9920710250523372
-0.8764742781120365
-0.4260941471979914
0.1870394655383848
0.7287303596766153
0.9920710250523359
0.8764742781120416
0.42609414719800115
-0.18703946553837422
-0.7287303596766079
-0.9920710250523346
-0.8764742781120468
-0.4260941471980109
0.2608380513380375
-0.356415222528381
-0.8375299954968256
-0.9987367767830536
-0.7784600551526301
-0.2608380513380479
0.3564152225284771
0.8375299954968818
0.9987367767830485
0.7784600551526368
0.2608380513380583
-0.35641522252836083
-0.8375299954968137
-0.9987367767830547
-0.7784600551526435
-0.26083805133795895
0.356415222528457
0.83752999549687
0.9987367767830496
0.7784600551526503
0.26083805133807914
-0.3564152225283407
-0.837529995496802
-0.9436929242998738
-0.5690109039018317
0.02301394181739324
0.6062482439774872
0.9579163225581376
0.9436929242998774
0.5690109039018406
-0.02301394181749612
-0.606248243977569
-0.9579163225581672
-0.9436929242998809
-0.5690109039018495
0.023013941817371684
0.6062482439774701
-0.9060215832786723
-0.9817560838441911
-0.6824931290432492
-0.122540996036074
0.4842176324416117
0.9060215832786678
0.9817560838441932
0.6824931290431739
0.12254099603597188
-0.48421763244170174
-0.9060215832786632
-0.9817560838441952
-0.682493129043265
-0.12254099603598258
0.4842176324416923
0.9060215832786587
0.963842453987901
0.6231361754581894
0.04441305752297222
-0.5512743388416259
-0.9363936748943654
-0.9638424539879039
-0.8151395387240333
-0.3189785223529298
0.2990214478757655
0.8028053883811322
0.9999449568764898
0.8151395387240395
0.31897852235294
-0.2990214478758637
-0.8028053883811935
-0.9999449568764909
-0.8151395387240459
-0.3189785223529502
0.299021447875745
0.8028053883811194
0.9999449568764908
0.8151395387240521
0.3189785223528527
-0.29902144787584317
-0.8028053883811807
-0.9999449568764907
-0.8151395387240583
-0.31897852235297064
0.29902144787583285
0.8028053883811065
0.9999449568764905
0.8151395387239987
0.3189785223528731
-0.2990214478758226
-0.8028053883811679
-0.9999449568764904
-0.8151395387240709
-0.31897852235299107
0.2990214478758123
0.8028053883811614
0.9999449568764903
0.9287838724559287
0.9692479648433087
0.6394922781872814
0.06547227680669288
-0.3312228311376261
0.2866413810410634
0.7950183282443537
0.9997252957373358
0.8225711796717252
0.33122283113763623
-0.2866413810410531
-0.7950183282442782
-0.9997252957373329
-0.822571179671796
-0.33122283113764645
0.28664138104104275
0.7950183282443406
0.9997252957373353
0.8225711796717374
0.3312228311376566
-0.28664138104103243
-0.7950183282442651
-0.999725295737335
-0.8225711796717436
-0.33122283113766676
-0.3792372397467462
-0.8506867564370209
-0.9972028459477817
-0.7628213419846446
-0.23706801272720265
0.37923723974673623
0.8506867564370749
0.9972028459477741
0.762821341984578
0.23706801272710268
-0.3792372397467263
-0.8506867564370094
-0.9972028459477833
-0.762821341984585
-0.23706801272711317
0.3792372397467163
0.8506867564370636
0.9972028459477756
0.762821341984592
0.23706801272712363
-0.3792372397467063
-0.8506867564369981
-0.9972028459477764
-0.7628213419845989
-0.2370680127271341
0.37923723974680157
0.8506867564370523
0.9972028459477773
0.7628213419846059
0.2370680127271446
-0.3792372397466864
0.9757123888204018
0.9181255263254462
0.5098459187130835
-0.7325443533137669
-0.19252406329933955
0.4210338752432968
0.8737711838579774
0.9927575986291697
0.7325443533137742
0.19252406329935015
-0.42103387524318386
0.1931334883543075
0.7329669940013526
0.9928320205717428
0.873468960402991
0.4204704454783584
-0.19313348835429692
-0.7329669940014226
-0.992832020571755
-0.873468960402941
-0.420470445478265
0.19313348835428634
0.7329669940013379
0.9928320205717401
0.8734689604030016
0.4204704454782748
-0.19313348835427577
-0.732966994001408
-0.9928320205717525
-0.8734689604029514
-0.42047044547828455
0.1931334883542652
0.7329669940013233
0.9928320205717512
0.873468960403012
0.4204704454782944
-0.19313348835436614
-0.7329669940013933
-0.9928320205717499
-0.873468960402962
-0.42047044547830414
0.19313348835424402
0.7329669940013086
0.9928320205717486
0.8734689604029672
0.4204704454783139
-0.193133488354345
-0.7329669940013787
-0.9928320205717474
-0.8734689604029724
-0.4204704454783237
0.19313348835422287
0.7329669940013713
0.992832020571746
0.8734689604029777
0.4204704454782303
-0.19313348835432384
-0.7329669940013639
-0.9928320205717448
-0.8734689604029829
-0.4204704454783433
0.19313348835431327
0.7329669940013566
0.992832020571757
0.8734689604029329
0.4204704454782499
-0.1931334883543027
-0.7627466573367877
-0.23695580943009154
0.379344103847255
0.8507474628866607
0.9971942069462234
0.7627466573367211
0.23695580942999156
-0.37934410384724504
-0.8507474628867149
-0.9971942069462242
-0.7627466573367281
-0.23695580943011246
0.37934410384712985
0.850747462886769
0.997194206946225
0.7627466573367351
0.2369558094300125
-0.37934410384722506
-0.8507474628867034
-0.9971942069462258
-0.7627466573367421
-0.23695580943002298
0.37934410384721506
0.8507474628867576
0.9971942069462181
0.762746657336749
0.23695580943003344
-0.3793441038472051
-0.8507474628866921
-0.9971942069462274
-0.762746657336756
0.11891064625330647
-0.4874141583750494
-0.9075633211020749
-0.981054142110869
-0.6798156256370427
-0.11891064625331717
0.4874141583751393
0.9075633211021181
0.9810541421108492
0.6798156256371339
0.11891064625332788
-0.4874141583751299
-0.9075633211021137
-0.9810541421108292
0.5172245362693761
0.9214992956572434
0.9737926447131331
0.6541303014832409
0.08461241615798559
-0.5172245362693669
-0.9214992956572392
-0.9737926447131614
-0.6541303014833351
-0.08461241615799633
0.5172245362693577
0.921499295657235
0.973792644713138
0.6541303014832572
0.08461241615800708
-0.5172245362693485
-0.9214992956572308
-0.9737926447131404
-0.6541303014833514
-0.08461241615790453
0.5172245362694365
0.9214992956572707
0.9737926447131429
0.6541303014832736
0.08461241615802856
-0.5172245362693301
-0.9214992956572666
-0.9737926447131453
-0.6541303014832817
-0.08461241615792602
0.5172245362694181
0.9214992956572624
0.9737926447131477
0.6541303014832899
0.08461241615805004
-0.5172245362693116
-0.9214992956573024
0.9437532473058887
0.5691608790743055
-0.02283159989687695
-0.6061031837249916
-0.9578639520597321
-0.9437532473058923
-0.5691608790743143
0.022831599896979828
0.6061031837250735
0.957863952059729
0.1583963334786562
0.7085101495426305
0.9879971698556114
0.8901028520724807
0.45221949828090824
-0.15839633347864557
-0.7085101495426228
-0.9879971698556272
-0.8901028520724338
-0.4522194982808164
0.1583963334786349
0.7085101495426153
0.9879971698556256
0.8901028520724387
0.45221949828092745
-0.15839633347873652
-0.43792781801524294
0.17413385303410642
0.7196823108164112
0.9903365869689341
0.8827159472018125
0.4379278180152526
-0.17413385303409581
-0.7196823108164827
-0.9903365869689483
-0.882715947201871
-0.4379278180152623
0.17413385303408518
0.7196823108164752
0.9903365869689469
0.8827159472018226
0.4379278180151698
-0.17413385303407458
-0.7196823108164677
-0.9903365869689453
-0.8827159472018811
-0.06200685870993911
0.7067290193977707
0.9876046491365874
0.8912488703526484
0.4544663155289367
-0.15590692508488146
-0.706729019397763
-0.9876046491366035
-0.8912488703527048
-0.45446631552904754
0.1559069250848708
0.7067290193977553
0.9876046491366197
0.8912488703526582
0.4544663155289559
-0.15590692508486018
-0.7067290193977478
-0.9876046491366179
-0.8912488703527147
-0.4544663155288642
0.15590692508496182
0.7067290193977401
0.9876046491366163
0.891248870352668
0.4544663155289751
-0.9221230590523621
-0.5186010455659553
0.08300894072539843
0.6529123330297777
0.9734254057908176
0.9221230590523664
0.5186010455659645
-0.08300894072550097
-0.6529123330298556
-0.9734254057908152
-0.9221230590523705
-0.5186010455658765
0.08300894072537693
0.6529123330297614
0.9734254057908387
0.9221230590523747
0.5186010455658857
-0.08300894072547949
-0.6529123330298393
-0.9734254057908103
-0.9221230590523789
-0.5186010455658949
0.08300894072546874
0.6529123330299172
0.9734254057908338
0.922123059052339
0.5186010455659041
-0.083008940725458
-0.652912333029909
-0.9119579527212117
-0.9789481742516077
-0.6720134664425729
-0.10839245535013177
0.49663078956200113
0.9119579527211606
0.978948174251633
0.672013466442665
0.1083924553502555
-0.49663078956209045
-0.9119579527212028
-0.9789481742516121
-0.6720134664425889
-0.1083924553501532
0.49663078956217976
0.911957952721245
0.9789481742515911
0.6720134664425126
0.1083924553500509
-0.49663078956207174
-0.911957952721194
-0.9789481742516165
-0.6720134664426048
-0.10839245535017464
0.49663078956196366
0.9119579527211429
0.9789481742516419
0.6720134664425286
0.10839245535007233
-0.496630789562053
-0.9119579527211852
-0.9789481742515744
-0.6720134664424524
-0.10839245534997004
0.4966307895621423
0.9119579527212274
0.9789481742515999
0.6720134664425446
0.10839245535009377
-0.49663078956203427
-0.9119579527211763
-0.9789481742516253
-0.22962096615828814
0.3863124430116215
0.8546876292281098
0.9966011908435533
0.757846970785409
0.2296209661584093
-0.3863124430115067
-0.8546876292281632
-0.9966011908435447
-0.7578469707853418
-0.22962096615830913
0.38631244301160156
0.8546876292282166
0.9966011908435363
0.7578469707852747
0.22962096615820898
-0.3863124430116965
-0.854687629228152
-0.9966011908435465
-0.7578469707853559
-0.2296209661583301
0.3863124430115817
0.8546876292280874
0.9966011908435568
0.7578469707854372
0.22962096615822997
-0.3863124430114669
-0.8546876292281408
-0.9966011908435483
-0.75784697078537
-0.2296209661581298
0.38631244301177153
0.8546876292281942
-0.3460649260826665
0.2714939281265218
0.7853513295306077
0.9992312161639435
0.8314387408425755
0.3460649260827833
-0.271493928126402
-0.7853513295306714
-0.9992312161639476
-0.8314387408425183
-0.34606492608268674
0.271493928126501
0.7853513295307352
0.9992312161639516
0.8314387408424612
0.3460649260825902
-0.27149392812660006
-0.7853513295306581
-0.9992312161639467
-0.8314387408425302
-0.34606492608270695
0.27149392812648027
0.7853513295305811
0.9992312161639418
0.831438740842473
0.34606492608282374
-0.2714939281263605
-0.7853513295306448
-0.999231216163946
-0.8314387408424159
-0.3460649260825139
0.2714939281264595
0.7853513295307085
0.9992312161639499
0.831438740842485
0.3460649260826306
-0.2714939281265586
-0.7853513295306315
-0.9992312161639451
-0.8314387408425542
-0.3460649260827474
0.2714939281264388
0.7853513295305544
0.9992312161639402
0.831438740842497
0.3460649260826509
-0.27149392812653783
-0.785351329530618
-0.9992312161639442
-0.8314387408424398
-0.34606492608255435
0.27149392812663686
0.7853513295306818
0.9992312161639483
0.831438740842509
0.3460649260826711
-0.27149392812651707
-0.7853513295306047
-0.9992312161639434
-0.8314387408425782
-0.3460649260827879
0.2714939281266161
0.7853513295306684
0.9992312161639474
0.831438740842521
0.34606492608269135
-0.27149392812671513
-0.7853513295307322
-0.9992312161639514
-0.8314387408424638
-0.34606492608259476
0.27149392812659534
0.0779924902615082
-0.5228975769184316
-0.9240585423505953
-0.9993270608029734
-0.7869125868603587
-0.2739242509122139
0.3436938385415342
0.8300325633964717
0.999327060802978
0.7869125868604355
0.2739242509121149
-0.3436938385416308
-0.830032563396529
-0.9993270608029658
-0.7869125868602317
-0.27392425091201594
0.3436938385417274
0.8300325633964596
0.9993270608029704
0.7869125868603085
0.2739242509121357
-0.34369383854161056
-0.8300325633963902
-0.999327060802975
-0.7869125868603852
-0.27392425091225536
0.3436938385417072
0.7823483554996995
0.9990299352045876
0.8341160354398323
0.35059816069838723
-0.2668362950366339
0.6911267245775211
0.9839454144286626
0.9009303990426849
