0.8239047064198776
0.9996674816717318
0.793591256372997
0.28439014431450876
-0.3334383368066338
-0.8239047064198776
-0.9996674816717317
-0.793591256372997
-0.2843901443145091
0.3334383368066337
0.8239047064198775
0.9883837526662888
0.7102883520585339
0.1608869427775739
0.3216878018752234
-0.2962910954662337
-0.801096864903524
-0.9999108602286543
-0.8167928926665841
-0.3216878018752235
0.2962910954662302
0.8010968649035239
0.5809820148381493
-0.008383730288742914
-0.5945471753978473
-0.9536138074202193
-0.9484323771492654
-0.5809820148381494
0.008383730288739238
0.5945471753978472
0.9536138074202204
0.9484323771492643
0.5809820148381524
-0.00838373028874267
-0.59454717539785
-0.9536138074202193
-0.9484323771492632
-0.5809820148381496
0.008383730288746099
0.594547175397847
0.9536138074202182
0.9484323771492644
0.5809820148381468
-0.008383730288742425
-0.5945471753978497
-0.9536138074202192
0.815688258117474
0.9999345622123412
0.8022398500678404
0.29811678232704075
-0.31987676364593565
-0.8156882581174718
-0.9999345622123412
-0.8022398500678383
-0.2981167823270511
0.31987676364592543
0.8156882581174738
0.9999345622123411
0.8022398500678363
0.2981167823270478
-0.3198767636459287
-0.8156882581174758
-0.9999345622123413
-0.8022398500678427
0.8894390487908408
0.9882207906145496
0.7095357788127895
0.15983221573866838
-0.45092182125041885
-0.8894390487908423
-0.9882207906145513
-0.7095357788127971
-0.26734858638931164
-0.7826793497948301
-0.9990532038713883
-0.8338226906385579
-0.35010025017268426
0.26734858638931497
0.7826793497948323
0.9990532038713879
0.833822690638556
0.35010025017268104
-0.2673485863893046
-0.7826793497948344
-0.999053203871388
-0.8338226906385541
-0.35010025017269114
0.26734858638930786
0.7826793497948277
0.9990532038713882
0.8338226906385522
0.3501002501726879
-0.2673485863892975
-0.7826793497948299
-0.9990532038713876
-0.8338226906385582
-0.3501002501726847
0.26734858638931447
0.782679349794832
0.9990532038713884
0.8338226906385563
0.3501002501726682
-0.2673485863893041
-0.7826793497948341
-0.999053203871388
-0.8338226906385544
-0.3501002501726783
0.2673485863893074
0.7826793497948275
0.9990532038713882
0.8338226906385603
0.3501002501726751
-0.2673485863893107
-0.7826793497948296
-0.9990532038713883
-0.8338226906385584
-0.3501002501726719
0.2673485863893003
0.7826793497948317
0.9990532038713879
0.8338226906385565
0.350100250172682
-0.26734858638930364
-0.7826793497948338
-0.999053203871388
-0.8338226906385546
-0.35010025017267876
0.2673485863893069
0.7826793497948271
0.9990532038713881
0.8338226906385527
0.35010025017267554
-0.26734858638929654
-0.7826793497948381
-0.9990532038713876
-0.8338226906385587
-0.35010025017268565
0.26734858638928616
0.7826793497948313
0.9990532038713872
0.833822690638549
0.35010025017269575
-0.26734858638930314
-0.7826793497948247
-0.999053203871388
-0.833822690638555
-0.3501002501726792
0.26734858638932013
0.7826793497948179
0.9990532038713887
0.8338226906385608
0.35010025017266266
-0.26734858638930975
-0.7826793497948289
-0.9990532038713882
-0.8338226906385668
-0.35010025017267277
0.26734858638929937
0.7826793497948399
0.9990532038713877
0.8338226906385571
0.35010025017268287
-0.267348586389289
-0.7826793497948332
-0.9990532038713885
-0.8338226906385473
-0.350100250172693
0.267348586389306
0.7826793497948265
0.9990532038713893
0.8338226906385533
0.35010025017267643
-0.267348586389323
-0.7826793497948198
-0.9990532038713889
-0.8338226906385593
-0.35010025017265994
0.2673485863893126
0.7826793497948308
0.9990532038713884
0.8338226906385652
0.35010025017267005
-0.2673485863893022
-0.7826793497948418
-0.9990532038713879
-0.8338226906385554
-0.35010025017268015
0.2673485863892918
0.782679349794835
0.9990532038713886
0.8338226906385614
0.35010025017269025
-0.2673485863893088
-0.7826793497948283
-0.9990532038713882
-0.8338226906385516
-0.3501002501726737
0.2673485863892984
0.7826793497948216
0.999053203871389
-0.8497453223094477
-0.9973349157265619
-0.7639764695031339
-0.23880497853468285
0.37758189755132104
0.849745322309442
0.9973349157265585
0.7639764695031409
0.23880497853469332
-0.3775818975513637
-0.8497453223094663
-0.9973349157265593
-0.7639764695031479
-0.2388049785346486
0.3775818975513537
0.8497453223094606
0.9973349157265601
0.7639764695031548
0.23880497853465907
-0.37758189755134375
-0.47821614339935736
-0.9031027861515698
-0.9830348599285869
-0.6874810293388633
-0.12933281216248818
0.47821614339934787
0.9031027861515407
0.9830348599285889
0.6874810293388711
0.1293328121624989
-0.47821614339933843
-0.9031027861515605
-0.9830348599285804
-0.687481029338879
-0.12933281216250958
0.47821614339937885
0.9031027861515559
0.9830348599285824
0.6874810293388869
-0.8668809019193947
-0.9943413216916314
-0.7419971529961871
-0.20623529141182123
0.40830144181212874
0.8668809019193894
0.9943413216916325
0.7419971529961561
0.20623529141177616
-0.4083014418121189
-0.8668809019193839
-0.9943413216916337
-0.7419971529961634
-0.2062352914117867
0.4083014418121091
0.8668809019193786
0.9943413216916348
0.7419971529961706
0.20623529141179725
-0.4083014418120992
-0.8668809019193732
-0.9943413216916299
-0.7419971529961398
-0.2062352914118078
0.4083014418120894
0.8668809019193678
0.994341321691631
0.741997152996147
0.20623529141181834
-0.40830144181207956
-0.8668809019193908
-0.9943413216916321
0.5556617119997473
-0.03914987546841077
-0.6190075411629156
-0.9624253654257044
-0.9382294117309206
-0.5556617119997092
0.0391498754684
0.6190075411629071
0.9624253654257169
0.9382294117309242
0.555661711999718
-0.039149875468389224
0.10566905768983338
0.669982513426016
0.978385420901563
0.9130783516900669
0.4990063865246985
-0.10566905768982265
-0.7718080219437654
-0.25065924652926075
0.36623284146493895
0.8432364318159945
0.9981523657655446
0.7718080219437361
0.2506592465292712
-0.3662328414649289
-0.8432364318160193
-0.9981523657655418
-0.771808021943743
-0.2506592465292816
0.36623284146491886
0.8432364318160135
0.9981523657655424
0.7718080219437499
0.25065924652929206
-0.3662328414649617
-0.8432364318160076
-0.9981523657655431
-0.7718080219437566
-0.2506592465293025
0.3662328414649517
0.8432364318160324
0.9981523657655438
0.7718080219437635
0.25065924652931293
-0.3662328414649946
-0.8432364318160266
0.785299553751449
0.9992279338968391
0.8314852058019638
0.34614339023341073
-0.2714134354231452
-0.7852995537514423
-0.9992279338968364
-0.8314852058019698
-0.34614339023342083
0.27141343542313484
0.7852995537514357
0.04318262607794408
-0.55230148511138
-0.936825201025217
-0.9635135316648862
-0.6221724418289808
-0.04318262607795485
0.552301485111371
0.9368252010252133
-0.7355486899728934
-0.9932793600856477
-0.8716110749694315
-0.417016984185744
0.19686342067096374
0.7355486899728861
-0.34776448284777267
0.2697494511602672
0.7842282632716694
0.9991585337516176
0.8324442044879862
0.3477644828477828
-0.26974945116025684
-0.7842282632716627
-0.9991585337516194
-0.8324442044879606
-0.3477644828477396
0.26974945116024646
0.784228263271656
0.999158533751619
0.8324442044879666
0.3477644828477497
-0.9549759808966013
-0.598205833028356
-0.012941389211683798
0.5772662254221644
0.9469777625021397
0.9549759808966045
0.5982058330283646
0.01294138921163774
-0.5772662254221557
-0.9469777625021362
-0.9549759808966077
-0.5982058330283277
-0.01294138921164852
0.5772662254221933
0.9469777625021327
0.9549759808966108
0.5982058330283363
0.012941389211659299
-0.5772662254221844
-0.9469777625021293
-0.9549759808966141
-0.598205833028345
-0.012941389211670078
0.5772662254221756
0.9469777625021258
0.9549759808966004
0.5982058330283081
0.01294138921168086
-0.5772662254221669
-0.9469777625021224
-0.9549759808966036
-0.5982058330283168
-0.01294138921169164
0.5772662254221581
0.9469777625021188
-0.9928324989993464
-0.7329697171190321
-0.1931374160236089
0.4204668134934601
0.8734670113974302
0.9928324989993478
0.7329697171190008
0.1931374160235637
-0.4204668134934503
-0.873467011397425
-0.992832498999349
-0.7329697171190082
-0.1931374160235743
0.4204668134934921
0.8734670113974197
0.9928324989993436
0.7329697171190155
0.19313741602364062
-0.4204668134934823
-0.8734670113974145
-0.9928324989993448
-0.7329697171190228
-0.19313741602365123
0.42046681349347254
0.8734670113974092
0.9928324989993461
0.7329697171189915
0.19313741602371756
-0.42046681349346277
-0.8734670113974593
-0.9928324989993407
-0.7329697171189988
-0.1931374160236166
0.42046681349345294
0.8734670113973987
0.9928324989993556
0.7329697171190062
0.19313741602362716
-0.42046681349344317
-0.8734670113974489
-0.9928324989993432
-0.7329697171190135
-0.19313741602363776
0.4204668134934334
0.8734670113973882
0.9928324989993444
0.7329697171190982
0.19313741602364834
-0.42046681349352677
-0.8734670113974383
-0.9928324989993458
-0.7329697171190281
-0.19313741602365891
0.41509204474480554
-0.19893840791772627
-0.7369811504234837
-0.9935221425354909
-0.8705714447745873
-0.41509204474481537
0.1989384079178271
0.7369811504235533
0.9935221425355025
0.8705714447745366
0.4150920447448252
-0.19893840791770512
-0.7369811504234691
-0.9935221425354884
-0.8705714447745418
-0.41509204474483496
0.19893840791780598
0.7369811504235386
0.9935221425355001
0.8705714447745472
0.4150920447448448
-0.198938407917684
-0.7369811504235314
-0.9935221425354989
-0.8705714447745525
-0.8628483067962186
-0.40095527289849636
0.21408904727806127
0.7473586280133847
0.9951626146331064
0.862848306796224
0.40095527289850624
-0.21408904727793968
-0.747358628013302
-0.9951626146331054
-0.8628483067962295
-0.40095527289841193
0.2140890472780402
0.7473586280133704
0.34565971373540816
0.83119871215386
0.9992480539346975
0.7856186023046348
0.27190954678841095
-0.34565971373539806
-0.831198712153854
-0.9992480539347024
-0.7856186023047117
-0.27190954678842133
0.34565971373538795
0.8311987121539112
0.9992480539346984
0.7856186023046481
0.2719095467884317
-0.34565971373537785
-0.831198712153842
-0.9992480539347032
-0.7856186023047251
-0.2719095467884421
0.3456597137354744
0.831198712153836
0.9992480539346992
-0.46400912225806906
0.14528679194204056
0.6990880897366286
0.9858614983820815
-0.3101465913206031
-0.8097146875825609
-0.9999992943778986
-0.8083181594468198
-0.30788696133083643
0.31014659132059286
0.8097146875824879
0.9999992943778987
0.8083181594468931
0.3078869613308467
-0.31014659132058264
-0.8097146875825483
-0.9999992943778986
-0.8083181594468325
-0.30788696133085697
0.3101465913205724
0.8097146875824752
0.9999992943778987
0.8083181594469058
0.3078869613308672
-0.3101465913206702
-0.8097146875824689
-0.9999992943778986
0.9967366335381964
0.8538242297847934
0.3847799906717198
-0.2312371266870129
-0.7589295211121788
-0.9967366335381955
-0.8538242297847991
-0.3847799906718347
0.2312371266868918
0.7589295211120978
0.9967366335381946
0.8538242297847455
0.38477999067173974
-0.23123712668699192
-0.7589295211121648
-0.9967366335381939
-0.8538242297848103
-0.3847799906718546
0.23123712668698143
0.7589295211121577
0.996736633538193
0.8538242297847568
0.3847799906717596
-0.23123712668697094
-0.7589295211121507
-0.9967366335381921
-0.8538242297848215
-0.38477999067176955
0.23123712668696048
0.7589295211121437
0.9967366335382004
0.9975453145003874
0.7658721007809298
0.24166177559835397
-0.37485513408095755
-0.8481901233989239
-0.9975453145003803
-0.7658721007808637
-0.24166177559836444
0.374855134081053
0.8481901233989182
0.997545314500389
0.7658721007809437
0.2416617755983749
-0.374855134081043
-0.8481901233989125
-0.9975453145003818
-0.7658721007808775
-0.24166177559838536
0.374855134081033
0.8481901233989068
0.9975453145003905
0.7658721007808844
0.24166177559839583
-0.374855134081023
-0.8481901233989613
-0.9975453145003833
-0.7658721007808914
-0.2416617755984063
0.374855134081013
0.8481901233988953
0.9975453145003841
0.7658721007808983
0.24166177559830643
-0.374855134081003
-0.8481901233989498
-0.9975453145003847
-0.7658721007809053
-0.24166177559842722
0.374855134080993
0.8481901233988839
0.9975453145003855
0.7658721007809122
0.24166177559832736
-0.3748551340810884
-0.8481901233989384
0.08527320043405605
-0.5166568391650826
-0.9212415267232626
-0.9739432629210278
-0.6546317757968783
-0.08527320043406679
0.5166568391651707
0.9212415267233027
0.9739432629210045
0.9567989901655738
0.9449653366711146
0.5721870427588047
-0.01914725356506238
-0.6031679498182888
-0.9567989901655706
-0.944965336671081
-0.5721870427587203
0.019147253565165265
0.6031679498183709
0.9567989901655675
0.9036399255062533
0.47931575352102546
-0.12809074496606565
-0.6865709325203182
-0.9828043595395397
-0.9036399255062578
-0.47931575352103495
0.12809074496594222
0.686570932520393
-0.8432344754001176
-0.36622945478322727
0.25066276987961256
0.7718103361625352
0.9981525868998743
0.8432344754001235
0.3662294547832373
-0.2506627698796021
0.6727311488202449
0.8860791734107472
0.9893115139562534
0.7146604816320363
0.16703343574090077
-0.44439470534586567
-0.8860791734107949
-0.989311513956255
-0.7146604816320439
-0.16703343574079932
0.4443947053457542
0.8860791734107372
0.9893115139562566
0.7146604816321309
0.16703343574080995
-0.44439470534574455
-0.8860791734107849
0.9671713324656965
0.9318290850481323
0.5405597988478297
-0.0571849575603671
-0.6330870038259973
-0.9671713324657226
-0.9318290850480949
-0.5405597988478388
0.05718495756046984
0.6330870038259009
0.967171332465691
0.9318290850480989
0.5405597988478478
-0.057184957560572576
0.8698955789193062
0.41384350163880523
-0.20028272724443447
-0.7379077616798306
-0.993677111715923
-0.8698955789193116
-0.41384350163891853
0.20028272724453527
0.7379077616799
0.9936771117159219
0.8698955789193169
0.4138435016388249
-0.20028272724441334
-0.7379077616798161
-0.9936771117159207
0.8843078563351994
0.9898595394271533
0.7173185225462804
0.2240305359535611
0.7540895112463755
0.9961119238029026
0.8576534380657208
0.3916004895556616
-0.2240305359535506
-0.7540895112463684
-0.9961119238028916
-0.8576534380657848
-0.391600489555567
0.22403053595354008
0.7540895112463614
0.9961119238029007
0.8576534380657319
0.3916004895556815
-0.2240305359535296
-0.7540895112463543
-0.9961119238028997
-0.8576534380657375
-0.3916004895555868
0.22403053595362987
0.7540895112464219
0.9961119238028988
0.857653438065743
0.3916004895557013
-0.22403053595350858
-0.7540895112464148
-0.9961119238028978
-0.8576534380657486
-0.3916004895556066
0.22403053595360886
0.7540895112464077
0.9961119238028969
0.8576534380657541
0.39160048955561655
-0.22403053595348757
-0.7540895112464753
0.14599073120576078
-0.46337871375839207
-0.8957532397300613
-0.30809293025684165
-0.8084455997088976
-0.9999995281275788
-0.8095876255352769
-0.30994076685984506
0.30809293025683143
0.8084455997089581
-0.6572973720856214
-0.08879136952940514
0.5136299182793895
0.9198620349443034
0.9747381192211383
0.6572973720856295
0.08879136952941588
-0.5136299182794778
-0.9198620349443437
-0.9747381192211407
-0.6572973720856377
-0.08879136952931338
0.5136299182794686
0.919862034944295
0.9747381192211177
0.6572973720856458
0.08879136952932412
0.18452277056989053
0.7269740015907952
0.9917458729415574
0.8777045290311084
0.4284098871104178
0.5733178522123755
0.9454157667970338
0.956396991965297
0.6020670729410049
0.017767995560315015
-0.5733178522123668
-0.9454157667970302
-0.956396991965267
-0.6020670729409228
-0.017767995560325794
0.5733178522123579
0.9454157667970268
0.9563969919653034
0.6020670729410221
0.017767995560222904
-0.5733178522123491
-0.9454157667970232
-0.9563969919652733
-0.60206707294094
-0.01776799556034735
0.5733178522123402
0.9454157667970197
0.9563969919652764
0.6020670729409486
0.01776799556024446
-0.5733178522124245
-0.9454157667970532
-0.9563969919652796
-0.6020670729409572
-0.01776799556036891
0.5733178522123226
0.9454157667970127
0.9563969919652827
0.6020670729409658
0.01776799556026602
-0.5733178522124068
-0.9454157667970462
-0.9563969919652858
-0.6020670729409744
-0.0177679955602768
0.5733178522123049
0.9454157667970797
0.9563969919652558
0.602067072940983
0.01776799556028758
-0.5733178522123892
-0.9454157667970392
-0.9563969919652922
-0.6020670729409916
-0.017767995560298355
0.5733178522123804
0.9454157667970727
0.9563969919652954
0.6020670729410003
0.017767995560309134
-0.5733178522123715
-0.9454157667970692
-0.9563969919652653
-0.6020670729410088
-0.017767995560319914
0.5733178522123628
0.9454157667970657
0.9563969919652684
0.6020670729409267
0.017767995560330693
-0.5733178522123539
-0.9454157667970622
-0.9563969919652716
-0.6020670729409353
-0.017767995560341473
0.573317852212345
0.9454157667970586
0.9563969919652747
0.6020670729409439
0.017767995560352252
-0.5733178522123362
-0.9454157667970552
-0.9563969919652778
-0.6020670729409525
-0.017767995560249362
0.5733178522123273
0.9454157667970516
-0.956992475342348
0.1222550131447369
0.6822824945746198
0.9817012530060836
0.9061434995876121
0.4844697280114756
-0.12225501314461337
-0.6822824945745287
-0.9817012530061031
-0.9061434995875686
-0.48446972801138555
0.1222550131447155
0.6822824945747702
0.9817012530061228
0.906143499587525
0.48446972801129556
-0.12225501314481764
-0.6822824945746793
0.9997735975389578
0.7963269310894174
0.28871044312063826
-0.329183621213173
-0.8213407307833327
-0.9997735975389604
-0.7963269310894927
-0.28871044312053973
0.3291836212130555
0.8213407307833914
0.9997735975389582
0.7963269310894304
0.2887104431204412
-0.32918362121315264
-0.8213407307834502
-0.20543692129496888
0.4090460432112915
0.8672873221746219
0.9942543220789449
0.7414499644106252
0.20543692129486815
-0.40904604321138543
-0.86728732217456
-0.9942543220789583
-0.7414499644107087
-0.20543692129498997
0.4090460432112718
0.867287322174498
0.9942543220789716
0.7414499644107923
0.2054369212951118
-0.40904604321136573
-0.8672873221745492
-0.9942543220789606
-0.7414499644105705
-0.20543692129501107
0.40904604321145965
0.8672873221746004
0.9942543220789496
0.7414499644106541
0.20543692129491037
-0.4090460432113461
-0.8672873221745384
-0.9942543220789629
-0.7414499644107376
-0.2054369212950322
0.4090460432112325
-0.1648844155988367
-0.7131344689433469
-0.9889913937006256
-0.887087220645423
-0.4463458802893722
0.16488441559871395
0.7131344689432596
0.9889913937006409
0.8870872206453756
0.4463458802890767
-0.16488441559881545
-0.7131344689433318
-0.9889913937006561
-0.8870872206453281
-0.4463458802891881
-0.499938496790666
0.10459909030218956
0.6691833800919312
0.9781623633931146
0.9135165703940826
0.4999384967907738
-0.10459909030206578
-0.6691833800918388
-0.9781623633930887
-0.9135165703941333
-0.4999384967906847
0.10459909030216812
0.6691833800919152
0.97816236339311
0.9135165703940914
0.49993849679059554
-0.2901005643700222
-0.7972045197781593
-0.9997823780543367
-0.8211029369636407
-0.32879008221500555
0.28910940877575
0.7965789320815646
0.9997823780543388
0.8211029369635819
0.32879008221512307
-0.2891094087756308
-0.7965789320814893
-0.9997823780543362
-0.821102936963653
-0.32879008221524064
0.28910940877551167
0.7965789320815515
0.999850932774586
0.8190450536226268
0.32539180230411724
-0.2925500578338388
-0.7987477392900244
-0.9998509327745878
-0.8190450536224373
-0.32539180230401993
0.29255005783393717
0.7987477392900864
0.9998509327745856
0.8190450536225087
0.3253918023041376
-0.29255005783381816
-0.7987477392900114
-0.9998509327745835
0.9967218381584811
0.8539195201406677
0.38494896908595305
-0.2310590042252335
-0.7588102913292413
-0.9967218381584895
-0.8539195201404958
-0.3849489690858581
0.23105900422533363
0.7588102913291602
0.9967218381584795
0.8539195201405606
0.384948969085973
-0.23105900422521253
0.9407559944228824
0.56177883930039
-0.03177873827459704
-0.613197917948088
-0.9603963347960964
0.45073014242552273
0.8893408808811804
0.9882536304250247
