0.4619535406007263
0.8950374296260466
0.9862474417375591
0.43036354958547113
0.8787391019695351
0.9914661846447963
0.7254868834819238
0.18239625122119213
-0.430363549585471
-0.8787391019695359
-0.9914661846447963
-0.7254868834819233
-0.1823962512211905
0.4303635495854709
0.878739101969535
0.9914661846447961
0.7254868834819246
-0.8421503257966751
-0.9982729077508656
-0.7730891689924141
-0.2526116440132681
0.3643549430249519
0.842150325796677
0.9982729077508659
0.7730891689924119
0.25261164401327163
-0.3643549430249551
-0.842150325796675
-0.9982729077508656
-0.7730891689924098
-0.2526116440132683
0.3643549430249583
0.8421503257966769
0.9982729077508659
0.7730891689924121
0.25261164401327185
-0.36435494302495486
-0.8421503257966749
-0.9982729077508656
0.6514727017874211
0.9729887446867224
0.9228561577867908
0.5202238853394432
-0.08111622954804841
-0.6514727017874237
-0.9729887446867215
-0.9228561577867921
-0.5202238853394403
0.08111622954804475
0.6514727017874209
0.9729887446867223
0.9228561577867935
0.5202238853394434
-0.08111622954804108
-0.6514727017874181
0.9531117008408432
0.5932087466937921
0.006720213733436829
-0.5823352124614275
-0.9489583803419155
-0.9531117008408421
-0.5932087466938007
-0.006720213733447608
0.5823352124614187
0.948958380341912
0.9531117008408411
0.5932087466937865
0.006720213733429968
-0.582335212461433
-0.9489583803419132
-0.9531117008408443
-0.5932087466937953
-0.006720213733440748
0.5823352124614244
0.9489583803419143
0.9531117008408433
0.5932087466937925
0.006720213733437318
-0.5823352124614272
-0.4687796374282439
0.13994892410616164
0.6952217533210151
0.4292161252270484
-0.1836455668804286
-0.7263608943228133
-0.9916310482326667
-0.8781318460173206
-0.4292161252270581
0.183645566880418
0.7263608943228157
0.9916310482326652
0.878131846017319
0.42921612522704217
-0.18364556688043535
-0.7263608943228278
-0.9916310482326657
-0.8781318460173241
-0.42921612522703906
0.18364556688042474
-0.7415731780677501
-0.20561664409523933
0.408878459268973
0.8671958884601254
0.994273963163669
0.7415731780677479
0.20561664409522207
-0.4088784592689891
-0.8671958884601342
0.20454170637869223
-0.4098804917553923
-0.8677422733644222
-0.9941560000233647
-0.7408359247930238
-0.20454170637867497
0.4098804917553825
0.867742273364431
0.9941560000233658
0.7408359247930121
0.20454170637868552
-0.40988049175537267
-0.8677422733644398
-0.994156000023367
-0.7408359247930002
-0.20454170637869606
0.4098804917553887
0.8677422733644344
0.9941560000233651
0.7408359247930074
0.2045417063787066
-0.4098804917554048
-0.867742273364429
-0.9941560000233631
-0.7408359247930146
-0.20454170637868935
0.409880491755395
0.8677422733644378
0.17471028487288415
-0.43740145749172216
-0.8824407098232178
-0.9904176040588454
-0.720088636600232
-0.17471028487289475
0.4374014574917125
0.8824407098232261
0.9904176040588468
0.7200886366002198
0.17471028487287737
-0.4374014574917028
-0.882440709823221
-0.9904176040588484
-0.7200886366002273
-0.174710284872888
0.43740145749169307
0.8824407098232293
0.9904176040588498
0.7200886366002348
0.1747102848728986
0.6772397705928144
0.9803687651459841
0.909030212922159
-0.4148344814829431
0.19921582849713548
0.7371724630882773
0.9935542723501715
0.8704321192419798
0.4148344814829529
-0.19921582849715277
-0.7371724630882701
-0.9935542723501702
-0.8704321192419712
-0.41483448148293683
0.1992158284971422
0.7371724630882628
0.9935542723501722
0.8704321192419765
0.41483448148294666
-0.19921582849713165
-0.7371724630882555
-0.993554272350171
-0.8704321192419818
-0.4148344814829306
0.19921582849712108
0.7371724630882674
0.9935542723501698
0.8704321192419872
0.41483448148294044
-0.19921582849713837
-0.7371724630882793
-0.9935542723501686
-0.8704321192419784
-0.4148344814829502
0.19921582849715566
0.7371724630882721
0.9935542723501706
0.8704321192419697
0.41483448148296004
-0.1992158284971451
-0.7371724630882648
-0.9935542723501726
-0.870432119241975
-0.414834481482944
0.1992158284971345
0.7371724630882575
0.9935542723501714
0.8704321192419804
0.41483448148295377
-0.1992158284971518
-0.7371724630882694
-0.9935542723501701
-0.8704321192419717
-0.4148344814829377
0.19921582849714126
0.7371724630882621
0.9935542723501721
0.8704321192419769
0.41483448148294755
-0.19921582849713068
-0.737172463088274
-0.9935542723501709
-0.8704321192419823
-0.4148344814829574
0.19921582849714797
0.7371724630882668
-0.9685368316252313
-0.637280488523128
-0.06260465917236001
0.5359840221281449
0.9298450244025899
0.9685368316252199
0.6372804885231363
0.06260465917237076
-0.5359840221281358
-0.9298450244026069
-0.9685368316252225
-0.6372804885231447
-0.06260465917238153
0.5359840221281746
0.9298450244026029
0.9685368316252252
0.637280488523153
0.06260465917239229
-0.5359840221281655
-0.9298450244026197
-0.9685368316252279
-0.6372804885231613
-0.06260465917240304
0.5359840221282045
0.9298450244026158
0.9685368316252305
0.6372804885231697
0.06260465917235707
-0.5359840221281954
-0.9298450244026119
-0.9685368316252332
-0.6372804885231779
-0.06260465917236784
0.5359840221281863
0.9298450244026079
0.968536831625236
0.6372804885231862
0.06260465917232186
-0.5359840221281772
-0.929845024402604
-0.9685368316252386
-0.6372804885231507
-0.06260465917233261
0.5359840221281681
0.9298450244026
0.9685368316252271
0.637280488523159
0.9957709684159495
0.8595957279919535
0.39508413605921366
-0.22033616743227274
-0.7515955439154728
-0.9957709684159485
-0.85959572799193
-0.39508413605922355
0.22033616743226223
0.7515955439154657
0.9957709684159475
0.8595957279919645
0.9848899175550613
0.6949991180699343
0.1396422776333238
-0.4690531665927631
-0.8985862437112199
-0.9848899175550534
-0.6949991180699421
-0.13964227763333445
0.46905316659280377
0.8985862437112401
0.9848899175550552
0.9657267788267362
0.9338553633902412
0.5452829397150709
-0.051569033445780656
-0.6287233885973698
-0.9657267788267334
-0.933855363390245
-0.5452829397150799
-0.9315533091013186
-0.9673639825561494
-0.6336744941670198
-0.05794288680994738
0.5399209339022392
0.9315533091013147
0.9673639825561522
0.6336744941669842
0.057942886809901395
-0.5399209339022301
-0.9315533091013108
-0.9673639825561404
-0.6336744941669925
-0.05794288680991216
0.539920933902221
0.9315533091013068
0.9673639825561432
0.6336744941670008
0.05794288680992292
-0.5399209339022119
-0.931553309101303
-0.967363982556146
-0.6336744941670092
-0.05794288680993368
0.5399209339022029
0.9315533091013197
0.9673639825561342
0.6336744941670175
0.057942886809944444
-0.5399209339021938
-0.9315533091013158
-0.967363982556137
-0.6336744941669818
-0.057942886809955206
0.5399209339021847
0.9315533091013118
0.9673639825561398
0.6336744941669902
0.05794288680996597
-0.5399209339022234
-0.9315533091013286
-0.9673639825561424
-0.6336744941669985
-0.05794288680997673
0.5399209339022144
0.9315533091013247
0.9673639825561452
0.6336744941670069
0.05794288680998749
0.02056120423639234
0.604295355846502
0.9572092207670109
0.9445016976992795
0.571026628542399
-0.02056120423638156
-0.6042953558465386
-0.9572092207669749
-0.9445016976992643
-0.5710266285424079
0.02056120423637078
0.6042953558464847
0.9572092207669882
0.9204068635761624
0.5148231566745142
-0.08740549788124895
-0.6562482230499844
-0.9744264320703672
-0.9204068635761665
-0.5148231566745234
0.0874054978812382
0.6562482230499762
0.9744264320703647
0.9204068635761707
0.5148231566745326
-0.08740549788122746
-0.6562482230499681
-0.9744264320703752
-0.9204068635761528
-0.5148231566745418
0.08740549788121672
0.65624822304996
0.9744264320703727
0.920406863576157
0.5148231566745511
-0.08740549788120598
-0.6562482230499519
-0.9744264320703703
-0.9204068635761612
-0.5148231566745604
0.08740549788125188
0.6562482230499437
0.9744264320703806
0.9204068635761654
0.5148231566745696
-0.08740549788124113
-0.6562482230499784
-0.9744264320703782
-0.9204068635761696
-0.5148231566745788
0.08740549788128701
0.6562482230499703
0.9744264320703758
0.9204068635761739
0.5148231566745394
-0.08740549788127629
-0.6562482230500051
-0.9744264320703734
-0.8293739701412953
-0.3425856311576028
0.2750587748708854
0.7876400778026089
0.9993696419153705
0.8293739701413013
0.3425856311577197
-0.2750587748707658
-0.7876400778025323
-0.9993696419153701
-0.8293739701413073
-0.342585631157623
0.2750587748708647
0.7876400778025957
0.9993696419153697
0.8293739701413134
0.34258563115774
-0.27505877487074504
-0.787640077802589
-0.7795388632976448
-0.26249862530537266
0.3548071655533496
0.8365886786227137
0.9988217510615881
0.7795388632976515
0.2624986253054928
-0.3548071655533396
-0.8365886786226455
-0.9988217510615887
-0.779538863297587
-0.2624986253053935
0.3548071655533295
0.8365886786227018
0.9988217510615892
0.12315226326585325
0.682943179710257
0.9471644462684176
0.954803290378874
0.5977397301347729
0.012359909405429487
-0.5777409766189181
-0.9471644462684141
-0.9548032903788772
-0.2273461659803372
0.38846660008288386
0.8558983284084567
0.9964059861962438
0.7563204238509534
0.2273461659803477
-0.3884666000827692
-0.855898328408451
-0.9964059861962447
-0.7563204238509605
-0.22734616598024748
0.388466600082864
0.8558983284084455
0.9964059861962455
0.7563204238509675
0.2273461659803687
0.30486669880156314
-0.31316141350308435
-0.8115725098145895
-0.9999904917118948
-0.8064460942020056
-0.3048666988015734
0.5593303085879242
-0.034733847409544064
-0.6155308542565258
-0.9612159959017905
-0.939749297642679
-0.5593303085879331
0.03473384740941967
0.6155308542565172
0.9612159959017875
0.9397492976426827
0.5593303085878478
-0.03473384740952251
-0.6155308542565088
-0.9612159959017845
-0.9397492976426864
-0.559330308587951
0.03473384740951174
0.2527108273988512
-0.36425947826503186
-0.9982685736041848
-0.7730423999070157
-0.2525403041901779
0.36442360419806297
0.8421900820853934
0.9982685736041853
0.7730423999070226
0.2525403041900784
-0.3644236041981588
-0.8421900820854489
-0.998268573604186
-0.7730423999070294
-0.2525403041901988
0.36442360419804287
0.842190082085443
0.9982685736041866
0.7730423999069641
0.2525403041900992
-0.3644236041981387
-0.8421900820854372
-0.9982685736041872
-0.7730423999070432
-0.25254030419010964
0.3644236041980228
0.8421900820854313
0.9982685736041812
0.7730423999069779
0.2525403041901201
-0.36442360419811864
-0.8421900820854256
-0.9982685736041885
-0.7730423999070568
-0.2525403041901305
0.3644236041981086
0.8421900820854198
0.9982685736041824
0.7730423999069915
0.25254030419014095
-0.36442360419809855
-0.8421900820854139
-0.9982685736041897
-0.9759896100332873
-0.6615625124935648
-0.09444102086409695
0.5087537308032153
0.9176218492070285
0.9759896100332897
0.6615625124935729
0.09444102086410767
-0.6791773891551172
-0.9808852394412295
-0.9079282673238521
-0.48817355643556826
0.11804686060217348
0.9836003495418338
0.9017633613592028
0.4754834189467157
-0.13241502841639716
-0.6897354355457334
-0.983600349541832
-0.9017633613592566
-0.4754834189468252
0.13241502841627378
0.6897354355457255
0.98360034954183
0.9017633613592121
0.4754834189467347
-0.13241502841637579
-0.6897354355457177
-0.9836003495418281
-0.9017633613592659
-0.4754834189467442
0.1324150284163651
0.6897354355457099
0.9836003495418466
0.9017633613592214
0.4754834189467536
-0.1324150284163544
-0.6897354355457022
-0.9836003495418242
-0.9017633613592261
-0.47548341894686313
0.13241502841634373
0.6897354355457767
0.9836003495418427
0.9017633613592307
0.4754834189467726
-0.13241502841633304
-0.6897354355456865
-0.9836003495418203
-0.9017633613592354
-0.4754834189467821
0.13241502841632236
0.689735435545761
0.9836003495418388
0.9017633613592401
0.4754834189467916
-0.13241502841631167
-0.6897354355456708
-0.9836003495418368
-0.9017633613592447
-0.4754834189468011
0.13241502841641367
0.6897354355457453
0.983600349541835
0.9017633613592494
0.47548341894681057
-0.1324150284162903
-0.6897354355456553
-0.983600349541833
-0.9017633613592049
-0.47548341894682
0.1324150284163923
0.6897354355457298
0.9836003495418311
0.9017633613592587
0.4754834189468295
-0.13241502841626893
-0.689735435545722
-0.9836003495418291
-0.9017633613592142
-0.47548341894673896
0.13241502841637093
0.6897354355457141
0.9836003495418272
0.901763361359268
0.4754834189468485
-0.13241502841636024
-0.6897354355457064
-0.9836003495418457
-0.9017633613592235
-0.47548341894675794
0.13241502841634956
0.6897354355456986
0.9836003495418233
0.9017633613592282
0.47548341894686746
-0.13241502841633887
-0.8938223733816025
-0.986692853103143
-0.7026801993959189
-0.15026759274102758
0.4595421269333049
0.8938223733815978
0.9866928531031447
0.7026801993959265
0.15026759274092583
-0.45954212693339624
-0.8938223733815929
-0.9866928531031465
-0.7026801993959342
-0.1502675927410489
0.4595421269332857
0.8938223733815881
0.9866928531031482
0.7026801993958609
0.15026759274094714
-0.4595421269333771
-0.8938223733815832
-0.98669285310315
-0.7026801993959495
-0.1502675927410702
0.45954212693326657
0.8938223733816294
0.9866928531031518
0.7026801993959572
0.15026759274096846
-0.45954212693335794
-0.8938223733815736
-0.9722384628191536
-0.9240946306402886
-0.5229780583781404
0.07789835681401544
0.6490202473711596
0.972238462819151
0.9240946306402492
0.5229780583780527
-0.07789835681411804
0.4880682863999951
0.9078777078110499
0.980908702466634
0.6792659126405027
-0.5445599104374018
-0.9335466130673298
-0.9659502395879117
-0.6293937060270439
-0.05243016906900977
0.5445599104373928
0.9335466130673259
0.9659502395878851
0.4707915073636467
0.8994486358856003
0.9845469566340698
0.6935818034685228
0.1376919753564701
-0.47079150736363723
-0.8994486358856453
-0.9845469566340916
-0.6935818034686124
-0.1376919753565934
0.47079150736362774
0.8994486358856406
0.9845469566340735
0.008779631111595312
-0.5806597272736438
-0.9483068057386121
-0.9537329161743023
-0.5948654688208999
-0.008779631111606092
0.5806597272736349
0.9483068057386448
0.9537329161742715
0.5948654688209085
0.008779631111616872
-0.5806597272736261
-0.9483068057386415
-0.9537329161743089
-0.5948654688208258
-0.00877963111151397
0.5806597272736174
0.948306805738638
0.9537329161742779
0.5948654688209258
0.8388282755976201
0.9986143349005645
0.7769636599243211
0.25853927488053047
-0.3586383257408634
-0.8388282755976143
-0.9986143349005651
-0.7769636599243995
-0.2585392748806507
0.3586383257407472
0.8388282755976084
0.9986143349005656
0.7769636599243348
0.2585392748805513
-0.35863832574084326
-0.8388282755976025
-0.9986143349005662
-0.7769636599243416
-0.2585392748806715
0.35863832574072707
0.8388282755976586
0.9986143349005667
0.77696365992442
0.25853927488057216
-0.35863832574082316
-0.8388282755975908
-0.823073333409094
-0.9997041955685483
-0.7944820337166493
-0.28579473843615627
0.33205643312105415
0.823073333409088
0.9882909516153309
0.8892291011459014
0.45051195782418013
-0.16028544104805365
-0.7098592493417032
-0.9882909516153293
0.9705630849144479
0.9267683698394414
0.528979637184032
-0.07086133751903183
-0.6436356897781057
-0.9705630849144452
-0.9267683698394454
-0.5289796371841375
0.07086133751890768
0.6436356897781844
0.9705630849144427
0.9267683698394495
0.5289796371840503
-0.07086133751901032
-0.6436356897780892
-0.97056308491444
-0.9267683698394535
-0.5289796371840594
0.07086133751899956
0.6436356897781679
0.27398546920957956
0.7869518635919214
0.9993293935922473
0.8299970611971151
0.01337322387896759
0.5985518546565811
0.9551040209846852
0.9468389140883602
0.5769135238811653
-0.01337322387895681
-0.5985518546565725
-0.9551040209847156
-0.9468389140883271
-0.576913523881267
0.01337322387894603
0.5985518546565638
0.9551040209847125
0.9468389140883307
0.5769135238813687
-0.013373223879048927
-0.5985518546566463
-0.9551040209846755
-0.9468389140883341
-0.5769135238812847
0.013373223878924471
0.9915621618057869
0.7259948079815002
0.18312211316414334
-0.42969700479002554
-0.878386471778664
-0.9915621618057736
-0.7259948079815076
-0.18312211316415392
0.42969700479011846
0.8783864717786045
0.9915621618057897
0.7259948079814369
0.18312211316416452
-0.42969700479010875
-0.8783864717786537
-0.9915621618057764
-0.7259948079814442
-0.18312211316417512
0.4296970047902017
0.8783864717786486
0.9915621618057777
0.7259948079814517
0.18312211316418572
-0.4296970047901919
0.32362600459568736
-0.2943346995215192
-0.7998695524900015
-0.9998814229734947
-0.8179725746007521
-0.32362600459580515
0.2943346995214003
0.7998695524900632
0.9998814229734962
0.817972574600693
0.3236260045957078
-0.2943346995214986
-0.799869552490125
-0.9998814229734978
-0.8179725746006337
0.6565169951757615
-0.9136056335163794
-0.500128142549542
0.10438130014085337
0.6690206339673499
0.3520300161025724
0.8349586263971117
0.998961420607904
0.7813949055963858
0.26536209528286736
-0.3520300161024559
-0.8349586263970432
-0.9989614206078994
-0.7813949055963216
-0.2653620952827681
0.352030016102765
0.8349586263971
0.9989614206078946
0.7813949055962575
0.2653620952828881
-0.3520300161026485
-0.8349586263971566
-0.9989614206079003
-0.7813949055963351
-0.26536209528300814
0.35203001610253204
0.8349586263970881
0.998961420607906
0.7813949055964128
0.26536209528312815
-0.35203001610262835
-0.8349586263971447
-0.9989614206079013
-0.7813949055963485
-0.2653620952830289
0.35203001610272466
0.8349586263972013
0.9989614206078966
0.7813949055962843
0.2653620952829297
-0.35203001610260815
-0.8349586263971328
-0.9989614206079023
-0.781394905596362
-0.2653620952830497
0.3520300161024917
0.8349586263970643
0.9989614206078976
0.7813949055962978
0.26536209528316973
-0.352030016102588
-0.8349586263971209
-0.998961420607893
-0.7813949055962336
-0.26536209528285126
0.3520300161026843
0.8349586263971776
0.9989614206078986
0.7813949055963112
0.2653620952829713
-0.3520300161025678
-0.834958626397109
-0.9989614206079043
-0.7813949055963889
-0.2653620952830913
0.35203001610245127
0.8349586263970405
0.9989614206079099
0.7813949055963247
0.2653620952829921
-0.3520300161027604
-0.8349586263970972
-0.9989614206079053
-0.7813949055962605
-0.26536209528289284
0.35203001610264395
0.715012670303047
0.9893848274605721
0.885845608481638
0.44394347584757615
-0.1675299754767029
-0.71501267030296
-0.989384827460554
-0.8858456084815902
-0.44394347584748395
0.16752997547680434
0.7150126703031909
0.989384827460569
0.8858456084815425
0.44394347584739174
-0.16752997547668164
0.5904657767360493
0.0033173080691822916
-0.585098259528958
-0.9500261787454605
-0.9520763878834078
-0.5904657767361498
-0.003317308069306758
0.5850982595288571
0.9500261787454216
0.9520763878833763
0.5904657767360667
0.00331730806897648
-0.5850982595289405
-0.9500261787454537
-0.9520763878833448
-0.5904657767359837
-0.003317308069100947
0.6482686605742444
0.9720069187013872
-0.3502407096405587
0.2672040880792574
0.782586006085867
0.9990466688875114
0.8339054605215177
0.3502407096404623
-0.2672040880793565
-0.7825860060857895
-0.999046668887506
-0.8339054605215864
-0.35024070964057885
0.6456934406677293
0.9712078688732246
0.9257539013105277
0.5266934086650521
-0.07354606443991962
-0.6456934406676341
-0.971207868873195
-0.9257539013104887
-0.5266934086649646
0.07354606444002225
0.6456934406677127
0.9712078688732737
0.9257539013104499
0.5266934086648771
-0.07354606444012488
-0.6456934406677913
-0.971207868873244
-0.925753901310497
-0.5266934086649829
0.07354606444000075
0.6456934406676963
0.9712078688732143
0.925753901310544
0.5266934086648954
-0.07354606444010338
-0.6456934406677749
-0.9712078688732388
-0.9257539013105051
-0.526693408664808
0.9287829998993665
0.5335539178096765
-0.06547462605262636
-0.6394940881635173
-0.9692485442005851
-0.9287829998994126
-0.5335539178097818
0.06547462605272904
0.6394940881635964
0.9692485442006105
0.9287829998993745
0.5335539178096947
-0.06547462605283172
