0.5558380438810664
-0.038937934019507334
-0.6188409445763301
-0.4369380119191407
-0.882198185695649
-0.13586445697913377
-0.6922516296264176
-0.9842222085239144
-0.9002533562477625
-0.4724183203711328
0.13586445697913277
0.6922516296264175
0.9842222085239144
0.9002533562477625
0.4724183203711329
-0.13586445697913266
-0.6922516296264174
-0.984222208523915
-0.9002533562477626
-0.472418320371133
0.6250705178363909
0.04688614521291868
-0.5492071412804254
-0.935521966668811
-0.9644991980118592
-0.625070517836391
-0.0468861452129188
0.5492071412804252
0.9355219666688123
0.9644991980118593
0.6250705178363911
0.04688614521292247
-0.5492071412804251
-0.9355219666688135
-0.9644991980118575
-0.625070517836394
-0.04688614521291905
0.549207141280428
0.9355219666688122
0.9644991980118585
0.6250705178363913
0.04688614521292272
-0.5492071412804249
-0.9355219666688134
-0.9644991980118593
-0.6250705178363887
-0.04688614521292639
0.637755361008985
0.06321980709133375
-0.5354635643730011
-0.9296180539840146
-0.9686900435286688
-0.6377553610089879
-0.06321980709133032
0.535463564373004
0.7010584889370459
0.14801634881958098
-0.46156300565630415
-0.25199887095941426
0.3649446002044111
0.8424916381008918
0.9982355054804051
0.772687338543339
0.2519988709594247
-0.36494460020440106
-0.842491638100886
-0.9982355054804048
-0.7726873385433368
-0.25199887095940765
0.3649446002044043
0.8424916381008801
0.9982355054804055
0.7726873385433437
0.2519988709594181
-0.3649446002044075
-0.842491638100882
-0.9982355054804053
-0.7726873385433415
-0.25199887095941476
0.36494460020439745
0.8424916381008839
0.9982355054804051
0.7726873385433484
0.2519988709594114
-0.3649446002044006
-0.8424916381008857
-0.9982355054804057
-0.7726873385433461
-0.25199887095942186
0.36494460020440384
0.8424916381008876
0.9982355054804055
0.772687338543353
0.25199887095941853
-0.3649446002043938
0.3125320522919468
0.8111851933609306
0.9999931617366912
0.8068377308465023
0.30549771017878574
-0.3125320522919501
-0.8111851933609243
-0.9999931617366912
-0.8068377308465003
-0.305497710178796
0.3125320522919533
0.8111851933609263
0.9999931617366912
0.8068377308465067
0.3054977101788063
-0.3125320522919431
-0.8111851933609283
-0.9999931617366912
-0.8068377308465047
-0.30549771017878946
0.31253205229195985
0.8111851933609386
0.9999931617366911
0.806837730846511
0.30549771017879973
-0.3125320522919496
-0.8111851933609323
-0.9999931617366912
-0.8068377308465006
-0.3054977101787829
0.31253205229193937
0.8111851933609426
0.9999931617366912
0.8068377308465069
0.3054977101787932
-0.31253205229195613
-0.8111851933609363
-0.9999931617366912
0.3751878167118758
0.8483801617990011
0.9975201204600416
0.7656412975672282
0.24131352219433222
-0.37518781671189216
-0.8483801617989953
-0.9975201204600384
-0.7656412975672351
-0.24131352219431512
0.37518781671188217
0.8483801617990047
0.997520120460039
0.7143772568077543
0.16663428052916718
-0.4447573272206777
-0.8862667527177807
-0.989252401775686
-0.7143772568077619
-0.1666342805291778
0.444757327220668
0.8862667527177757
0.9892524017756875
0.7143772568077494
0.1666342805291604
-0.44475732722065836
-0.8862667527177838
-0.9892524017756891
-0.714377256807757
-0.16663428052917104
0.4447573272206742
0.8862667527177788
0.9892524017756906
0.7143772568077447
0.16663428052915363
-0.4447573272206645
-0.8862667527177738
-0.9892524017756881
-0.7143772568077522
-0.16663428052916426
0.4447573272206803
0.8862667527177688
0.9892524017756896
0.7143772568077598
0.16663428052914686
-0.4447573272206707
-0.886266752717777
-0.9892524017756871
-0.7143772568077673
-0.1666342805291575
0.444757327220661
0.27712067169574356
0.7889600479954316
0.999443501726609
0.8281735076334333
0.3405693822065289
-0.2771206716957605
-0.7889600479954251
-0.9994435017266096
-0.8281735076334393
-0.34056938220653904
-0.9955205018858859
-0.8609656996514526
-0.3975512632980178
0.21771424336481737
0.7498203088972577
0.9955205018858849
0.8609656996514582
0.3975512632980277
-0.21771424336483458
-0.7498203088972505
-0.9955205018858866
-0.8609656996514781
-0.3975512632980115
0.21771424336482406
0.7498203088972434
0.9955205018858856
0.8609656996514691
-0.7002918751122568
-0.9861424279534852
-0.8953200910648149
-0.4625159102000626
0.14695362802350592
0.7002918751122491
0.9861424279534834
0.8953200910648197
0.46251591020007216
-0.14695362802349526
-0.700291875112282
-0.9861424279534816
-0.8953200910648245
-0.4625159102000817
0.1469536280235408
0.7002918751122743
0.9861424279534798
0.8953200910648293
0.46251591020004085
-0.14695362802353015
-0.7002918751122665
-0.986142427953478
-0.8953200910648341
-0.46251591020005045
0.1469536280235757
0.7002918751122589
0.9861424279534762
0.8953200910648389
0.4625159102000096
-0.14695362802356504
-0.7002918751122512
-0.9861424279534744
-0.8953200910648184
-0.46251591020001914
0.14695362802355438
0.7002918751122434
0.9861424279534726
0.8953200910648232
0.4625159102000287
-0.14695362802354373
-0.7002918751122358
-0.9861424279534708
0.8140066583502851
0.31712689909821684
-0.30088455686250254
-0.803968338791739
-0.9999635411812915
-0.8140066583502913
-0.31712689909822706
0.30088455686254645
0.8039683387917663
0.9999635411812914
0.8140066583502975
0.31712689909823727
-0.3008845568625362
-0.8039683387917261
-0.9998086224706552
-0.8203611217271873
-0.3275635555328941
0.29035215539921333
0.7973632116755673
0.9998086224706549
0.820361121727161
0.3275635555329043
-0.290352155399203
-0.7973632116755609
-0.9998086224706548
-0.8203611217271672
-0.32756355553286076
0.9917431650504768
0.7269595007580175
0.1845020156206791
-0.4284289684908893
-0.8777146484040083
-0.9917431650504781
-0.726959500758025
-0.1845020156206897
0.4284289684908795
0.8777146484040304
0.9917431650504722
0.7269595007580323
0.18450201562070032
-0.42842896849092116
-0.8777146484040251
-0.9917431650504736
-0.7269595007580397
-0.1845020156207109
0.42842896849091144
0.87771464840402
0.991743165050475
0.7269595007580472
0.1845020156207215
-0.4284289684909017
-0.8777146484040421
-0.9917431650504763
-0.7269595007580545
-0.1845020156207321
0.4284289684909433
0.8777146484040369
0.9917431650504778
0.7269595007580619
0.18450201562068683
-0.42842896849093354
-0.8777146484040318
-0.9917431650504791
-0.7269595007580303
-0.1845020156206974
0.4284289684909238
0.8777146484040266
0.9917431650504805
0.7269595007580377
0.18450201562065213
-0.4284289684909141
-0.8777146484040214
-0.9917431650504819
-0.7269595007580061
-0.18450201562066273
0.42842896849090434
0.8777146484040163
0.991743165050476
0.7269595007580135
0.18450201562067334
-0.4284289684908946
-0.877714648404011
-0.9917431650504773
-0.7269595007580208
-0.18450201562068394
0.42842896849088485
0.8777146484040059
0.9917431650504714
0.7269595007580283
0.18450201562069451
-0.4284289684909265
-0.877714648404028
-0.9917431650504729
-0.7269595007580357
-0.18450201562070512
0.4284289684909167
0.8777146484040228
0.9917431650504742
0.726959500758043
0.18450201562065985
-0.42842896849095835
-0.8777146484040177
-0.9917431650504757
-0.7269595007580505
-0.18450201562067045
0.42842896849094864
0.8777146484040397
0.991743165050477
0.7269595007580579
0.18450201562068103
-0.42842896849093887
-0.8777146484040346
-0.9917431650504783
0.5220205315483899
0.9236648725313178
0.9725006264216
0.6498741950994233
0.07901790966076647
-0.5220205315483807
-0.9236648725313137
0.9192392411685929
0.5122694668935008
-0.09036983233608212
-0.6584909271709136
-0.9750908691099197
-0.9192392411685747
-0.51226946689351
0.09036983233607138
0.6584909271709055
0.9750908691099173
0.9192392411685789
0.5122694668935194
-0.09036983233606063
0.3620046833541266
0.8407874083495517
0.9984179206684066
0.7746867222689247
0.2550515265959314
-0.36200468335411656
-0.8407874083495767
-0.998417920668404
-0.7746867222689315
-0.25505152659594177
0.3620046833541065
0.8407874083495708
0.9984179206684046
0.7746867222689023
0.2550515265959522
-0.36200468335409647
-0.840787408349565
-0.9984179206684052
-0.7746867222689092
-0.25505152659596264
0.36200468335413943
0.8407874083495899
0.9984179206684058
0.7746867222688801
0.2550515265959731
-0.3620046833541294
-0.8407874083495841
-0.9984179206684064
-0.7746867222688869
-0.2550515265959285
0.36200468335411934
0.8407874083495782
0.9984179206684071
0.7746867222688937
0.25505152659593894
-0.3620046833541093
0.8038131180321034
0.999961278653042
0.8141582182622846
0.31737439071541385
-0.30063566692594673
-0.8038131180320971
-0.9999612786530409
-0.8141582182623569
-0.31737439071553186
0.30063566692593646
0.8038131180320907
0.9999612786530417
0.8141582182622972
0.3173743907154343
-0.3006356669259262
-0.8038131180320842
-0.9999612786530406
-0.8141582182623694
-0.3173743907155523
0.6774636515151864
0.9804287247115482
0.9089033486147575
0.49020778583575086
-0.11573048958266909
-0.6774636515151784
-0.9804287247115236
-0.9089033486148095
-0.49020778583585933
0.11573048958265839
0.6774636515151705
0.980428724711544
0.9089033486147665
0.4902077858357696
-0.11573048958264767
-0.6774636515151626
-0.9804287247115194
-0.9089033486148185
-0.490207785835779
0.6187279256387227
0.9623286411312518
0.9383525240590816
0.5559576362256232
-0.038794172340957236
-0.6187279256387143
-0.962328641131218
-0.9383525240590854
-0.5559576362257267
0.03879417234094647
0.6187279256387951
0.9623286411312459
0.9383525240590891
0.5559576362256411
-0.03879417234093569
-0.6187279256386973
-0.9623286411312121
-0.9383525240590929
-0.5559576362255556
0.03879417234092492
0.6187279256387781
0.9623286411312401
0.9383525240590965
0.5559576362256591
-0.038794172340914146
-0.6187279256386804
0.6124769411927202
0.030866798496009644
-0.5625334121023755
-0.9410649790850075
-0.9601417096794032
-0.6124769411927288
-0.030866798496020417
0.5625334121022727
0.9410649790849654
0.9601417096794062
0.6124769411927372
0.03086679849591756
-0.5625334121023577
-0.9410649790850003
-0.9601417096794091
-0.6124769411927458
-0.03086679849604197
0.5625334121022548
0.9410649790849582
0.9601417096794121
0.6124769411926644
0.03086679849593911
-0.5625334121023399
-0.941064979084993
0.9905565209288784
0.7207887669771301
0.1757042027492826
-0.43649339496258294
-0.8819653516635867
-0.9905565209288798
-0.7207887669772164
-0.17570420274929324
0.43649339496247097
0.8819653516635817
0.9905565209288657
0.720788766977145
0.17570420274930384
-0.43649339496256356
-0.8819653516635766
-0.9905565209288828
-0.7207887669772313
-0.17570420274931448
0.43649339496255385
0.8819653516635715
0.9905565209288687
0.72078876697716
0.17570420274932508
-0.43649339496254413
-0.8819653516635664
-0.9905565209288857
-0.7207887669771674
-0.17570420274933568
0.4364933949625344
0.8819653516636149
0.9905565209288716
0.7207887669771749
0.1757042027493463
-0.43649339496252476
-0.8819653516635563
-0.9905565209288887
-0.7207887669771824
-0.175704202749245
0.4364933949626173
0.8819653516636048
0.9905565209288746
0.7207887669771899
0.17570420274936752
-0.43649339496250533
-0.8819653516635461
-0.990556520928876
0.9994489708361126
0.7890610285278786
0.2772785925199722
-0.3404148414778231
-0.8280813763060074
-0.999448970836113
-0.789061028527955
-0.27727859251998255
0.3404148414778129
0.8280813763060013
0.9994489708361095
0.7890610285278918
0.27727859251999293
-0.3404148414778028
-0.8280813763059953
-0.9994489708361137
-0.7890610285278985
-0.2772785925201125
0.34041484147779266
-0.18546750898151357
0.4275410449615128
0.8772434513149008
0.9918686756742859
0.7276337783024689
0.18546750898152417
-0.427541044961503
-0.8772434513149502
-0.9918686756742728
-0.7276337783023984
-0.18546750898153475
0.4275410449614933
0.8772434513148903
0.9918686756742887
0.7276337783024057
0.18546750898154535
-0.42754104496158635
-0.8772434513149397
-0.9918686756742756
-0.7276337783024132
-0.18546750898155595
0.4275410449614738
0.8772434513149346
0.9918686756742914
0.7276337783024205
0.18546750898156653
-0.4275410449615668
-0.8772434513149294
-0.9918686756742783
-0.7276337783024279
-0.8177497276084692
-0.9998873118508086
-0.8001019278858656
-0.29470480193286447
0.3232595417106766
0.817749727608463
0.9998873118508087
0.8001019278859403
0.2947048019329834
-0.3232595417105588
-0.8177497276084568
-0.9998873118508071
-0.8001019278858785
-0.29470480193288506
0.3232595417106562
0.8177497276084505
0.999887311850809
0.8001019278859532
0.29470480193289533
-0.323259541710646
-0.8177497276084443
-0.9998873118508075
-0.8001019278858915
-0.29470480193290566
0.3232595417106358
0.8177497276084381
0.7504568123020204
0.9956110441416413
0.8604756966939561
0.3966678796024504
-0.2186535852519395
-0.7504568123020133
-0.9956110441416509
-0.8604756966939037
-0.39666787960235594
0.218653585251929
0.7504568123020062
0.9956110441416393
0.8604756966939671
0.3966678796023658
-0.21865358525191847
-0.7504568123019991
-0.9956110441416488
-0.8604756966939147
-0.39666787960237576
0.21865358525190795
0.7504568123019919
0.9956110441416478
0.860475696693978
0.3966678796022813
-0.21865358525200837
-0.7504568123019848
-0.9956110441416468
-0.8604756966939257
-0.3966678796023955
0.2186535852518869
0.7504568123019777
0.9956110441416458
0.8604756966939311
0.39666787960230104
-0.21865358525198733
-0.7504568123020458
-0.9956110441416448
-0.8604756966939366
-0.39666787960241534
0.21865358525186587
0.7504568123019635
0.9956110441416438
0.8604756966939421
0.39666787960232086
-0.2186535852519663
-0.7504568123020314
-0.9956110441416428
-0.8604756966939476
-0.39666787960233074
0.21865358525195577
0.7504568123019492
0.9956110441416525
0.8604756966939531
0.3966678796023407
-0.21865358525194525
-0.7504568123020172
-0.9956110441416408
-0.8604756966939586
-0.39666787960235056
0.21865358525193473
0.7504568123020101
0.9956110441416504
0.8604756966939061
0.39666787960236044
-0.42230558723937067
-0.8744524101316937
-0.9925881338979983
-0.7315889273451281
-0.1911476163394063
0.4223055872393609
0.8744524101316885
0.9925881338979857
0.731588927345058
0.19114761633941688
-0.42230558723935113
-0.8744524101316833
-0.9925881338979871
-0.7315889273451428
-0.19114761633931587
0.4223055872394444
0.874452410131678
0.9925881338979884
0.7315889273450727
0.19114761633943805
-0.4223055872393316
-0.8744524101316727
-0.9925881338979896
-0.7315889273450801
-0.19114761633944863
0.42230558723942485
0.8744524101317227
0.9925881338979909
0.7315889273450874
0.1911476163394592
-0.42230558723931205
-0.8744524101316623
-0.9925881338979923
-0.7315889273450947
-0.1911476163394698
0.4223055872394053
0.8744524101317123
0.9925881338979936
0.7315889273451021
0.19114761633948038
-0.42230558723939554
-0.8744524101316519
-0.9925881338980087
-0.7315889273450319
-0.19114761633949096
0.42230558723938577
0.8744524101317018
0.9925881338979962
0.7315889273451168
0.19114761633950153
-0.422305587239376
-0.5600408684432141
0.033876918087514106
-0.8604519600460603
-0.983554648222198
-0.6895520722429817
-0.13216404167977672
0.47570616071435895
0.9018727783735543
0.9835546482221794
0.6895520722429894
0.1321640416797874
-0.4757061607144495
-0.9018727783735005
-0.9835546482222018
-0.6895520722429972
-0.13216404167991078
0.47570616071444
0.9018727783734467
0.9835546482221833
-0.9614349762127508
-0.939477186462043
-0.5586710431378277
0.03552845013458496
0.616157283023193
0.9614349762127479
0.9394771864620078
0.5586710431379309
-0.03552845013446057
-0.6161572830231845
-0.9614349762127449
-0.9394771864619725
-0.5586710431378455
0.03552845013456341
0.616157283023176
0.9614349762127419
0.9394771864619763
0.5586710431379488
-0.03552845013466625
-0.616157283023257
-0.961434976212739
-0.93947718646198
-0.5586710431378634
0.03552845013454187
0.5263640376559215
-0.07393243329375426
-0.6459892275962025
0.4592813392266345
-0.15055785844805109
-0.7028890714690619
-0.9867405495096533
-0.8936906757153343
-0.45928133922664405
0.15055785844804043
0.7028890714689734
0.9867405495096331
0.8936906757153391
0.45928133922665365
-0.15055785844814218
-0.7028890714690466
-0.9867405495096497
-0.48006873697278446
-0.9040071377686144
-0.9826455380093689
-0.6859467416239999
-0.12723960441041252
0.480068736972775
0.9040071377686099
0.9826455380093498
0.685946741623925
0.1272396044104232
-0.48006873697276553
-0.9040071377686052
-0.9826455380093518
-0.6859467416240156
-0.12723960441054666
0.4800687369727561
0.9040071377686005
0.9826455380093327
0.6859467416238579
0.12723960441055734
-0.48006873697284635
-0.9040071377686446
-0.9826455380093136
-0.6859467416237831
-0.12723960441022975
0.4800687369729366
0.9040071377686886
0.9826455380093367
0.6859467416238737
0.1272396044103532
-0.4800687369728274
-0.9040071377686354
-0.9826455380093598
-0.6859467416239643
-0.12723960441047666
0.48006873697271824
0.9040071377685821
0.9826455380093407
0.6859467416238894
0.1272396044103746
-0.480068736973008
-0.9040071377686262
-0.9826455380093638
-0.6859467416238145
-0.12723960441027252
0.4800687369728988
-0.8354981853244395
-0.3529482285747667
0.264415955221734
0.7807822312910976
0.998916232819277
-0.9973599116723407
-0.7641980058280856
-0.2391384358924144
0.3772638885376643
0.3760999562967282
0.8489007844875452
0.9974503660805942
0.7650078099219108
0.24035827203197804
-0.3760999562968236
-0.8489007844875996
-0.9974503660805869
-0.7650078099218445
-0.24035827203209886
-0.6803210808603056
-0.9811874749557776
-0.9072736029537619
-0.4868120517189688
0.11959515713915872
0.680321080860381
0.9811874749557975
0.9072736029538142
0.48681205171907754
-0.11959515713926089
-0.6803210808602898
0.7366244249732069
0.19842130992814166
-0.4155720014173977
-0.8708309329941
-0.9934620466218638
-0.7366244249731373
-0.19842130992804083
0.4155720014172845
0.8708309329940388
0.993462046621878
0.7366244249732214
0.19842130992816281
-0.41557200141717127
-0.8708309329939776
-0.9934620466218922
-0.7366244249733056
-0.19842130992806195
0.41557200141726486
0.8708309329940281
0.9934620466218544
0.7366244249732361
0.1984213099279611
-0.4155720014173585
-0.8708309329940788
-0.9934620466218687
-0.7366244249731665
-0.19842130992808307
0.41557200141724526
0.8708309329940176
-0.14983893034029278
-0.7023716448285805
-0.9866222637265404
-0.8940167119383532
-0.4599271627001651
0.1498389303401697
0.7023716448286538
0.09189210093025617
0.6596405866085369
0.9754287885613445
0.918636346888711
0.5109560440056554
-0.09189210093035864
-0.6596405866086141
-0.9754287885613171
-0.9186363468887602
-0.5109560440057623
0.0918921009302347
0.6596405866085207
0.9754287885612897
0.9186363468888094
0.510956044005674
-0.09189210093033716
-0.6596405866085979
-0.9754287885613124
-0.9186363468887686
-0.5109560440055855
0.09189210093043963
0.6596405866086753
0.9754287885613351
0.918636346888728
0.5109560440056925
-0.09189210093031569
-0.6596405866085817
-0.9754287885613077
-0.9186363468887772
-0.5109560440057994
-0.6575560857267468
-0.7787197739909477
-0.2612375745491063
0.35602849923190166
0.8373037872699494
0.9987574874799124
0.7787197739910258
0.2612375745492264
-0.3560284992319978
-0.9319495731840298
-0.9670868692210098
-0.6328298512893169
-0.7829992924922329
-0.9990754417967306
-0.8335387296602237
-0.3496185537329458
0.26784402662272566
0.7829992924921555
0.999075441796735
-0.7288545136414653
-0.9920937963769189
-0.8763869689243357
-0.42593010664017983
0.18721757954864496
0.7288545136413801
0.6057852265647027
0.02243201112347836
-0.5694894701310853
-0.9438853300305317
-0.9577490753407545
-0.6057852265646209
-0.022432011123375478
0.5694894701309829
0.9438853300304906
0.9577490753407902
0.6057852265647199
0.022432011123499917
-0.5694894701308806
-0.9438853300304495
-0.9577490753407607
-0.605785226564638
-0.022432011123397034
0.5694894701309652
0.9438853300305585
0.5306933963123283
-0.06884556860857619
-0.6420878662959936
-0.9700744228220315
-0.9275255214470184
-0.530693396312241
0.06884556860867884
0.6420878662958982
