-0.9113027375101949
-0.49524649134091536
0.10997708171146352
0.6731931475335876
0.9792723119914037
0.9113027375101945
0.4952464913409151
-0.10997708171146406
-0.673193147533588
-0.9792723119914039
-0.9113027375101943
-0.49524649134091364
0.1099770817114635
0.6731931475335889
0.9792723119914041
0.9113027375101941
0.49524649134091375
-0.10997708171146514
-0.6731931475335888
-0.9792723119914041
-0.9113027375101934
-0.4952464913409123
0.10997708171146679
0.6731931475335887
0.979272311991404
0.9113027375101935
0.4952464913409124
-0.10997708171146667
-0.6731931475335899
-0.9792723119914044
-0.9113027375101943
-0.4952464913409141
0.10997708171146478
0.6731931475335886
0.979272311991404
0.9113027375101929
0.4952464913409142
-0.10997708171146466
-0.6731931475335885
-0.979272311991404
-0.9113027375101929
-0.4952464913409143
0.10997708171146807
0.6731931475335884
0.9792723119914046
0.911302737510193
0.4952464913409144
-0.10997708171146794
-0.6731931475335883
-0.9792723119914046
-0.911302737510193
-0.4952464913409083
0.10997708171146782
-0.0009967989065641438
-0.5885913875337061
-0.951364071608431
-0.950748016004229
-0.5869785330229452
0.000996798906553363
0.5885913875336973
0.9513640716084276
0.9507480160042234
0.586978533022931
-0.0009967989065710042
-0.5885913875336887
-0.9513640716084243
-0.9507480160042268
-0.5869785330229397
0.0009967989065602235
0.5885913875337029
0.9513640716084297
0.9507480160042213
0.5869785330229255
-0.000996798906549443
-0.5885913875336942
-0.9513640716084264
-0.9507480160042246
-0.5869785330229341
0.0009967989065670841
0.5885913875337084
0.9513640716084231
0.9507480160042192
0.5869785330229429
-0.0009967989065563035
-0.5885913875336997
-0.9513640716084285
-0.9507480160042225
-0.5869785330229286
0.0009967989065739445
0.588591387533691
0.9513640716084252
0.9507480160042259
0.5869785330229373
-0.0009967989065631639
-0.5885913875337052
-0.9513640716084218
-0.9507480160042204
-0.5869785330229461
0.0009967989065523834
0.5885913875336966
0.9513640716084273
0.9507480160042238
0.5869785330229318
-0.0009967989065700245
-0.5885913875337108
-0.951364071608424
-0.9507480160042271
-0.5869785330229405
0.0009967989065592438
0.5885913875337021
0.9513640716084207
0.9507480160042217
0.5869785330229492
-0.0009967989065484632
-0.5885913875336933
-0.9513640716084261
-0.950748016004225
-0.5869785330229349
0.0009967989065661044
0.5885913875337077
0.9513640716084228
0.9507480160042283
-0.3626785813704299
0.25435234109243904
0.7742293143761018
0.06684546690002591
-0.5323914580781816
-0.9282729413906257
-0.9695857119287031
-0.6405496955162876
-0.06684546690000831
0.5323914580781725
0.9282729413906322
0.9695857119287058
0.640549695516274
0.06684546690001907
-0.5323914580781633
-0.9282729413906282
-0.9695857119287085
-0.6405496955162823
-0.06684546690002982
0.5323914580781782
0.9282729413906348
0.969585711928711
0.6405496955162906
0.06684546690004058
-0.5323914580781691
-0.9282729413906308
-0.9695857119287067
-0.640549695516277
-0.06684546690005133
0.5323914580781841
0.9282729413906268
0.9695857119287093
0.6405496955162853
0.06684546690003373
-0.5323914580781749
-0.9282729413906228
-0.969585711928705
-0.6405496955162936
-0.06684546690001612
0.5323914580781658
0.9282729413906293
0.9695857119287077
0.6405496955163019
0.06684546690002689
-0.5323914580781567
-0.9282729413906359
-0.9695857119287103
-0.6405496955162884
-0.06684546690003765
0.5323914580781476
0.9282729413906319
0.969585711928713
0.6405496955162748
0.0668454669000484
-0.5323914580781625
-0.9282729413906279
-0.9695857119287156
-0.6269080934468124
-0.34002430661482586
0.2776775938638708
0.7893160914008395
0.9994626698899309
0.8278484789677794
0.34002430661480926
-0.27767759386386043
-0.7893160914008502
-0.9994626698899306
-0.8278484789677855
-0.3400243066148194
0.27767759386387736
0.7893160914008611
0.9994626698899303
0.8278484789677755
0.3400243066148295
-0.27767759386389435
-0.7893160914008545
-0.9994626698899308
-0.8278484789677656
-0.3400243066148397
0.27767759386388396
0.7893160914008479
0.9994626698899314
0.8278484789677717
0.34002430661484984
-0.27767759386387364
-0.7893160914008412
-0.999462669889931
-0.8278484789677777
-0.3400243066148065
0.27767759386386326
0.7893160914008346
0.9994626698899307
0.8278484789677518
0.34002430661481664
-0.2776775938638529
-0.7893160914008629
-0.9994626698899304
-0.8278484789677579
-0.3400243066148268
0.2776775938638972
0.7893160914008562
0.99946266988993
0.8278484789677639
0.3400243066148369
-0.2776775938638868
-0.7893160914008497
-0.9994626698899315
-0.82784847896777
-0.34002430661484706
0.27767759386384916
0.7893160914008605
0.9994626698899303
0.827848478967792
0.34002430661483046
-0.2776775938638388
-0.7893160914008539
-0.9994626698899299
-0.8278484789677661
-0.3400243066148406
-0.9525273710782147
-0.5916578684971979
-0.0047951698616017085
0.5838991206792971
0.949563793121898
0.9525273710782007
0.5916578684972066
0.004795169861612489
-0.5838991206792883
-0.9495637931219124
-0.952527371078204
-0.5916578684972152
-0.004795169861623269
0.5838991206793257
0.9495637931219091
0.9525273710782073
0.5916578684972239
0.00479516986163405
-0.5838991206793169
-0.9495637931219235
-0.7138960095640136
-0.9891516446468306
-0.8865849715024056
-0.4453729731589444
0.16595636326062582
0.713896009564006
0.989151644646829
0.8865849715024106
0.9137396396229586
0.5004136179715172
-0.10405339731172383
-0.6687755514668708
-0.9780481758065344
-0.9137396396229629
-0.5004136179715265
0.10405339731176964
0.6687755514668628
0.978048175806532
0.9137396396229672
0.5004136179715358
-0.10405339731175892
-0.6687755514668549
-0.9780481758065298
-0.9137396396229717
-0.5004136179715452
0.3129083063877574
-0.3051205022211093
-0.806603649645905
-0.9999916183557007
-0.8114167773186612
-0.3129083063877676
0.30512050222109904
0.8066036496458987
0.9999916183557006
0.8114167773186675
0.3129083063877779
-0.3051205022210888
-0.8066036496458923
-0.9999916183557006
-0.8114167773186738
-0.31290830638773415
0.30512050222107856
0.8066036496458859
0.9999916183557006
0.8114167773186469
0.31290830638774436
-0.3051205022210683
0.3708092665306272
0.8458724778540142
0.9978411527852853
0.7686684227259469
0.2458904812640402
-0.3708092665306172
-0.8458724778540084
-0.9978411527852822
-0.7686684227259175
-0.24589048126405064
0.3708092665306072
0.8458724778540027
0.997841152785283
0.7686684227259244
0.2458904812640611
-0.37080926653059715
-0.845872477853997
-0.9978411527852836
-0.7686684227259313
-0.24589048126407154
0.37080926653058716
-0.5188209593251695
0.08275260148804678
0.6527174811903497
0.9733664681291218
0.922222547752017
0.5188209593251787
-0.08275260148803604
-0.6527174811903416
-0.9733664681291323
-0.9222225477520212
-0.5188209593251879
0.08275260148808194
0.6527174811903764
0.9733664681291297
0.9222225477520253
0.5188209593251971
-0.08275260148807119
-0.6527174811903683
-0.9733664681291273
-0.9222225477520295
-0.5188209593252063
0.08275260148806045
0.6527174811903601
0.9733664681291249
0.9222225477520336
0.5188209593252155
-0.08275260148810636
-0.652717481190352
-0.9733664681291224
-0.9222225477520158
-0.5188209593251761
0.08275260148809561
0.6527174811903438
0.9733664681291199
0.922222547751998
0.5188209593251853
-0.08275260148808487
-0.6527174811903356
-0.9733664681291304
-0.9222225477520022
-0.5188209593251459
0.08275260148807412
0.6527174811903275
0.973366468129128
0.9222225477520064
0.5188209593251552
-0.08275260148806338
-0.6527174811903192
-0.9599234617683039
-0.9683428096324007
-0.9301311677832407
-0.536641033836541
0.061827735277875856
-0.018724992183410095
-0.6028310339544857
-0.9566761102281505
-0.9451034286197307
-0.5725333601626615
0.018724992183399316
0.6028310339544771
0.9566761102281474
0.9451034286197343
0.5725333601626704
-0.01872499218344537
-0.6028310339544685
-0.9566761102281442
-0.9451034286197377
-0.5725333601626327
0.01872499218343459
0.6028310339544599
0.956676110228141
-0.11117561165544518
-0.6740843993330804
-0.9795158577515671
-0.910805551028449
-0.4941984809545173
0.11117561165543446
0.6740843993331145
0.9795158577515763
0.9108055510284534
0.4941984809545267
-0.11117561165542375
-0.6740843993331065
-0.9795158577515742
-0.9108055510284813
-0.49419848095453606
0.11117561165541304
0.6740843993330565
0.979515857751572
0.9108055510284389
0.4941984809545454
-0.1111756116555153
-0.6740843993331326
-0.9795158577515698
-0.9108055510284433
-0.49419848095455476
0.11117561165539161
0.6740843993331246
0.9795158577515677
0.9108055510284477
0.49419848095446534
-0.11117561165549388
-0.6740843993331166
-0.9795158577515655
-0.9108055510284522
-0.4941984809545735
0.11117561165537018
0.6740843993331087
0.9795158577515862
0.9108055510284566
0.49419848095448404
-0.11117561165547245
-0.6740843993331007
-0.9795158577515611
-0.9108055510284611
-0.4941984809545923
0.08466179183646258
0.6541677820376275
0.9738039138455966
0.9214800489421646
0.5171821252977694
-0.08466179183645184
-0.6541677820376193
-0.9738039138455683
-0.921480048942213
-0.5171821252978759
0.0846617918364411
0.6541677820376971
0.9738039138455917
0.9214800489421731
0.5171821252977878
-0.08466179183643036
-0.654167782037603
-0.9738039138455634
-0.9214800489421772
-0.5171821252977971
0.08466179183641961
0.6541677820376808
0.9738039138455867
0.9214800489421814
0.5171821252978063
-0.08466179183640887
-0.525858720907739
-0.9253822774730488
-0.9714412566304673
-0.6464426938289848
-0.07452499376377761
0.5258587209077298
0.9253822774730878
0.9714412566304429
0.6464426938289063
0.07452499376378836
-0.5258587209077206
-0.9253822774730407
-0.9714412566304454
-0.6464426938289145
-0.0745249937637991
0.5258587209078082
0.9253822774730797
0.971441256630448
0.6464426938289227
0.07452499376380986
-0.5258587209077022
-0.9253822774730756
-0.9714412566304506
-0.6464426938288442
-0.07452499376370723
0.5258587209077898
-0.9757070763661846
-0.918135136207473
-0.5098667802830478
0.093153355975012
0.660592076416738
0.9757070763661823
0.9181351362074323
0.5098667802829593
-0.09315335597511445
-0.6605920764168153
-0.9757070763661799
-0.9181351362074816
-0.5098667802830663
0.09315335597499053
0.6605920764168072
0.9757070763661775
0.9181351362074408
0.5098667802829778
-0.09315335597509299
-0.6605920764167991
-0.9757070763661752
-0.9181351362074901
-0.5098667802829872
0.09315335597508224
0.6605920764167911
0.9757070763661977
0.9181351362074494
0.5098667802829964
-0.09315335597507152
-0.660592076416783
-0.9757070763661705
-0.9181351362074986
-0.5098667802831035
0.09315335597506079
0.6605920764167749
0.975707076366193
0.9181351362074579
0.5098667802830149
-0.09315335597505005
-0.9970463961558592
-0.7614846379170301
-0.23506162990482474
0.9744716323985618
0.6564000546495866
0.0876059662416637
-0.5146506236531131
-0.920328167643904
-0.9744716323985387
-0.656400054649509
-0.08760596624167444
0.5146506236532012
0.9203281676438998
0.9744716323985667
0.6564000546496029
0.08760596624168518
-0.514650623653192
-0.9203281676438956
-0.9744716323985436
-0.6564000546495252
-0.08760596624169592
0.5146506236531828
0.9203281676438914
0.9744716323985715
0.6564000546495334
0.08760596624170666
-0.5146506236532711
-0.9203281676439315
-0.9744716323985484
-0.49269438732050197
0.11289401287087833
0.6753607372718555
0.9798626147021917
0.9100902776216617
0.49269438732051135
-0.11289401287075465
-0.6753607372718476
-0.9798626147021668
-0.9100902776216662
-0.4926943873204218
0.1128940128708569
0.6753607372718397
0.9798626147021874
0.9100902776216706
0.4926943873205301
-0.11289401287073324
-0.6753607372718318
-0.9798626147022079
-0.910090277621675
-0.4926943873204406
0.11289401287083548
0.6753607372718238
0.979862614702183
0.9100902776216796
0.4926943873205489
-0.11289401287082476
-0.6753607372718158
-0.9798626147022036
-0.9100902776216369
-0.49269438732045934
0.11289401287081406
0.6753607372718079
0.9798626147021787
0.9100902776216885
0.49269438732056764
-0.11289401287080335
-0.6753607372718837
-0.9798626147021994
-0.9100902776216458
-0.4926943873204781
0.11289401287079263
0.675360737271792
0.9798626147021745
0.9100902776216503
0.4926943873204875
-0.11289401287078192
-0.6753607372718679
-0.979862614702195
-0.9100902776216547
-0.49269438732049686
0.11289401287077121
0.675360737271776
0.9798626147021928
0.9100902776216593
0.49269438732050624
-0.11289401287087346
-0.675360737271852
-0.9798626147021907
-0.9100902776216637
-0.4926943873205156
0.11289401287074978
0.675360737271844
0.9798626147021886
0.9100902776216211
0.4926943873204261
-0.11289401287085203
0.12010396547416559
0.6806966118035909
0.9812862884509791
0.9070579556042722
0.48636431348275294
0.5043133828024284
-0.09956663961907038
-0.8481311634199866
-0.37475194734842115
0.24176977526001922
0.9463779612357672
0.9555266587704052
0.5996966498113081
0.014802903563785655
-0.5757450487129155
-0.9463779612357638
-0.9555266587703749
-0.5996966498113168
-0.014802903563910109
0.5757450487129997
0.9463779612357971
0.955526658770378
0.5996966498113254
0.014802903563807214
-0.9742035142782381
-0.9207934312453763
-0.515671554094447
0.08641932968906602
0.655500966816427
0.9742035142782357
0.9207934312453805
0.5156715540943587
-0.08641932968916853
-0.6555009668164189
-0.9742035142782334
-0.9207934312453846
-0.515671554094368
0.08641932968904453
0.6555009668164966
0.9742035142782566
0.9207934312453888
0.5156715540943773
-0.08641932968914705
-0.6555009668164026
-0.424219340532172
-0.8754751565328448
-0.9923292190441171
-0.7301472479101502
-0.18907384486672285
0.4242193405321622
0.8754751565328396
0.9923292190441324
0.7301472479102352
0.18907384486684506
-0.42421934053215243
-0.8754751565328344
-0.9923292190441197
-0.7301472479101648
-0.18907384486674403
0.42421934053214266
0.8754751565328291
0.9923292190441351
0.930030559567378
0.5364099175726263
-0.06210108103232337
-0.6368915774212142
0.6878784505695608
0.12987559676995442
0.40755819041651914
-0.20703178678094053
-0.7425426581797081
-0.9944274722505442
-0.8664747912682308
-0.407558190416529
0.20703178678092998
0.742542658179777
0.994427472250555
0.8664747912682929
0.40755819041653885
-0.20703178678091944
-0.7425426581797698
-0.9944274722505538
-0.8664747912682415
-0.40755819041644487
0.2070317867810201
0.7425426581797626
0.9944274722505527
0.8664747912683036
0.40755819041655855
-0.20703178678089834
-0.7425426581797554
-0.9944274722505516
-0.8664747912682522
-0.40755819041646457
0.207031786780999
0.7425426581797482
0.9944274722505504
0.8664747912682577
0.4075581904165782
-0.20703178678087725
-0.7425426581798171
-0.9944274722505493
-0.866474791268263
0.18916866105186786
0.7302132220901204
0.9923411513245439
0.8754284891882234
0.424131898901997
-0.18916866105185728
-0.7302132220901131
-0.9923411513245567
-0.8754284891881736
-0.4241318989019038
0.1891686610518467
-0.4105659061839206
0.2038059751732675
0.740330901124667
0.994074585768192
0.868115566000769
0.4105659061839304
-0.20380597517325696
-0.7403309011246598
-0.9940745857681907
-0.8681155660007179
-0.4105659061838366
0.20380597517335772
0.7403309011246526
0.9940745857681895
0.8681155660007798
0.4105659061839501
-0.20380597517334714
-0.7403309011246453
-0.9940745857681884
-0.8681155660007287
-0.41056590618385624
0.2038059751733366
0.7403309011246381
0.9940745857681872
0.8681155660007904
0.41056590618396976
-0.20380597517343735
-0.7403309011246308
-0.9940745857681861
-0.8681155660007394
-0.4105659061838759
0.2038059751733155
0.7403309011246236
0.9940745857681849
0.8681155660007447
0.4105659061838857
-0.20380597517341623
-0.7403309011246928
-0.9940745857681961
-0.8681155660007501
-0.4105659061838956
0.20380597517329438
0.7403309011246091
0.9940745857681949
-0.9170030556157839
-0.5074151701288317
0.09598806394000883
0.662727120098067
0.9763269416450411
0.9170030556157881
0.5074151701288411
-0.09598806394011127
-0.662727120098144
-0.9763269416450387
-0.9170030556157924
-0.5074151701288503
0.09598806393998738
0.6627271200980509
0.9763269416450364
0.9170030556157968
0.5074151701288596
-0.09598806394008981
-0.662727120098128
-0.9763269416450341
-0.917003055615801
-0.5074151701288689
0.09598806394007907
0.6627271200980347
0.9763269416450564
0.9170030556158053
0.5074151701288782
-0.09598806394006834
-0.6627271200981117
-0.9763269416450294
-0.9170030556158096
-0.5074151701288875
0.09598806394005761
0.6627271200981038
0.9763269416450517
0.917003055615814
0.5074151701288968
-0.09598806394004689
-0.6627271200980956
-0.9763269416450494
0.9958311557858195
0.7520290684389085
0.22097743747627727
-0.3944800638554306
-0.8592595886786044
-0.9958311557858308
-0.7520290684389905
-0.22097743747639864
0.3944800638553162
0.859259588678657
0.9958311557858214
0.7520290684389227
0.2209774374762983
-0.3944800638554108
-0.8592595886787097
-0.995831155785812
-0.7520290684388549
0.6453865066935793
0.07314525697458923
-0.5270349947930397
-0.92590579181014
-0.9711120467361779
-0.6453865066935006
-0.0731452569744866
0.5270349947929339
0.9259057918100929
0.9711120467362075
0.6453865066935958
0.07314525697461073
-0.5270349947928281
-0.925905791810046
-0.971112046736183
-0.6453865066935172
-0.0731452569745081
0.5270349947929156
0.9259057918100848
0.9711120467361585
0.6453865066934386
0.07314525697440548
-0.5270349947930031
-0.9259057918101237
-0.9711120467361882
-0.6453865066935336
-0.0731452569745296
0.5270349947928973
0.9259057918100766
0.9711120467362179
0.6453865066936287
0.07314525697465374
-0.5270349947929848
-0.9259057918100296
-0.9711120467362476
-0.6453865066935501
-0.07314525697455111
0.5270349947930721
0.9259057918101544
0.971112046736223
0.6453865066934715
0.07314525697444849
-0.5270349947929663
-0.9259057918101073
-0.9711120467361984
-0.6453865066935666
-0.07314525697457261
0.5270349947928606
0.9259057918100604
0.9711120467362282
0.6453865066936616
0.07314525697469675
-0.527034994792948
-0.9259057918100992
-0.9711120467362037
-0.645386506693583
-0.07314525697459412
0.5270349947930355
0.9259057918101381
0.971112046736179
0.6453865066935044
0.0731452569744915
-0.5270349947929297
-0.9259057918100911
-0.9711120467362088
-0.6453865066935995
-0.07314525697461562
0.527034994792824
0.6120816203517565
0.030367032815787526
-0.562946729118328
-0.9412339743848387
-0.9600018328025166
-0.6120816203518549
-0.030367032815911937
0.562946729118413
0.009373724510070746
0.5953429307757252
0.9539113724473415
0.9481180920989785
0.5801759259173515
-0.009373724510173648
-0.5953429307759905
-0.9950540654577086
-0.8634031925527129
-0.40196164608756807
0.2130155870090451
0.7466281060017198
0.9950540654577188
0.863403192552661
0.40196164608768203
-0.2130155870089235
-0.746628106001637
-0.9950540654577064
-0.8634031925527238
-0.401961646087796
0.21301558700880188
0.7466281060017055
0.9950540654577167
0.8634031925526718
0.40196164608770174
-0.2130155870091246
0.7829408289165896
0.9990713968830895
0.8335906484281143
0.34970660497768785
-0.2677534754838719
-0.7829408289165122
-0.9990713968830842
-0.8335906484280574
-0.34970660497759143
0.2677534754839711
0.7829408289165762
0.9990713968830984
0.8335906484280006
0.349706604977495
-0.26775347548407025
-0.7829408289166402
-0.9990713968830931
-0.8940689192552861
-0.4600306411537889
0.14972370600203602
0.7022886863866842
0.9847833380355889
0.8988556479599349
0.469595651343422
-0.13903392311711907
-0.6945572645361645
-0.9847833380355674
-0.8988556479599894
-0.4695956513433312
0.139033923117221
0.6945572645362386
-0.9883690746380739
-0.9829866681606491
0.6736229265161731
0.11055489181396122
-0.342217393837461
-0.8291549387378211
-0.9993834789801945
-0.7878814980472791
-0.27543556396750996
0.34221739383734406
0.7013390457175362
0.1484055094741675
-0.4612138872709482
-0.8946652551618127
-0.986384904134451
-0.9805250080820612
-0.6778237405493156
-0.11621684250834156
0.48978093930562194
0.9086990493467015
