0.9997935725314113
0.7969074975655224
0.28962984441922807
-0.3282765651388676
-0.8207924845239843
-0.9997935725314113
-0.7969074975655223
-0.2896298444192282
0.32827656513886727
0.8207924845239842
-0.3237236203307106
0.2942360986002456
0.7998076285830733
0.9998798289086189
0.8180319192565019
0.3237236203307107
-0.29423609860024547
-0.7998076285830754
-0.9998798289086189
-0.818031919256502
0.938913021186426
0.5573076347355058
-0.037170325994565996
-0.6174504855676245
-0.9618855460239815
-0.938913021186426
-0.5573076347355059
0.03717032599456587
0.6174504855676273
0.9618855460239824
0.9389130211864261
0.557307634735503
0.05940976236297728
-0.538683528135716
-0.9310180200662738
-0.9677352724701463
0.47177205384525095
-0.13659072720732648
-0.6927804930147645
-0.9843516572334757
-0.8999339452712846
-0.4717720538452479
0.13659072720732285
0.692780493014767
0.9843516572334751
0.899933945271283
0.4717720538452449
-0.13659072720731918
-0.6927804930147643
-0.9843516572334757
-0.8999339452712847
-0.4717720538452481
0.13659072720732962
0.6905886140437874
0.13358354000023528
-0.47444590598587605
-0.9012531417086118
-0.9838123097662921
-0.9925338764123103
-0.8746685149012738
-0.42270950958734116
0.19071016102114416
0.7312850321195299
0.992533876412309
0.8746685149012792
0.42270950958735093
-0.19071016102114752
-0.7312850321195322
-0.9925338764123111
-0.8746685149012775
-0.4227095095873478
0.19071016102113694
0.7312850321195248
0.9925338764123097
0.8746685149012758
0.4227095095873447
-0.1907101610211403
-0.7312850321195272
-0.9925338764123102
-0.8746685149012811
-0.4227095095873545
0.19071016102114366
0.7312850321195296
0.9925338764123106
0.8746685149012794
0.4227095095873514
-0.19071016102114705
-0.7312850321195221
-0.9925338764123093
-0.8746685149012777
-0.42270950958734826
0.1907101610211504
0.7312850321195342
0.9925338764123097
0.874668514901283
0.42270950958735803
-0.19071016102113983
-0.7312850321195269
-0.9925338764123102
-0.8746685149012744
-0.4227095095873549
0.19071016102115715
0.7312850321195292
0.9925338764123105
0.8746685149012727
0.4227095095873518
-0.19071016102114655
-0.7312850321195316
-0.9925338764123093
-0.8746685149012711
-0.4227095095873616
0.19071016102114993
0.7312850321195241
0.9925338764123096
0.8746685149012763
0.4227095095873585
-0.1907101610211533
-0.7312850321195266
-0.9925338764123101
-0.8746685149012746
-0.42270950958735537
0.898423825377803
0.984953928082932
0.6952651076130966
0.14000864722690856
-0.4687263576810654
0.8697539274394134
0.9937093067950573
0.7381015058920821
-0.4786882221522549
-0.9033335166074464
-0.9829361108955572
-0.6870905195912176
-0.12879970315082206
0.47868822215224544
0.9033335166074418
0.9829361108955591
0.6870905195912047
0.12879970315083275
-0.478688222152236
-0.9033335166074493
-0.9829361108955611
-0.6870905195911919
-0.12879970315084344
0.4786882221522515
0.9033335166074447
0.9829361108955579
0.6870905195911997
0.12879970315085412
-0.478688222152267
-0.9033335166074401
-0.9829361108955547
-0.6870905195912076
-0.12879970315083664
0.4786882221522575
0.9033335166074354
0.9829361108955567
0.12592232603800013
0.6849798445086352
0.9823983439855816
0.9045740665516511
0.4812332410367151
-0.12592232603801765
-0.6849798445086274
-0.9823983439855901
-0.9045740665516556
-0.4812332410366996
0.12592232603800696
0.6849798445086196
0.9823983439855881
0.9045740665516603
0.4812332410366842
-0.12592232603799625
-0.6849798445086324
-0.9823983439855861
-0.9045740665516648
-0.4812332410366936
0.12592232603801376
0.6849798445086452
0.9823983439855841
0.9045740665516573
0.48123324103670306
-0.12592232603803125
-0.6849798445086374
-0.9823983439855875
-0.9045740665516498
-0.48123324103671256
0.12592232603802056
0.6849798445086296
0.9823983439855907
0.9045740665516544
0.48123324103669707
-0.12592232603800987
-0.6849798445086217
-0.9823983439855887
-0.9045740665516591
-0.4812332410366816
0.12592232603799916
0.6849798445086346
0.9823983439855867
0.9045740665516636
0.4812332410366911
-0.12592232603801667
-0.6849798445086474
-0.9823983439855847
-0.9045740665516682
-0.4812332410367005
0.1259223260380342
0.6849798445086396
0.9823983439855827
0.9045740665516485
0.48123324103670995
-0.12592232603802347
-0.6849798445086317
-0.9823983439855912
-0.9045740665516532
-0.4812332410367194
0.1259223260380128
0.6849798445086652
-0.22572076146294048
-0.7552276481448681
-0.9962632424791297
-0.8567601399285043
-0.39000378413132636
0.22572076146292996
0.7552276481448983
0.9962632424791287
0.8567601399285099
0.3900037841313363
-0.22572076146291947
-0.7552276481448913
-0.9962632424791278
-0.8567601399285154
-0.3900037841313462
0.22572076146290895
0.7552276481448842
0.9962632424791318
0.856760139928521
0.3900037841313561
-0.797291611083081
-0.2902386310825009
0.32767564114334435
0.8204289557378877
0.9998062945951101
0.7972916110830875
0.29023863108251124
-0.3276756411433879
-0.820428955737914
-0.9998062945951103
-0.7972916110830941
-0.29023863108246717
0.3276756411433777
0.8204289557379079
0.9998062945951105
0.7972916110831005
0.29023863108247744
-0.3276756411433675
-0.8204289557379016
-0.9998062945951107
-0.7972916110831071
-0.29023863108248776
0.327675641143411
0.8204289557378955
0.999806294595111
0.7972916110831135
0.2902386310824437
-0.32767564114340086
-0.8204289557378893
-0.9998062945951112
-0.7972916110830858
-0.290238631082454
0.32767564114339065
0.8204289557378832
0.9998062945951103
0.7972916110830923
0.29023863108246434
-0.3276756411433805
-0.820428955737877
-0.9998062945951105
-0.7972916110830645
-0.29023863108247466
0.3276756411433703
0.8204289557378709
0.9998062945951096
0.797291611083071
0.290238631082485
-0.3276756411433601
-0.8204289557378972
-0.9998062945951097
-0.7972916110830774
-0.9771461842800057
-0.6655832848038371
-0.09979019287642357
0.5041193609859714
0.9154724533385046
0.977146184280008
-0.8911179365921243
-0.9876499114917228
-0.7069331891873114
-0.1561920163887275
0.45420919789896513
0.8911179365921453
0.9876499114917244
0.7069331891873191
0.15619201638873814
0.8240879684155193
0.9996590889926933
0.7933944147374112
0.2840800405367919
-0.3337432536234257
-0.8240879684155132
-0.9996590889926935
-0.7933944147374178
-0.28408004053680225
0.33374325362341556
0.8240879684155393
0.9996590889926938
0.7933944147374244
0.2840800405368126
-0.333743253623459
-0.8240879684155332
-0.9996590889926941
-0.793394414737431
-0.2840800405368229
0.33374325362344887
0.8240879684155271
0.9996590889926944
0.7933944147374375
0.2840800405368332
-0.3337432536234923
-0.824087968415521
-0.9996590889926946
-0.7933944147374441
-0.2840800405367891
0.3337432536234821
0.8240879684155149
0.999659088992695
0.7933944147374506
-0.09975153958463107
0.5041529103004174
0.9154880839778415
0.977137925871275
0.6655542917784854
0.0997515395846418
-0.5041529103004081
-0.6049328189030736
-0.021361340059321363
0.570369444641893
0.9442384876342657
0.9574405218361574
0.6049328189030821
0.021361340059332143
-0.5703694446419308
-0.9442384876342809
-0.9574405218361605
-0.6049328189030907
-0.02136134005928609
-0.9590923909194639
-0.6095240086671
-0.7680495330998602
-0.24495306888908144
0.3717071419887776
0.8463878584879625
0.997777180710003
0.7680495330998671
0.2449530688890919
-0.3717071419887148
-0.8463878584879567
-0.9977771807100037
-0.768049533099874
-0.24495306888904725
0.3717071419887048
0.8463878584879813
-0.9163240877711379
-0.9766929978055073
-0.6639983792522053
0.6324211713215945
0.9669524636628118
0.932140780390267
0.5412830013084712
-0.05632648674051375
-0.6324211713216301
-0.9669524636628091
0.8170641346767401
0.9999044702371018
0.8008152836698436
0.29584187745111784
-0.3221330706583989
-0.8170641346767339
-0.9999044702371012
-0.8008152836698159
-0.2958418774510739
0.3221330706583887
0.8170641346767277
0.9999044702371014
0.8008152836698225
0.29584187745108415
-0.3221330706584323
-0.8170641346767215
-0.9999044702371015
0.010432516977889161
0.5961933484388979
0.9542285846628913
0.947780934582349
0.5793131813804715
-0.010432516977878382
-0.5961933484389349
-0.954228584662905
-0.9477809345823525
-0.5793131813804803
0.010432516977867602
0.5961933484389262
0.9542285846629018
0.9477809345823559
0.579313181380489
-0.010432516977856823
-0.596193348438872
-0.9542285846628986
-0.9477809345823411
-0.5793131813804978
-0.7045658434268642
-0.15289062516490465
0.457183615348824
0.8926292538988734
0.9871208568120389
0.5558089126165444
-0.038972950427966356
-0.61886847105086
-0.9623772702980234
-0.9382906622916756
-0.5558089126165534
0.038972950428069184
0.6188684710509408
0.9623772702980514
0.9382906622916792
0.5558089126165624
-0.03897295042794481
-0.6188684710509323
-0.9623772702980177
-0.938290662291683
-0.5558089126165714
0.03897295042804764
0.6188684710509238
0.9623772702980455
0.9382906622916868
0.5558089126165803
-0.038972950427923266
-0.6188684710509154
-0.9623772702980427
-0.9382906622916904
-0.5558089126164948
0.0389729504280261
0.6188684710509069
0.9623772702980398
0.9382906622916942
0.5558089126165983
-0.038972950428015324
-0.6188684710508985
-0.9623772702980677
-0.9382906622916586
-0.5558089126165127
0.9980166967045008
0.8444134126721331
0.36827290555532644
-0.2485353343479241
-0.7704115239355941
-0.9980166967045
-0.8444134126720779
-0.3682729055552308
0.2485353343480238
0.7704115239356597
0.9980166967044993
0.8444134126721446
0.36827290555534653
-0.24853533434801334
-0.7704115239356528
-0.9980166967044987
-0.8444134126720895
-0.36827290555525083
0.2485353343480029
0.7704115239356459
0.998016696704498
0.8444134126721562
0.3682729055552609
-0.24853533434799246
-0.7704115239356392
-0.9980166967045044
-0.844413412672101
-0.36827290555527087
0.24853533434798203
0.7704115239356323
0.9980166967044967
0.8444134126721068
0.3682729055552809
-0.2485353343480817
-0.7704115239356979
-0.9980166967045031
-0.8444134126721126
-0.3682729055552909
0.24853533434796113
0.770411523935691
0.9980166967044953
0.8444134126721183
0.36827290555519526
-0.2485353343480608
-0.7704115239356841
-0.9980166967045018
-0.8444134126721241
-0.36827290555531095
0.24853533434794026
0.7704115239356772
0.9980166967045082
0.8444134126721299
0.3682729055552153
0.9132383236068389
0.49934646020449125
-0.10527877883401068
-0.6696911026520066
-0.9783041872203505
-0.9132383236068433
-0.4993464602045006
0.7019357421907182
0.98652227598333
0.8942908310092427
0.4604706844170393
-0.1492336127996455
-0.7019357421907105
-0.9865222759833469
-0.8942908310091967
-0.46047068441694794
0.14923361279963485
0.7019357421907029
0.9865222759833265
0.8942908310092015
0.46047068441695754
-0.1492336127996242
-0.7019357421907761
-0.9865222759833433
-0.8942908310092064
-0.4604706844169671
0.1492336127996135
0.7019357421906874
0.986522275983323
0.8942908310092111
0.4604706844168758
-0.14923361279960284
-0.7019357421907608
-0.9865222759833397
-0.894290831009216
-0.46047068441698624
0.14923361279959219
0.7019357421906721
0.9865222759833381
0.8942908310092208
0.46047068441689487
-0.14923361279969394
-0.7019357421907454
-0.9865222759833363
-0.8942908310092256
-0.4604706844170054
0.14923361279968328
0.7019357421907377
0.9865222759833345
0.01934776225090634
-0.5720225589688939
-0.9448997049943216
-0.9568572796716016
-0.6033278958971217
-0.019347762250917118
0.572022558968885
0.9448997049942809
0.9568572796716378
0.6033278958971302
0.019347762250927898
-0.5720225589689695
-0.9448997049943145
-0.9568572796716078
-0.6033278958971389
-0.019347762250938674
0.5720225589688673
0.9448997049942738
0.956857279671644
0.6033278958971474
0.019347762250835787
-0.5720225589688585
-0.9448997049943074
-0.43382226001467866
0.17862403334486893
0.7228420171743549
0.9909589189396819
0.8805631951249313
0.4338222600146884
-0.1786240333448583
-0.722842017174269
-0.9909589189396653
-0.4373299943152391
-0.8824033239886054
-0.99042857568422
-0.7201437748976647
-0.1747885288867481
-0.41860230294404777
0.1951523494914172
0.7343654374056419
0.9930758883939915
0.8724651034238842
0.41860230294395434
-0.1951523494915181
-0.7343654374056346
-0.9930758883940035
-0.8724651034238895
0.8998458838958459
0.9843872187957152
0.6929260942065476
0.13679075332223065
-0.47159400598447176
-0.8998458838958411
-0.9843872187957171
-0.6929260942066373
-0.13679075332235396
0.4715940059844623
0.8998458838958364
0.984387218795699
0.6929260942065631
0.13679075332225202
-0.4715940059844528
-0.8998458838958318
-0.9843872187957209
-0.6929260942065709
-0.1367907533223753
0.4715940059844433
0.8998458838958766
0.9843872187957028
0.6929260942065787
0.13679075332227336
-0.47159400598443374
-0.8998458838958223
-0.9843872187957247
-0.6929260942065865
-0.13679075332228405
0.47159400598442425
0.8998458838958672
0.9843872187957066
0.6929260942065942
0.13679075332229473
-0.47159400598441475
-0.937514155900077
-0.5539466911306438
0.041209581695139226
0.6206251949755458
0.9629830780499038
0.9375141559000808
0.5539466911306528
-0.04120958169524205
-0.6206251949756265
-0.9629830780498703
-0.9375141559000846
-0.5539466911306618
0.04120958169523128
0.6206251949756181
0.962983078049898
0.9375141559000487
0.553946691130576
-0.04120958169522051
-0.6206251949756095
-0.9629830780498644
-0.937514155900092
-0.5539466911306797
0.04120958169520973
0.6206251949756011
0.9629830780498921
0.9375141559000563
0.553946691130594
-0.04120958169519896
-0.6206251949755927
-0.9629830780498893
-0.9375141559000996
-0.5539466911306976
0.041209581695301783
0.6206251949755842
0.9629830780498864
0.9375141559000637
0.553946691130612
-0.04120958169517742
-0.6206251949755758
-0.9629830780498835
-0.9375141559000675
-0.5539466911307156
0.04120958169528024
0.6206251949756565
0.9629830780498806
0.9375141559000713
0.5539466911306299
-0.04120958169515588
-0.6206251949755589
-0.9629830780498776
0.24407539091411773
0.7674695670260067
0.9977164538651492
0.8468695664628502
0.3725472887095498
-0.2440753909141073
-0.7674695670260727
-0.9977164538651561
-0.8468695664627954
0.24152844266651552
-0.37498251477440175
-0.8482628967586489
-0.9975356835763491
-0.7657837442587735
-0.24152844266652598
0.3749825147744971
0.8482628967585829
0.9975356835763579
0.7657837442587805
0.24152844266653645
-0.37498251477448713
-0.8482628967586374
-0.9975356835763507
-0.7657837442587874
0.769742070793089
0.9979500889751778
0.8449750922446988
0.36924832992384005
-0.24751874413877997
-0.7697420707930821
-0.9979500889751771
-0.8449750922447046
-0.3692483299239557
0.24751874413887967
0.7697420707931477
0.9979500889751763
0.8449750922447103
0.36924832992386003
-0.24751874413875907
-0.7697420707930683
-0.9979500889751757
-0.8449750922447161
-0.3692483299238701
0.24751874413885877
0.769742070793134
0.9979500889751823
0.8449750922447219
0.36924832992388007
-0.2475187441387382
-0.7697420707930546
-0.9979500889751743
-0.8449750922447277
-0.3692483299238901
0.2475187441388379
0.7697420707931202
0.9979500889751809
0.8449750922447334
0.3692483299239001
-0.2475187441387173
-0.7697420707931134
-0.9979500889751729
-0.8449750922446784
-0.3692483299238045
0.24751874413870686
0.7697420707931065
0.9979500889751796
0.8449750922447449
0.36924832992392015
-0.2475187441386964
-0.7697420707930996
-0.9979500889751788
-0.8449750922446899
-0.36924832992382456
0.2475187441387961
0.7697420707930928
0.9979500889751781
0.8449750922447564
0.9988501100913124
0.7799069772020221
0.26306588708477147
-0.35425743061821213
-0.8362664505923191
-0.998850110091313
-0.7799069772020288
-0.26306588708467216
0.3542574306183084
0.8362664505923132
0.9988501100913134
0.7799069772020355
0.2630658870846826
-0.003364827895198224
-0.590504127761462
-0.9520909213200097
-0.9500113433144517
-0.5850597218607462
0.0033648278951874436
0.5905041277614533
0.9520909213200064
0.950011343314455
0.5850597218606627
-0.003364827895290349
-0.5905041277615364
-0.9520909213200031
-0.9500113433144585
-0.5850597218607636
0.0033648278951658827
0.5905041277614359
0.9520909213199998
0.9500113433144618
0.5850597218606802
-0.0033648278952687883
-0.590504127761519
-0.9520909213199965
-0.9500113433144651
-0.5850597218606889
0.0033648278951443214
0.5905041277614185
0.952090921320028
0.9500113433144686
0.5850597218606977
-0.003364827895247227
-0.5905041277615015
-0.95209092131999
-0.9500113433144719
-0.5850597218607986
-0.04618173496352748
0.5497963090423548
0.935770849883395
0.2807373051501952
-0.3370260091064432
-0.8260568429771616
-0.9995620394700635
-0.7912685107494551
-0.9763597590686506
-0.9169425055102448
-0.5072843805764401
0.09613913577561295
0.6628407699104256
0.9763597590686237
0.9169425055102944
0.5072843805765473
-0.09613913577548906
-0.6628407699105027
-0.9763597590686459
-0.9169425055102534
-0.5072843805762627
0.0961391357755915
0.6628407699105797
0.9763597590686681
0.9169425055102123
0.5072843805763699
-0.09613913577569393
-0.6628407699104865
-0.9763597590686413
-0.916942505510262
-0.5072843805764772
0.09613913577557003
0.6628407699103933
0.9763597590686144
0.9169425055103116
0.5072843805763885
-0.09613913577567246
-0.6628407699104704
-0.9763597590686366
-0.9169425055102706
-0.5072843805762999
0.09613913577577489
0.6628407699105474
0.9763597590686588
0.9169425055102295
0.5072843805764071
-0.096139135775651
-0.6628407699104543
-0.9763597590686319
-0.9169425055102792
-0.5072843805765144
0.0961391357755271
0.6628407699105313
0.9763597590686541
0.9169425055102381
0.5072843805764257
-0.09613913577562953
-0.6628407699106084
-0.9763597590686764
-0.9169425055101971
-0.507284380576337
0.09613913577573197
0.6628407699105151
0.9763597590686495
0.9169425055102467
0.5072843805764443
-0.09613913577560808
-0.662840769910422
-0.9763597590686226
-0.9169425055102964
-0.5072843805765516
0.09613913577548418
0.6628407699103287
0.9763597590686448
0.9169425055102554
0.5072843805762669
-0.09613913577558661
-0.6628407699104057
-0.9763597590686671
-0.9169425055102143
-0.5072843805763741
0.09613913577568904
0.6628407699104828
0.9763597590686401
0.9169425055102639
0.5072843805764814
-0.9597626267869248
-0.9415217637290525
-0.5636515880744577
0.029514336411708655
0.6114067875441817
0.9597626267869537
0.9415217637290179
0.5636515880743727
-0.029514336411811518
-0.6114067875440832
-0.9597626267869188
-0.9415217637290598
-0.5636515880744755
0.029514336411687103
0.6114067875439847
0.9597626267868838
0.9415217637291017
0.5636515880743904
-0.029514336411562692
-0.6114067875440661
0.9185388593323037
0.5107439908147688
-0.09213772264445502
-0.6598259576993152
-0.9754831035725066
-0.918538859332263
-0.5107439908146804
0.09213772264433108
0.6598259576992216
0.9754831035724791
0.9185388593323122
0.5107439908147874
-0.09213772264420714
-0.6598259576991281
-0.9754831035724517
-0.9185388593323615
-0.5107439908148944
0.09213772264430961
0.6598259576992054
0.9754831035725244
0.9185388593323207
0.5107439908146104
-0.09213772264441207
-0.6598259576992828
-0.975483103572497
-0.9185388593322801
-0.5107439908147174
0.09213772264428814
0.6598259576991892
0.9754831035724697
0.9185388593323293
0.5107439908148245
-0.0921377226441642
-0.6598259576990957
-0.9754831035724923
-0.9185388593322885
-0.510743990814736
0.09213772264426667
0.659825957699173
0.975483103572515
0.9185388593322479
0.5107439908146475
-0.09213772264436913
-0.6598259576992503
-0.9754831035724876
-0.9185388593322971
-0.5107439908147545
0.0921377226442452
0.6598259576991568
0.9754831035724602
0.9185388593323462
0.510743990814666
-0.09213772264434766
-0.6598259576990633
-0.9754831035724828
-0.9185388593323056
-0.5107439908145776
0.09213772264445014
0.6598259576993114
0.9754831035725054
0.918538859332265
0.5107439908146846
-0.0921377226443262
-0.6598259576992179
-0.9754831035724781
-0.9185388593323142
-0.5107439908147916
0.09213772264420227
0.6598259576992953
0.9754831035724507
0.9185388593323633
0.5107439908147031
-0.09213772264430473
-0.6598259576993726
