-0.37894317452690274
-0.9530955379030872
-0.9043969762453198
-0.9030222083939705
-0.611182784364113
-0.20911973622644484
0.13522177582382602
0.7396372843090121
1.019440421870834
1.0137067791746175
0.6197586517869639
0.03178734868742731
-0.5602165134502397
-0.9117748892992914
-0.8989941689684451
-0.5275722481220714
0.06768103008933997
0.6445368340854876
1.0028456805295027
0.9795369913030795
0.6146689290522934
0.01130489900047519
-0.5588316920886915
-0.9241128780840502
-0.8935601814625734
-0.5354441664029809
0.07608622979508436
0.638789339097415
1.0136540137414751
0.9737428252401675
0.6273045303515459
0.0021953487345459737
-0.5457455466114193
-0.9439306102232218
-0.8847032936140261
-0.5902648711798765
0.06028309345357525
0.3729215460555592
0.7862171150720637
1.2057839686844856
1.1954000395573223
0.8158594896363515
0.35191636930411835
-0.22616143526683113
0.07950216522444362
0.2237739569607354
-0.5738398425264403
-0.884210734374504
-1.156464334048124
-0.8576535283811525
-0.41843723934087984
0.2823033623079092
0.7363267023477763
1.0008155986085618
0.7708170490603037
0.33549225000389493
-0.3234390916768123
-0.7672858844606508
-1.0021141472760882
-0.7549325151657919
-0.2951476428138223
0.3920039989119645
0.8603100326129476
1.1453238088914317
0.9302520666045958
0.5800188210078939
-0.04426116176535624
-0.050887447535598485
-0.045765752183829646
-0.5684474879838703
-1.0189286577115613
-1.2447517105087063
-1.098258062497957
-0.6220200443247489
-0.007513208979193635
0.5490657223604215
0.7931156862263036
0.6789184473322559
0.1961357742924174
-0.49371573845128564
-1.0896941231637796
-1.0704551830400288
-0.9088941527815775
-0.2442734196130413
0.16768206917701564
0.9132867800666474
0.36279043908360825
-0.7054868603628334
-0.6112697117417557
-0.4071547632185285
0.23822347275523045
0.7200366250431023
1.094200201079376
0.9999572096828017
0.6429733430456089
0.002334297705050517
-0.5439171215429965
-0.9128349731249892
-0.8492388593294217
-0.487376970930204
0.14243273630534045
0.692299550255754
1.0684630498544452
1.004505911942785
0.6768169468719216
0.0304462534929244
-0.41919686982772814
-0.9587648011260952
-0.4133350546236956
0.682231081862216
0.6104403921509214
0.5259534453963147
-0.17707305966537587
-0.5720357805375118
-1.1346550270345894
-0.899784828539787
-0.8332806705974043
0.6089445451995628
0.48234569590102194
-0.8840746733664745
-0.6908900340992598
-0.5907730538448318
0.11895004403045516
0.563990140005523
1.015018404491908
0.9171955240867308
0.6229974626356727
-0.03853816449760325
-0.5677629089555005
-0.9895888222575149
-0.9383836722785877
-0.6246542650420095
0.007444555019213283
0.5505668065409578
0.9521690182223149
0.9112711645791142
0.5827902123370313
-0.04144503906665125
-0.5958273457301478
-0.991317633365574
-0.9593312648415356
-0.6260489881323263
-0.009080762493348089
0.5490848946260739
0.9384956387961463
0.9094744764508245
0.5709904717739107
-0.043691796790008994
-0.6063991558145758
-0.9941062113469573
-0.9691250889339783
-0.6294529380007091
-0.018427856976151076
0.5449957647097532
0.9293365714051611
0.90462469581753
0.5618038526585563
-0.04939072824908935
-0.6158060634171261
-1.0007629689232727
-0.9789376703200184
-0.637204721274873
-0.028837692763119947
0.5359721311818312
0.9181178174898759
0.8940967055685022
0.5495277671588678
-0.06173598602711664
-0.6294475347355749
-1.0153591334952967
-0.9943473213400426
-0.6546762550240481
-0.0465723501040018
0.5146782364535346
0.8972366879819356
0.867437096388521
0.5241820814948449
-0.09655540561592241
-0.6616401792025135
-1.0643068129088924
-1.03857186253529
-0.7349644461872621
-0.11857352392461541
0.29127219673722826
0.6834529598726348
0.9449367082429894
0.742629962640033
0.24837747774286484
-0.379382815860356
-0.9163362588356117
-1.1013722694542474
-1.0183832497401923
-0.5705171863979195
0.1086709054446361
-0.0668055080914203
0.05880530196474558
0.7358309265452686
0.9104827918313209
0.8633358622422407
0.24217779664696548
-0.5093649218826951
-0.9517160943176609
-1.0743884936830435
-0.8011559136319213
-0.3361902050919064
0.18748761354952082
0.172411915514879
-0.14553346469120812
0.18394877141355437
0.6635400291850622
1.1316665762296398
1.224649014548746
1.0269129736966167
0.45344137748163144
-0.1339205129351576
-0.6834067938542097
-0.7732419086140739
-0.6560079951672443
-0.2571524696410137
0.3353613853338746
0.8817074378862264
1.1153533506579862
1.0165852589933224
0.533712043109569
-0.05025941557845715
-0.6238861525951347
-0.8449683798265306
-0.7641147732247187
-0.2602086803719107
0.3085852395355211
0.9182573620918764
1.1233050452255948
1.1090128415061329
0.5800297798619132
0.16026120148810474
-0.5707811634808486
-0.14237136882365717
0.5301083263346026
0.10505265269215829
-0.3377188671797317
-0.9354503406753734
-1.2127903641826165
-1.1887961917884249
-0.8270173779514324
-0.2580490312027986
-0.04045898040524662
0.12091908265892283
0.7517609190134922
1.015005795579992
1.0717074679663385
0.6595935915294335
0.07604915924537545
-0.584577074139472
-0.8711066316552553
-0.8691913164154328
-0.43456256744734206
0.12813979555437233
0.7251422077987509
1.0114868292424475
0.9843974891599392
0.5508257045066927
-0.027180833372955193
-0.6228264775194025
-0.9195319956869119
-0.8911788587042315
-0.4648694053133259
0.11414361408644731
0.7047920757262414
1.0021429994593973
0.9707336784381131
0.5445874316521945
-0.03546278259120885
-0.626646819981206
-0.922399006288998
-0.8927052441734257
-0.460594680814277
0.11523845360605765
0.7216318658907755
1.005438246117734
1.017962294358315
0.5132253622461566
0.15064183391818056
-0.14325079959561537
-0.7836128523779223
-1.0778112765815544
-1.162401110529739
-0.7644028188284272
-0.32510158508884673
0.3047208785257347
0.09039082541105638
-0.189847855247427
0.4061152408259263
0.8503153721150396
1.2912232512713975
1.2547316982144805
0.9904258764384282
0.37914341993773965
-0.10532490726751945
-0.4845253062649396
-0.13122558971633214
0.5048318886107637
0.5937528217177621
0.18420380840742637
-0.36153838393158827
-0.873683200718368
-1.063970076691282
-0.9196515178628512
-0.41406902036643034
0.19125476856720042
0.7453166098198131
0.9631108380946878
0.8424421789633667
0.35218062569516423
-0.23755442658822898
-0.7823296425832402
-0.9885810355344223
-0.862120177875313
-0.3624504364651404
0.23080580184162006
0.7839034193914013
0.9920462675194072
0.8734781857545661
0.3744144486265843
-0.21090596975243722
-0.7645117523521611
-0.9642770638663543
-0.8472773807957735
-0.3389987792833343
0.24365064386244564
0.8077628975801998
1.0036142471271623
0.8989992649616201
0.38530179704290074
-0.18225378567935877
-0.753727358389552
-0.9305013871543647
-0.8359118300082096
-0.29703661048686186
0.25660186552105485
0.8632162243574053
1.0199583484313015
0.9784614310863121
0.4089986054239851
-0.053635450486067555
-0.7117338499592404
-0.6697544642870426
-0.7321821324265297
0.7364091567228038
0.8456675284177595
-0.7463482343687524
-1.0212345005685834
-0.6054326978757969
0.44916453029536496
0.7383135423328133
0.9822522997323873
0.584555677913147
0.13448417703781912
-0.5507921437799147
-0.8900951086611049
-1.031497418549743
-0.6650586943494163
-0.16063602493740514
0.5045402925750234
0.8790141165805281
1.0071262831363839
0.6659595437397339
0.15278396429194738
-0.4929143546781912
-0.8728242257325629
-0.9850705676177809
-0.6466617001732773
-0.11990351444170307
0.5254515698456788
0.9175847473462486
1.0319450859779005
0.7051538813758648
0.1833489590757409
-0.4502396500507613
-0.8336910803771455
-0.9351792045797372
-0.5941303202346915
-0.05680954300812766
0.6006689032319564
1.0053969808037895
1.150866078259056
0.845248982163459
0.40919452906219844
-0.15707067664743987
-0.0878632558662001
-0.02412984182718762
-0.8217858822058451
-1.2238012791736155
-1.0512166336014497
-0.6638885326320195
-0.01591997090862006
0.5457331961924523
0.9070986104267004
0.849253436872035
0.48257832594573036
-0.13289903125754318
-0.6732460053392043
-1.0170340851272925
-0.93722264314507
-0.5588617263725107
0.08309311062078223
0.6323565587832695
1.0153421255020727
0.9437732341161243
0.6434674424184822
0.013612818684327635
-0.21170890255307587
-0.5329790784665086
-1.0717476258732637
-1.0928499124036415
-0.8399245257988736
-0.2513804461524635
0.3456319703890122
0.8074387632181154
0.897387114673667
0.6340679706452146
0.07860750471794592
-0.5212027797015669
-0.963220439876975
-1.053944590294417
-0.7773340246018005
-0.2219502328112103
0.3874661897008891
0.8296582621855719
0.9276926109757394
0.6513219258836533
0.10172458644751055
-0.5074749450126648
-0.9449362268286328
-1.0428243345372963
-0.7624743372917244
-0.21283087009442245
0.39980659121013085
0.8371923047384043
0.9381308556067426
0.6575645384228849
0.11070396405086592
-0.5023103546748724
-0.9370805440959526
-1.0385794521141016
-0.7554744718594416
-0.20938621755383596
0.4061789652740214
0.8399282156981603
0.9440857717164086
0.6596628351918155
0.11645228648023521
-0.5007930678084384
-0.9313064064323501
-1.0375959232618552
-0.7493938682332698
-0.20889283260727723
0.412934334573956
0.8399795192057167
0.9520361013712084
0.6593385116645543
0.12638304751848317
-0.5013807446179716
-0.9181287875944729
-1.0382295416214586
-0.7307761168740283
-0.20910964729496817
0.44113459881891914
0.8412554243503896
0.9986059260791323
0.664907357210308
0.21350441540613055
-0.48285096762254476
-0.7141994874095142
-0.9699449278085969
0.19147022912538636
0.27502190809911786
-1.071901194043979
-0.8270916770789798
-0.8464628278899248
-0.04921873738012876
0.2762476043317288
0.9046207329982062
0.608214627935388
0.5651534576524924
-1.0122652288123546
-1.0553730940426296
0.3366720542452947
0.6359075498474944
0.9640017925410596
0.6408672359244686
0.20059915416563903
-0.47135047362505755
-0.8940074579917887
-1.079298018326047
-0.8140367474734982
-0.3157650434849242
0.3222983952979283
0.7747363496369915
0.9372613961020225
0.6891318283334574
0.17384035798744057
-0.4537900113502772
-0.9202152984847343
-1.0762805316450477
-0.8407242856202628
-0.32154804405487003
0.2937516696024528
0.7622537708549607
0.9051569307319633
0.670250909300986
0.1359290338152235
-0.47937251882571436
-0.9681064608811343
-1.112809618961594
-0.9067945161661003
-0.37495846727364357
0.19418156221743038
0.6785464948798117
0.7248203440015345
0.508943151491444
-0.44532475668844207
-1.0776832934053773
-0.7441041654134375
-0.4018516004138514
0.28451392447951857
0.7211194429953921
1.0029702559720244
0.7802114808990217
0.3538873094451466
-0.32915485013137163
-0.8010342131731581
-1.1001440367050463
-0.8898638985861794
-0.5002163464289406
0.19159905877090547
0.5825706849426392
0.9322839648508837
0.36684613468655597
0.24661384721861704
0.4479462395950861
-0.21093891661660594
-0.7132905043300671
-1.237301485838907
-1.3022460733015901
-1.1159213952939695
-0.6067999649860549
-0.13851843987676205
-0.11639384172486263
-0.43507441742332725
0.6985702312213803
0.3412667552279612
-0.6956688082912713
-0.34091579369183517
-0.1446122417529474
0.32991367204604855
0.444306223015205
1.0648656938045427
0.44478684987067646
0.521027618901101
1.2821101547477542
1.0787306886655887
0.7731410020254442
0.08704610431775012
-0.4374503256865517
-0.8165120611931582
-0.7380442922797672
-0.3770299570086812
0.24661074692160562
0.7873513183166954
1.1293010213410355
1.0576928286650742
0.6733719072794501
0.05473064590924321
-0.49993795149424447
-0.8356939621152134
-0.7699008521232625
-0.3759229049834123
0.24635228582539406
0.8174633131221255
1.172199012987602
1.1378083421103085
0.7951713132840678
0.2611893073677909
0.0605558612712536
-0.16413987004742694
-0.75981076960967
-0.9916023684378126
-1.0349026385025635
-0.5260367321799356
-0.022654858114741955
1.0285127907011258
1.1590861940578425
0.2457787478828721
-0.24942999094550708
-0.8710234929877219
-0.9838468761966174
-0.8678644173974972
-0.3083210292605938
0.25260370571139323
0.8029612573377558
0.9456572925884095
0.7991961097362176
0.2544410597173841
-0.32381514165136416
-0.8684271451090013
-1.0229568108981335
-0.8784014808016382
-0.3430943463356018
0.22336941826141868
0.7592317773554372
0.880517844491777
0.7314525844057871
0.04556380636324582
-0.6353338062594178
-0.9280146248000277
-0.8317069544115334
-0.40642083907231036
0.20995615427485814
0.7298429110026713
1.0067747075726852
0.8698955812169743
0.4361785710993134
-0.2020781808914876
-0.7282048074807584
-1.0215145080967631
-0.8902045753706266
-0.4717755238056271
0.16079589381682194
0.6700945580144437
0.9569025185581326
0.8044436047889157
0.3777099978880029
-0.2849548233428309
-0.8062640772369354
-1.1427369931629885
-1.0107802553468113
-0.6884784069599789
-0.07217412706372783
0.014555387782501272
0.12315967800136628
0.7107166178317001
1.0642755968661077
1.1760484990465039
0.8725709748471718
0.32821474390700817
-0.30830063686775544
-0.7656399704961907
-0.8976444691738107
-0.6425586191785119
-0.10929730167714553
0.49903652222797895
0.9494571029812598
1.0630604543038533
0.8033614346795257
0.2572381609785935
-0.3542592896548238
-0.8140568981123563
-0.9298114121978275
-0.677115400832646
-0.13236450129040914
0.473859093663349
0.9329434281264259
1.0447640774115332
0.7919691814944692
0.24438940088429212
-0.36130319965727786
-0.8222435914629571
-0.9328272963629393
-0.6809699117043672
-0.13129629589483754
0.4743924677592629
0.9385423783371237
1.0501456731544203
0.8030453516060474
0.25560066370221113
-0.34304913057643893
-0.803430733958557
-0.9044040862954312
-0.6514215811753806
-0.08724316919080885
0.5204412164839612
1.0090439192666936
1.1242313482757833
0.924649489271523
0.38418306158116305
-0.09747652517717234
-0.5502863205211848
-0.08789411226860312
0.5044767781505513
0.03246821615096411
-0.3589694451940804
-1.0121605861463812
-1.1164835650103673
-1.1972470525107068
-0.7043210417429376
-0.3213932954364576
0.7492811549507665
0.3821243323460583
-0.7895116238283783
-0.5398807979374695
-0.33098821512210136
0.3773109330973282
0.7767695848016339
1.1082292197179722
0.8864224595204515
0.49560795513168965
-0.19566501956156973
-0.6738379195507591
-0.9942802078074209
-0.8153510628753415
-0.41710541774356863
0.24784415121508815
0.7311324755136499
1.0341987333398037
0.8587906833538448
0.44852715782149755
-0.21405791409600342
-0.7059086621902141
-1.0074874135273149
-0.838281426713049
-0.42722175701218584
0.2308517567588077
0.7229339609468838
1.0212625839240164
0.8518112806481323
0.4384783520277099
-0.22025592866171617
-0.7138279979118296
-1.0131905303310789
-0.844579230562865
-0.43262522878036885
0.22582646056298514
0.7176916352536666
1.017265873857556
0.8466276580145621
0.43533844531533167
-0.22546015842759726
-0.7162314679483172
-1.0184799320227955
-0.8463284236635498
-0.438055297628177
0.22467921538317603
0.7120704378141511
1.0166929939085354
0.8407668501495168
0.43533443502933716
-0.23160957956269773
-0.715650680870157
-1.0249697382866103
-0.8451242593365005
-0.4449422622970798
0.226571312429392
0.7047221070069145
1.019369534806859
0.8328826465347149
0.4389336049197593
-0.24011803882145893
-0.710933634743421
-1.034209377861298
-0.8390125290739173
-0.45504483189498207
0.23447599909358496
0.6935913701716011
1.029654248930602
0.8205128925645304
0.4524932991444736
-0.2540002815777861
-0.6926724725183174
-1.0499634039093464
-0.8136380302307414
-0.47314367140496566
0.2713812463469566
0.6725457829548156
1.0871558218290855
0.79588914012809
0.5527719945285847
-0.2820352437632337
-0.47514352569329305
-1.0738672589704097
0.10608531912732679
-0.36306903334668295
-1.328410280670123
-0.3434830389525437
-0.022184296603664912
0.7282826455976527
0.8707129241804542
0.8933098980419871
0.37226714387429577
-0.1702940050367667
-0.7892803325758733
-1.040011664766851
-1.0024540006078668
-0.552260860828869
0.012163184722492034
0.5730523433095169
0.7991330606633265
0.6963151160529226
0.01363977559614824
-0.7265479000546317
-0.8269520936062825
-0.659185481763693
-0.07778108014027231
0.4581052346463391
0.9560501303221466
0.9914890632057275
0.7869116455062783
0.1611634078168802
-0.3747627135004209
-0.9145798395879394
-0.9328134046895387
-0.7735608884972226
-0.11662818890273491
0.365633670618714
0.9533302195437175
0.9028404299044753
0.8171650412803455
0.06423552401833103
-0.2959196188145796
-1.034683910527867
-0.7419087990435165
-0.9495882876553698
0.6481321354302204
-0.05385555966335926
0.3134922099249767
1.1429185681539675
-0.6733137670563387
-0.6827380581747947
-1.271179223290003
-0.7951914070313439
-0.5845381272048328
0.014073366271647274
-0.01681574897849623
0.4198994860792479
0.8267663707526659
0.8980857275548417
0.8250451956576617
1.1142079057913334
0.48665084014717924
0.046217144010074325
-0.6665636677932848
-0.8357764697506953
-0.8842419980675209
-0.35252699096977524
0.1450181476496423
0.7980893693265588
0.9974592083830148
1.0033051686150294
0.4920368277448043
-0.03812960144766021
-0.6757096120631898
-0.9011703083482425
-0.8945689041499651
-0.4048253162940094
0.13570396170164759
0.7551035263275906
0.9893987099080043
0.9671496961066012
0.48506787083735836
-0.06914236536514518
-0.6818092801857054
-0.9282296237320783
-0.9000016729530503
-0.4287973370541604
0.13076920818424492
0.7335683505969992
0.984823206525507
0.9475482873907388
0.48073603199784065
-0.08721089179439548
-0.685996725015683
-0.9450950724268464
-0.9041337299589234
-0.4447408998307034
0.12660843747153736
0.7182968575602895
0.9805494726939359
0.9327160825302346
0.4762596974417909
-0.1018328146358238
-0.6907767346268227
-0.9597458237547599
-0.9093376342315146
-0.4596861848158334
0.1208306111048791
0.7027428163508593
0.9740021369917266
0.9161585957680086
0.4686770955048141
-0.11991911540752855
-0.6997710668710725
-0.9801014278350633
-0.9203014735205536
-0.4834188230484371
0.10702705586991329
0.6738617482706252
0.9559128446375479
0.8790569161465366
0.4436947282713888
-0.17117799477294882
-0.7369108410993302
-1.0589918579624547
-0.982220153692744
-0.6306119552885499
-0.0207740221925979
0.19078427675624177
0.45687054848666586
1.0533522872191894
1.04959588331214
0.8439883690474337
0.22813461347026856
-0.33825690818655496
-0.8403541344997385
-0.91257285059518
-0.6905833747639827
-0.11208854266410333
0.46129271128841093
0.9402299540633929
1.0167158993823564
0.7783577633064809
0.20306837013221998
-0.3829893811404557
-0.8591623965842905
-0.9462171187900186
-0.7052168870233632
-0.1393522090659241
0.4494609801735174
0.9166362475738372
1.006818831712931
0.7565556537232713
0.19459087325117583
-0.40464895032965154
-0.8663579147451966
-0.9696759653649636
-0.7103624066112657
-0.16771594201554996
0.45152208202693395
0.8766599069055183
1.0773330965863692
0.6829731824003324
-0.15236419964078027
-0.6326894144878009
-0.9537232385512746
-0.7752895775303955
-0.3630776570845318
0.2898864042184367
0.7786420773061916
1.0573864092466005
0.8838932245500973
0.4517261425453881
-0.19793184247954473
-0.6986399563513428
-0.9749802757499177
-0.8095851118018739
-0.3755705612675444
0.26817916991005974
0.770362109707202
1.0421821444590695
0.8779957803203289
0.44041445242044075
-0.2023267034681678
-0.7073781932845741
-0.9783473484162164
-0.8164899651824928
-0.3781870378517389
0.26266250247686945
0.7683257226071082
1.0377738139367587
0.8764317149661082
0.43693523080636115
-0.2034861521625444
-0.71004124837062
-0.9791418301879182
-0.8184021083457881
-0.3786341732943161
0.26147418372367326
0.7682282334708416
1.037316953698408
0.8767072224370062
0.43725379776377593
-0.20278856233243484
-0.7088598388450057
-0.9779376600176704
-0.8162122993531417
-0.3767855870677927
0.26490311071132067
0.7709454718942595
1.0423502507019489
0.8806669855992633
0.44448485957271067
-0.19693410613907136
-0.6984201925483483
-0.9689724326708092
-0.8007164340252149
-0.362213072239295
0.28919646988211206
0.797061610165652
1.0843054880669374
0.9366609468185303
0.5318775584013781
0.005723828045932635
