-0.8837750124735917
0.42947229905028916
0.47679234416169664
0.25662451624717814
-0.4999800709755316
-0.9634718268457992
-0.8330457819539895
-0.5293146867327673
0.17436771299480722
0.4452227599659153
0.8909629191922325
-0.17455997540358992
-0.14906891656282278
0.6619765390558771
0.5633852097499821
0.9746806490226866
0.37598212188081
-0.052499264598492856
-0.765429309222041
-1.0077207793700795
-1.0751674065942989
-0.6459039137519544
-0.1371823303544466
0.3991132530283643
0.6289928589407875
0.20370623780868868
-0.5216248454341924
-0.3907588244239079
-0.04839132050061784
0.5906907055581041
0.988677272870457
1.2025681834728366
0.9331282833864029
0.4598639227192089
-0.21310258703988644
-0.6775583034016128
-0.9052197725637593
-0.6779724035562762
-0.21117887708262914
0.43179726722431816
0.8930801593474451
1.097917428174166
0.8691700806529196
0.384193166835219
-0.25937334416586927
-0.7356270451942494
-0.9405384277239336
-0.7244288456492926
-0.23922583852379775
0.3934587806947777
0.8701147128756275
1.0655021698056522
0.8498974949965168
0.3562431294377822
-0.27587822674619816
-0.7601244604173016
-0.9549172236733928
-0.7462029691295391
-0.25193871439745863
0.37386624790815565
0.858728061433541
1.0476779852382732
0.839579824703485
0.3398643951444701
-0.2853262942367976
-0.7753157229538391
-0.9636536215597536
-0.7604173207826054
-0.26009121889420644
0.3604532565574835
0.8510538558591364
1.0349167582195216
0.8322947158381236
0.32762447517219295
-0.2922994414815938
-0.7871509658835637
-0.9703832128408277
-0.7719550025850692
-0.26663960773013107
0.3491118519458689
0.8446281164268721
1.023672842224422
0.8259348678522126
0.31637851913535653
-0.2986502692924341
-0.7985026000734213
-0.9767839550511793
-0.7835238221326103
-0.2731533991110613
0.337202008048918
0.8379314462905425
1.0112802206445413
0.8189757220500464
0.30333615725612645
-0.30596520886855727
-0.812396765460354
-0.9845670015485901
-0.7985208142387767
-0.28154311086507516
0.32078217185569474
0.8287600304301568
0.9930186385529786
0.8087962785731074
0.2826689071858613
-0.31745218119777896
-0.8362526056251903
-0.9977671689119402
-0.8266911808283134
-0.297018491685381
0.2866090521771223
0.8102159984202231
0.9501780242002602
0.7860587000992034
0.22666744726540589
-0.34589271014734174
-0.9137045564338716
-1.0331998759471968
-0.9430658412110206
-0.333457709250361
0.08493216384035811
0.9283598505141616
0.43351750578300247
-0.6626074551802192
-0.496802970445937
-0.27869968231119696
0.38961746919347
0.8316068510896373
1.1661495520739062
1.0036780883988998
0.6103999876778008
-0.05303097450339173
-0.575973268569216
-0.9064781469045773
-0.7913442601385406
-0.3948380739637787
0.23722025200848101
0.7627921708741583
1.0707811474412787
0.9578478633342873
0.5442481212991315
-0.08591856682101309
-0.6250320972000668
-0.9313538917409138
-0.829520975355641
-0.41441768086042785
0.20638437435585189
0.7468831002553719
1.0451018620924801
0.944570905230574
0.5222907246319474
-0.09726395898261625
-0.6442633513386878
-0.9412644957478784
-0.8467551494263094
-0.42326396778242575
0.19058173944578874
0.738808899367659
1.0302613240098355
0.9370222422916914
0.5079892668332712
-0.10451292215268837
-0.6584457678107112
-0.9484417420597766
-0.8612827392783168
-0.43062550169157454
0.17513718750644558
0.7309432335029393
1.0131191045087609
0.9282108687815405
0.48797464489583287
-0.11493792934799527
-0.6832824054681118
-0.9615795657450666
-0.8945611537423677
-0.44841730773773153
0.1256015310084683
0.7052222615411604
0.9256449786945878
0.905143734218832
0.24546281165763595
-0.5065244788658452
-0.9453562313478867
-0.8261117673281345
-0.07612975572126243
0.45777606940444515
0.9731573553060198
1.0233219132547042
0.8008154320055123
0.20793148771502235
-0.3623153397859287
-0.8489218507238998
-0.9161215229235594
-0.6865765875395066
-0.10053135096553692
0.46616536138372955
0.9540620049504545
1.0079412492949043
0.78956081169771
0.17609566773707944
-0.36144745918142396
-0.9043766934092531
-0.8783719959711271
-0.7896022323615914
0.2547523406113581
0.23363276633976557
-0.5493489666918949
0.06737125520504554
0.41130398406382873
1.1092529263628732
1.204803661782925
1.2656569460273859
0.6689372104825089
0.3076557484359725
-0.39807058401566753
0.1133395814884143
0.012846238608636184
-0.8362433198174959
-0.8826359930920823
-0.7338127142479018
-0.1775597371959762
0.4416088448761737
0.927838287848408
1.1514809766600982
0.8718638861555675
0.5090913176792784
-0.561445259503903
-0.4005916434430517
0.8683665151540222
0.3454212347889996
0.32420302876017104
-0.9638829302858433
-0.5544137035244822
0.5345406180598852
0.2925187065132493
-0.008607740075644073
-0.6729990812066777
-1.0884541696824888
-1.340066103727361
-1.1191585374631543
-0.7274758444957365
-0.12760199536437902
-0.03612471533117969
-0.13967158623923007
0.25706932848011604
0.7652137605130436
1.1106271682703535
1.1041122070661549
0.7476758658080956
0.15213978089010413
-0.4519864705707005
-0.8467961420903594
-0.8797825720888159
-0.5445258621375471
0.03071440758445715
0.6243680474527826
1.007571863418394
1.035325172883266
0.6931007261989276
0.11560947009585612
-0.48222218826636926
-0.8657758140896761
-0.8958487603192391
-0.5526346460812593
0.02390334135137482
0.623764292152147
1.007476310381498
1.040466555894778
0.6984135451738017
0.12562422439315732
-0.47207649883484626
-0.851194269045762
-0.8809352570204099
-0.5333647078971625
0.04395582641811109
0.6482438759403781
1.0335039897704335
1.0711362699206999
0.7318543619410112
0.1640898370497842
-0.4288833919910917
-0.8023603703958972
-0.8241391435491425
-0.4699322349651661
0.12102400874562841
0.7336626699921864
1.1434637041976652
1.1927739632695602
0.9023147544677784
0.35409973823148355
-0.11901735745069254
-0.44654935131442575
0.10082259030485181
0.7149034715376671
0.24253122347257536
-0.10386812071362704
-0.7422809490945607
-0.7913935675316911
-0.8148689722042055
0.3128691329543848
0.8671939229463292
0.3206815208986168
-0.12484093158834901
-0.7542644866360367
-1.0775637646400877
-1.111440980970855
-0.738374089926011
-0.15676316665569803
0.45336734329516004
0.8456805179226019
0.8759435242227995
0.5472185194940111
-0.03520680831167883
-0.6125193902983813
-1.0057409989983164
-1.009000412128319
-0.6822751803541339
-0.07552388879154527
0.4981078241062539
0.9151572667799689
0.9124049746128395
0.6109944097241259
-0.005131419015801285
-0.5495691691787293
-0.9812937287567713
-0.9417924352368022
-0.6645244248523166
0.0028321451040116585
0.502826438299173
1.0164309994069358
0.8726338267393404
0.7599272871163616
-0.4246137112505807
-0.2971082557839272
0.696987765610543
0.22555404090604406
-0.09157816808601672
-0.7878132410560091
-1.0460451974573266
-1.160540042635214
-0.7397354311630578
-0.22350802326925207
0.44428930815245216
0.7941000412271139
0.8895341734853448
0.5222504766951009
-0.008444112593329748
-0.6407153605989677
-1.0027053897571832
-1.0725521166709457
-0.7165359446703546
-0.16628605416859615
0.45458649193372697
0.8322615162065361
0.8895370766451408
0.54667553336417
-0.01867749970622583
-0.6279836251492275
-1.0255096858555852
-1.0720192513220665
-0.7581285661705897
-0.18197314691318034
0.3785552180052541
0.7880713659950748
0.7293751651719557
0.4303485175087027
-0.6062233528613089
-1.1588322351758031
-0.6267812512448817
-0.23852752088575813
0.4773710196022559
0.8411493975555753
1.0390909662284518
0.7135830980539873
0.23641976405453494
-0.43895010570466775
-0.8446218142044273
-1.0253284488783285
-0.7239707990106965
-0.23747770258046974
0.42258666147485996
0.8337781249001105
1.0043697034952697
0.7062483154147412
0.21307265663747407
-0.44536929508518575
-0.8607277633952695
-1.0310056508700376
-0.7350158563888942
-0.24272133342763652
0.41541055068298144
0.8286801531387503
1.000453989843261
0.7010442108187763
0.21222591567228513
-0.4509058656073553
-0.8583105227665186
-1.037087066528679
-0.7286599698285762
-0.24954774540838615
0.42714664056319207
0.8209483871692871
1.020501910255596
0.6924088709634004
0.24696948278805586
-0.4598049686259402
-0.7925697701425043
-1.0428799054090325
-0.5751390384650943
-0.23341472427866608
1.1283748640065794
1.0837329645020377
-0.28154613136704104
-0.6235486559288759
-1.022688746350547
-0.745409832145695
-0.3570438689335612
0.32762643439019556
0.7653069756091597
1.0166409788750057
0.7863451393118727
0.33159849556508814
-0.32509908509974683
-0.8010066557792446
-1.0338609625735045
-0.8287718331121291
-0.3609767547425545
0.2775271692649437
0.7630917792610271
0.9818781878358563
0.784196838881984
0.3048769005426424
-0.32777559388046995
-0.8232856078327907
-1.0373285422643825
-0.8486598652108658
-0.36539712240476857
0.2586939721048852
0.7575691626047876
0.96309868911227
0.7773903923033753
0.2852770929080762
-0.33611315552983023
-0.844596386592701
-1.0475493146647974
-0.8727249762093016
-0.3780169775107372
0.2305030549825616
0.7417696581699031
0.928799081394437
0.7571781091976978
0.24174161068354455
-0.36280459575681867
-0.9027793738762953
-1.0844766474508372
-0.9560758143347731
-0.4328548956625267
0.09775722627228638
0.6502642712438507
0.6715098036050018
0.5659553737911914
-0.6614180610738942
-1.1475150430902599
-0.23515947178078186
0.16829721117446145
0.8443707870341051
0.95585227330854
0.9130526791988207
0.3444327825850848
-0.20105230609290783
-0.8286473969295871
-1.0200911337090368
-0.9929139793442411
-0.4992032206451354
-0.11935887141726474
0.3097590870900972
0.7544849681373083
1.120269173186157
1.0530175977402922
0.71511932814142
0.07358722922380707
-0.4834008407442366
-0.896112252273317
-0.863439063497834
-0.5464530765677702
0.07645656069200632
0.6214742393412566
1.0223845649410466
0.981778665963344
0.6568045324315825
0.028059486344437234
-0.5224665815917179
-0.9280361698118644
-0.8911515253702708
-0.5701560727086189
0.056261263340749795
0.6031947307084453
1.0075976631643917
0.9673147188429226
0.6461790679536671
0.016420356843987863
-0.5296945198607047
-0.9374913133913593
-0.8954466446617498
-0.5778552043900316
0.05463922292337384
0.5969611087997218
1.0085463822184095
0.962349773994991
0.649734340213329
0.012594156873936925
-0.5233569936725148
-0.9402594705518239
-0.885988712046805
-0.5796109055736147
0.06776734696132496
0.5961904791943198
1.0261967646081178
0.9625229021105391
0.6732252363530128
0.013575515259727554
-0.4919347967837215
-0.9389316398816877
-0.8431614115345638
-0.5794926924421812
0.12819239533259036
0.5893484641108714
1.1164691586218092
0.9209364084252121
0.8218258808854216
-0.3693468597072626
-0.19738115218379004
0.7004301167597095
0.25015348533051274
-0.1312219510081238
-0.7643890291424367
-1.0498247742571705
-1.0673657863037869
-0.6875055863479531
-0.083823933189424
0.4551386610310889
0.8890543906630987
0.5210011100550291
0.4299500387853129
0.8344819306277355
0.19168513159444878
-0.16622728262709863
-0.8429817815097492
-0.5462484458871537
-0.6594991042279948
-1.031424636836744
-0.6040422920180271
-0.10551602792076664
0.5388961809905525
0.8759460919628309
0.9381166981530822
0.559306206705326
0.0138920348608832
-0.6127751836652533
-0.9610038802845893
-1.0166376756776876
-0.6380194505937357
-0.09148807243933103
0.5397004049479508
0.8858678604888742
0.9486340248232544
0.5657530062980111
0.02822518265132567
-0.6090065345853609
-0.9444620530607029
-1.0149251999598083
-0.6194615465424472
-0.09135136005703867
0.5607590231396805
0.8848441102247301
0.9732101980562489
0.5640087547564472
0.05799839062767739
-0.6108772324258716
-0.9067363683631974
-1.0159337153007657
-0.5690013795390367
-0.08957420875793885
0.633088986057918
0.8936996117448216
1.0877127525577348
0.5913022282714198
0.2741199441896645
-0.5248126827232948
-0.21016934071992507
-0.5484759515261018
-0.8825647992385834
-0.9629489561783359
0.3806979541758464
0.4015927730779657
-0.9668778123567915
-0.9279683321597909
-0.6793799558173821
-0.3202469786920246
-0.5308874060784162
0.25510067676683007
0.5837917020910793
0.9932193844782676
0.7947063975258627
0.5804940502707007
-0.14739936099107329
-0.6352246283366407
-1.1073884085853531
-1.0299407349809186
-0.7658576912285365
-0.1337056968466627
0.33735807411143426
0.6833921842982715
0.4379599063302632
-0.2391815676329404
-0.7394645540864394
-0.47887491007560706
-0.07388733769916885
0.575176849751941
0.9478257835628852
1.114992237074121
0.7954276538025622
0.29937320264417927
-0.3718639978914955
-0.7923644534514483
-0.969467782036443
-0.6810979573949199
-0.18958984684343094
0.45888165009782916
0.8776257587698847
1.0368523682305364
0.748385445517493
0.24199248525372444
-0.4053783668952183
-0.8373216034409636
-0.9942534584587418
-0.718716442041143
-0.20819466046594315
0.4232119810095025
0.8637604354682156
0.9760184574174083
0.7335295394671193
0.3183004880388732
-0.3396826050928254
-0.799097089452508
-1.0279627214696472
-0.8044174084557685
-0.33954239156711036
0.31051485719826677
0.7788070847948576
1.0029873027559146
0.781030553200682
0.3136179079136447
-0.3384858401290586
-0.807196404778944
-1.0364956895337425
-0.8122889963579143
-0.3535602242946594
0.3047349828609151
0.7598011852885014
1.0018865657354556
0.7562385280644087
0.3228140624946548
-0.3706475976905496
-0.7723159785698037
-1.0774883357795835
-0.6941364497895547
-0.39622524270313764
1.0007543223460975
0.9019534590176559
-0.5941795100823085
-1.0341008280952062
-1.1672374688594205
0.17538589868219231
0.1493198237553717
0.8048415895757148
-0.59126463022029
-0.4749443806240514
0.09675601136158354
0.07145434763055869
0.9057796142297134
1.1018282902295475
1.1791336020315883
0.7530684393408611
0.19398754525058565
-0.3970375383018111
-0.7614593481162039
-0.687685055737942
-0.35224169258079685
0.6598019607189975
1.193027774733689
0.6923272416469481
0.2924212031886465
-0.4111241389491406
-0.8079200124490253
-1.0049966910299049
-0.719625465884082
-0.2288027170188106
0.42114134291709104
0.8660368047060804
1.0330776038965173
0.7807752990266161
0.2674952031846179
-0.3553189545245814
-0.8203273030839887
-0.9615754769487862
-0.7303730306166247
-0.1889885745833866
0.40760732871450983
0.9077664634357562
1.0088919485859993
0.8293290253500888
0.20387823237953023
-0.2960248164944447
-1.1834387579571357
-0.9420544641472332
0.2636447097384652
0.6467414907573036
1.0167308852433161
0.7510381455882386
0.35748362144702844
-0.31845348090952064
-0.7460209608014154
-0.9841052035409384
-0.7372010510209002
-0.2674679463173655
0.40316884003867276
0.8977142254115451
1.1430368183135986
0.9801107000556072
0.5395408100834926
0.024393649681204464
-0.3447700457295838
0.04170866378513853
0.22301117393261083
-0.5265050912631317
-0.8775458491182028
-1.252406360950885
-1.0299813325363032
-0.684123326382183
0.042810947470489365
0.5012405357309839
0.9192724198610606
0.6316337012510141
0.43765430789689724
0.11401318615904613
-0.479703623431633
-0.9700121521643646
-1.128998999656857
-0.9572433376345073
-0.41910166923055137
0.16854439206611999
0.7144394308215323
0.8668850008174661
0.732372631421516
0.18161794061235206
-0.35624360048639175
-0.9311063860295463
-0.8943395183303776
-0.8713030802867036
-0.7724373106459588
-0.18918548263047932
0.38173879170993735
0.8128881043059357
0.883959680912821
0.584791864346087
0.028066579756614432
-0.5908851713454635
-1.0092801580109838
-1.1070818751471576
-0.8006507351860864
-0.26558547594430665
0.35799135948554756
0.754107675105696
0.8553879123128285
0.5220696516145908
-0.009427404239319459
-0.6695367676441516
-1.0603012221269987
-1.21700842354971
-0.8731480891371315
-0.43818723519461206
0.24673136324244338
0.4246543900472809
0.6544120534654144
-0.6139319815615412
-0.6362566558709986
0.23411137639931037
-0.7658352087579423
0.908261336433473
0.4883022055203812
-0.6470338846442865
-0.6210791878422878
-0.3413773532998901
0.2121736348378341
0.7709775598717369
1.034621572142503
1.0204614064208044
0.5408621431632393
0.009905258316551965
-0.6756482385846201
-0.8627314970160611
-1.0077254032234768
-0.09386183666377099
-0.06004419438951543
-0.6402045173515036
-0.0362174306746025
0.37865499531007535
0.96377748757831
1.063246520599592
0.9438447081839434
0.3823518247805531
-0.19421430094977998
-0.7584801326606555
-0.9344764191147997
-0.8029291497716861
-0.2877306367907503
0.2967463543627719
0.8289799641300414
1.0106350335343244
0.8548280099784509
0.3440628021666788
-0.2601090209148572
-0.7885299280621036
-0.9871432170423361
-0.827736416022131
-0.3323758342038965
0.2755051604272428
0.7891996271049468
0.9919376775007002
0.8177273125181634
0.327256073820519
-0.29627647686677877
-0.8038529968549908
-1.0240165594738435
-0.8417626902473857
-0.37177256120422714
0.2628910688781218
0.744928779667042
0.9814680497107181
0.7651109624097457
0.3213178768063009
-0.36300620529710365
-0.797218638098173
-1.1156500832525453
-0.7869253626176586
-0.5112624647053097
0.7315127477211641
0.5168416622950821
-0.7797145496505244
-0.48180656504717984
-0.33381807501562033
0.4145202656067193
0.7795346523655663
1.1559382576088268
0.9115519532872046
0.5590753414922794
-0.161692041874773
-0.6177788595882842
-0.9778930304760043
-0.7838912453501641
-0.4211182885844905
0.26917720196544515
0.7319745525030381
1.0734693666838955
0.8838667382396058
0.5108061670930856
-0.17663322166208467
-0.6427560621359356
-0.9823965791404802
-0.7890720937821314
-0.41468134222590725
0.28522779791426656
0.7527172736878646
1.1181884788526346
0.9270919423931339
0.6041220610415275
-0.09176827300887595
-0.44025273064389764
-0.8170378295780565
-0.1103100379806896
0.5896672529377872
0.4542897663742574
0.039766140062769295
-0.5395481839776135
-1.036184539119956
-1.1935371225352178
-1.0325528135021869
-0.49215251212208705
0.08349961750585064
0.6376165959053676
0.7767841175782636
0.648928063981546
0.07664103109977885
-0.477121965309562
-1.0825344090190512
-1.2055800512778259
-1.1657142887457794
-0.5803794834838394
-0.21218273816934094
0.4028050813961046
-0.2516419800689913
-0.33317624716040684
0.586019483233305
0.8377507457792834
0.9597893145483136
0.581447809724634
0.01584400327748145
-0.6271424416253172
-1.0852119695142395
-1.1762549386816672
-0.9569169389109482
-0.4212110722882717
0.011104994442426915
0.257377544685134
-0.2844126691583807
-0.29766627100796383
-0.003720661578415971
0.9008891305517305
0.5574338074443578
-0.49021260007834316
-0.10699948269401902
0.17283369143045985
0.8529268447123513
1.1307524886851503
1.2725713214377843
0.8818053978680936
0.3708356522200674
-0.31008105949793463
-0.7036329839455653
-0.843279611590044
-0.5249149284867209
-0.009440372486118065
0.6203549657522421
1.020807651503479
1.1212391684395515
0.8126628040569298
0.26500660136579074
-0.35112689370175443
-0.7797296452138133
-0.8608309488178435
-0.5786249088999665
-0.002576833115706478
0.5867666099680808
1.0599340306520846
1.1108669309647634
0.9071970262945744
0.29208902186541463
-0.12302322236607297
-0.658679056015369
0.07065497323678
0.11480277497611377
-0.9672723351368201
-0.8879424432875278
-0.848319282047175
-0.18407919309024148
0.3172779613564071
0.8937008450197969
0.9645768077417268
0.8120655650331308
0.23405258594657352
-0.32586277502306643
-0.8248207125572835
-0.9418411823221645
-0.6702763526851301
-0.14831842038442014
0.8863943510859782
1.2413192407468412
0.2908207187185977
-0.0930776883045158
-0.8630477475686446
-0.9361029650019648
-1.026823977826571
-0.348214260118404
0.018513057148608326
1.1799459923143845
0.8532983120752169
-0.49920876842527145
-0.609917959265837
-0.7835472830011295
0.27790296645871876
0.13388613528459858
-0.8688143495984838
-0.4638409467071442
-0.21132198508687028
0.5489825733950683
0.8394584724921085
1.125246479922431
0.7364677272476081
0.3466578452034264
-0.4246167867590504
-0.7614803448548353
-1.074304408612055
-0.6949302653020065
-0.3506008594895152
0.438355804695359
0.6972831431418041
1.0629315371173074
0.5207858819732961
0.3078513427550783
-1.173279432045176
