0.7746543335989362
1.0488972963012
0.8286727076693131
0.3646029862982597
-0.28510484843593187
-0.7756775058758233
-1.010292629121715
-0.8181283941720375
-0.3555007200799783
0.2802363216854809
0.7596662154262362
0.9880946682914807
0.7741460470942256
0.3155523928692631
-0.36600604539461257
-0.8114500437231849
-1.2206008701042945
-0.7292539656276315
0.12222938301167176
-0.32753213490312233
-0.4148308423346716
0.058429434036707646
0.614481916948093
1.0069462747156117
1.086392653037869
0.7720257755376966
0.217431481441271
-0.41825572298910335
-0.8517087617295979
-0.9687957330409662
-0.6861534083915565
-0.15780123645240376
0.4400462293945072
0.8493363595740655
0.8925767081310435
0.5801670541264419
-0.2823999143587208
-0.9614773622006103
-0.6733610575107711
-0.4270842208426549
0.318321889713514
0.6950334174514119
1.151645488227381
0.8023854752278735
0.6309679145697108
-0.8415271741931731
-0.693570544438158
0.7728496133922043
0.7426852694535436
0.7821888313589896
0.14449684922218964
-0.3338447929573074
-0.902457111341792
-0.970865048321748
-0.8192960407441999
-0.23192006950462446
0.3292880079287266
0.8668805281134965
0.9809134115011587
0.808117048295041
0.24921262044316297
-0.32753695035128033
-0.8459191227337164
-0.971885398748631
-0.7854152006006009
-0.23600404575305403
0.35086383074653643
0.8614843214076332
0.9951602653091932
0.8022044890463067
0.25880202066276126
-0.3335818746161799
-0.8394357661596183
-0.9778722846804934
-0.7810822883378666
-0.24183917866397872
0.3536625566130497
0.8558442993293945
0.9968371146497258
0.7967760234297341
0.2596412748193286
-0.338796862506863
-0.8392331439429297
-0.9828796364017927
-0.7813712275173037
-0.24664872211647149
0.3529886453469991
0.8512208884446103
0.9958577236427364
0.7923264370238228
0.25841643503183287
-0.3430848806188911
-0.8406576264405923
-0.9870179163432745
-0.782960109436108
-0.25064847647892563
0.3512626501776054
0.8473491482514073
0.9940158267723248
0.7885729212148629
0.2564751518727422
-0.34672925611475325
-0.8426854552147811
-0.9905615658985546
-0.7850645533382092
-0.2540991910572432
0.34908918862007554
0.8439841504296142
0.9917790506265802
0.785286943100807
0.2541792045829261
-0.34994244091518684
-0.8450377338936268
-0.9937077615689843
-0.7874714321354497
-0.25718382551451163
0.34662848018968273
0.8409559821485185
0.9892644321315684
0.7823104378287101
0.2516098237737897
-0.35287183344333956
-0.8476634476624525
-0.9965943760841813
-0.7901557365837382
-0.26003181750954835
0.34388265185749073
0.8381426005893159
0.9864534644469385
0.7795277619746379
0.2487293943366014
-0.35562763804377484
-0.8506184110837625
-0.9993271126238142
-0.7931911183579504
-0.2627452999901908
0.34076007144898857
0.8354445009098818
0.98323590088438
0.7768410641150956
0.24540792168674833
-0.35830708533089356
-0.8540540320077028
-1.0020037020792734
-0.7967526542595693
-0.26542375111701105
0.3370590593609881
0.8327590381650253
0.9793797234907194
0.7741428815145291
0.24137834385370902
-0.361024413982453
-0.8582783188123301
-1.0047475227075013
-0.8011967019791688
-0.26820258722840207
0.33236559701007634
0.8299351523765481
0.9744014808770843
0.7712619661869271
0.23607279233180897
-0.3639768586045014
-0.8639627901833355
-1.0077892828459287
-0.8073233583723686
-0.27135577091363916
0.3257183392738757
0.8266426997580939
0.9671352223477616
0.7677947014183755
0.22806235197370678
-0.36766492879707724
-0.8728791366245393
-1.0117585204316466
-0.8173582214764502
-0.2756865663833579
0.3142798246190106
0.8218416402619912
0.9539017426688344
0.7623740877984889
0.21248216564586048
-0.3739131960883847
-0.8916094540788531
-1.0191279636583979
-0.8404554368478983
-0.28459190802116585
0.28488011878090536
0.8108326189294189
0.9149176903671052
0.7486077104348631
0.15784268903824028
-0.3903883353572144
-0.9746820332632232
-1.0307330659495042
-0.9855536407778852
-0.1515076675545455
-0.08258957549332478
-0.3268667769148779
0.31469269224843016
0.7492584619371914
1.1273286041551602
1.0442422745425952
0.6830819411943995
0.05930976430028966
-0.5156191806367523
-0.873755850805052
-0.8569855242986889
-0.472254655616661
0.1110199993186763
0.7169786164868202
1.0461302007206394
1.0750934838766586
0.6666987411655902
0.1612242586163996
-0.466731264303469
-0.6268787622475226
-0.6783504046968903
0.4713002732610537
0.982386385409089
0.10736528709621393
-0.30021836573183125
-0.9521591691284975
-1.0585582866294772
-0.9890490157607198
-0.4273017033946592
0.12521665098041973
0.7142396377682639
0.889004951768316
0.7909698387272117
0.2689396040396357
-0.30082608341433215
-0.8642018256081602
-1.0511109907201655
-0.9354707393335161
-0.42284081389982525
0.15944424218294348
0.7150536562776414
0.9110141993743259
0.7886406756350735
0.28254743974094393
-0.3058005024051469
-0.856798116434817
-1.0583910933174503
-0.9329562540013379
-0.432237934374901
0.15785783463448164
0.7036022255312832
0.9057717728797865
0.7750888127314643
0.2738463971323025
-0.3216019690658665
-0.8689611346495734
-1.0767002543637145
-0.9487711402479563
-0.45344055775536835
0.13800222994369626
0.6789573886917445
0.8812467672051882
0.7462304826312559
0.24370427993350652
-0.35576627834192537
-0.9061270266833765
-1.117751048770745
-0.9950738857117357
-0.5037404579935159
0.07928675678924298
0.6157126748225256
0.8047747845124711
0.6638912167220256
0.14005753804823973
-0.4683569978124809
-1.0558130962484045
-1.2835662935085757
-1.2431488750993411
-0.7777127022357018
-0.3514044399183155
-0.21296458234224708
-0.10460690269659946
0.51708221997786
0.16437752327042246
-0.25950704856627965
0.25556658745907007
0.6888403760284465
1.141465141098656
1.1657695367356875
0.9108623984769134
0.30888226955594306
-0.3000782992557232
-0.7950773371937918
-0.9202543024964003
-0.6575535831230085
-0.20434260724213388
0.19702600897657396
0.8197135961138895
1.0275519939254205
1.0345778371301027
0.5215705983852721
0.011690916524465167
-0.6814976727578924
-0.830491502356876
-0.9729844328612178
0.017986847741274174
0.025588892371623047
-0.6880792348730683
-0.11562870427183597
0.2719585936967409
0.9126526952691917
1.068485843937795
1.0399556907843686
0.5156667200921753
-0.03893486206983545
-0.6575002017740128
-0.8900125568966025
-0.8497315515888325
-0.3701859118280261
0.1910558904233662
0.7800163168766029
1.016328298074904
0.9548667489904172
0.4774085094375821
-0.0998174804920111
-0.6877861492634205
-0.9366369809758432
-0.874918871499196
-0.40758904285099895
0.16937982188255354
0.7489782003216011
0.9971995650188054
0.9284369591689539
0.46019806237357047
-0.12278778242723115
-0.7035127862620413
-0.9569362832560367
-0.8894758958132842
-0.42578010627873647
0.15575633868808753
0.7324804489848775
0.9843263562500276
0.9133180209432029
0.4479287019310742
-0.13677207661752752
-0.7152983808195509
-0.9699795830904941
-0.9008786288142717
-0.4380389960612979
0.14464967759928857
0.7208770565591901
0.9734393932805661
0.9022621595551714
0.4371926852073528
-0.14737235499183618
-0.7259467675303278
-0.980203900857894
-0.911499044348008
-0.44795747928804847
0.1339997217241562
0.7112015595503158
0.9627031877675634
0.8927722941431182
0.4263130616273968
-0.1567299253281927
-0.7370286837361516
-0.9894797548300936
-0.9228451316303772
-0.4572005541342083
0.12232316510713659
0.7019429384644725
0.9506238334514014
0.8834494219990583
0.41375065373617226
-0.1661671294880519
-0.7501646323091488
-0.9990837919105847
-0.936658209023039
-0.46702747789698607
0.10771261264085365
0.6918322561795548
0.9350739424072226
0.8729878502979183
0.3970917228469255
-0.17705463559024026
-0.7681387112070981
-1.010482078400756
-0.956201824284255
-0.4790332691713023
0.08627994693041768
0.6791082845757913
0.9113430474136557
0.859419585398731
0.37052692014180955
-0.19160808474237842
-0.7982568444767171
-1.026169465152269
-0.9908691276888233
-0.49598688882818104
0.04563367412734709
0.6608465147165078
0.8625697398676015
0.8401242731753096
0.31020736307005187
-0.2105884262396887
-0.8759970344532344
-1.0393691631086475
-1.0972449646536495
-0.4764972940883761
-0.11434293513173009
1.0075585455131852
0.5820597689835398
-0.713671154992188
-0.7653202247342729
-0.7150414337726682
-0.1464181518200419
0.38185482760399947
0.851007814165989
0.9421501480603456
0.6772842367767699
0.12876548435803903
-0.5313675185143761
-0.9896854820075189
-1.208188013182144
-0.938898144890316
-0.5784004973457394
0.07705977229840437
-0.06720728999762031
0.08660527759488099
0.6671688834118312
0.7300297098520676
0.0010687589680816246
-0.7053715574747921
-0.19337326402688773
0.1587122558839958
0.8378446861489129
1.077224989042857
1.164484460281796
0.7147079347027334
0.19077141440553294
-0.4862841156223967
-0.8145827378049643
-0.9067742141211472
-0.5131222579417628
0.0022146697453333673
0.640098828913628
0.955786099081307
1.0190324717832004
0.6070004647332289
0.06969192641306513
-0.5960220097162987
-0.9281905880838629
-1.036701870161434
-0.6357067432363418
-0.181581398496729
0.48100088061902196
0.6194481677983875
0.7445275182736708
-0.573569246712635
-0.8841085434329871
0.5921442162367587
0.12087745612068358
0.49077949719596237
1.0808189421261938
1.1495043014176907
0.8223307953102582
0.29077832495890965
-0.3606407649748183
-0.7327963397083453
-0.8593238179502691
-0.49443849061925166
-0.0009671951021545056
0.6882901692682802
1.0131107766806617
1.2080987086166965
0.7448706226751611
0.4061057983257044
-0.7765502059321578
-0.4685070574924188
0.8572821642112199
0.6590954244691668
0.5971305069755335
-0.11818436206103121
-0.234314941030397
-0.625350836406618
-1.0753960501222466
-1.1282584800443314
-0.8055947342960913
-0.24866523059754633
0.38373595926728576
0.7985541741317826
0.8985067701534882
0.5899863160662223
0.048201468469678106
-0.5726634018604104
-0.9840217605672007
-1.0773177077968923
-0.7715422231209955
-0.2278886446592801
0.38563687539223346
0.7938211615775852
0.8750181320536602
0.5597785125398121
-0.0026370759456765427
-0.6352253775363411
-1.0743355761445657
-1.1930753158325316
-0.9393093625863369
-0.4641152117793926
-0.055784708366639804
-0.008339600385755062
0.2707311743753607
0.8044324469759452
1.0980478709345778
1.0846330348986926
0.6893784441448861
0.09410365461077652
-0.5215150777388077
-0.8962650312377178
-0.9241489673964907
-0.5706249409586089
-0.0031791365734035824
0.5833473120336596
0.9352446985380322
0.936906554863557
0.5621360363486407
-0.034594603828896196
-0.6428875741182821
-1.0359048101675017
-1.0627597387855006
-0.7597882555902491
-0.19559868248389614
0.24525016722694035
0.5883937057336824
-0.18890160435755105
-0.6261638161431088
0.570497914928767
0.4307599747784342
1.012487753315017
0.49441682607434023
0.634214904156752
1.2032799428524714
0.9480272703885821
0.44759406398024926
-0.024418385619312005
-0.5622069063923207
0.05595040835623638
0.08288856726597692
-0.9494719099471086
-0.8557737918884614
-0.7840197946860852
-0.11629626211990274
0.38728203594665356
0.9387887163774749
0.9843897817039993
0.8035267121671482
0.2027381731612077
-0.3533615977497216
-0.8656118228228554
-0.9435536559899624
-0.7370832270769915
-0.1588462201954762
0.4151353016696927
0.9104266354548931
1.0014736452646946
0.7815786155776917
0.21330527603218963
-0.3717119312108375
-0.8592018328806432
-0.9595928828233196
-0.7334364387752959
-0.17327032332968623
0.41688305300402373
0.897188298590581
1.0018784520078523
0.7692310503793074
0.21273508116061243
-0.38339148724888816
-0.8604991749548637
-0.9707885703663065
-0.7352932441953902
-0.1841492908932666
0.4145779449172253
0.8864583333616324
0.9991931274777622
0.7584630886172894
0.20970075017199116
-0.39442916097079866
-0.8638882060888554
-0.9824136180551978
-0.7390860529917824
-0.19684113873722875
0.41027614463923157
0.8719027807063374
0.9942130631561309
0.7405670524533727
0.2039065031418254
-0.4188250683360848
-0.8694055315983549
-1.0218687587441098
-0.7171450086850073
-0.29494349598070974
0.15129717679618995
0.7442149002839092
1.0199570301997136
0.9879414531304054
0.5602139728591381
-0.025804633161050788
-0.6101926355779536
-0.9184857237520322
-0.8732866285289199
-0.4601928963340102
0.1466557556757067
0.72396844334294
1.0696446015433227
1.0236381433586952
0.6951560511563201
0.10020641937921045
-0.0998532223646323
-0.34357758598138505
-0.9978174558686742
-1.1143030470537474
-1.0524773952600344
-0.5115446652839298
0.04281328915968544
0.6429873524899082
0.8333248776389812
0.7629393507901128
0.2354595202395199
-0.32396110588137855
-0.943412134488504
-1.139101411054212
-1.12824366947106
-0.6089182954294963
-0.20276845751088138
0.39684615758031294
-0.11332144125877171
-0.25715655685844874
0.5962643815445513
0.909901436962795
1.161403552181948
0.8640707255210547
0.4023375212358677
-0.28024342619829135
-0.7393758972886637
-0.9698343850135748
-0.7390160149042126
-0.27514145870889867
0.3701663000950067
0.8243143645927334
1.0319504868548273
0.7907311734641603
0.3126746375502475
-0.3500964708583439
-0.8121636010302267
-1.050584534384779
-0.8113441507140459
-0.40036909567063517
0.26880592195384373
0.43674152803051736
0.7020636015707085
1.0819163415821775
0.8259157102372701
0.3761689953583978
-0.27986553980704776
-0.7600765350153182
-0.9814563947844765
-0.7822625031753299
-0.3027940985270012
0.32452390818660554
0.8164566804441916
1.0195592325198828
0.8263448502905388
0.33362515525706304
-0.29013831179854116
-0.7925275343308994
-0.9932357783135487
-0.8087309137425278
-0.3141894198376198
0.3021567782964333
0.8061082343497835
1.0007104826854634
0.8176903896373056
0.31910588983290983
-0.2957295644205518
-0.798953873211998
-0.9919865045429507
-0.7925673199692367
-0.2923114881620351
0.45055562492234497
0.9604003924720231
0.8169996347329019
0.51840419935914
-0.16279785868673463
-0.6713216410594237
-1.1334949009689013
-1.0218237975994728
-0.8320379159642899
-0.014136709413606256
-0.018229028147743805
-0.09893489892266007
0.4701247908568581
1.2203809513881674
1.3474088588377986
0.4591929953127356
-0.03864721724415654
-0.7140316087764669
-0.8668539983000553
-0.8153276267170132
-0.28095865544244125
0.2632101917731976
0.8393914977331222
1.0141357794554378
0.9099393419319033
0.3882179408185906
-0.1902961338453038
-0.7584001764126566
-0.9582645859403136
-0.8485879646283889
-0.3468124779429077
0.23556883077867474
0.7867114696308458
0.9893846535877838
0.8643419142412025
0.36466341465834223
-0.2325316598860753
-0.782046968705165
-0.9999305026197888
-0.8735355789643321
-0.3905208270438614
0.20793821349660085
0.7379229586900549
0.9572014720298057
0.8062088259716683
0.3250281179238956
-0.30701134957569326
-0.8342240524899119
-1.104103925757398
-0.948498696425574
-0.5549408123159026
0.08533290029798389
0.4187992096203226
0.7039740708569527
-0.3175838894139884
-0.7012809105552091
0.4581567238557546
0.7147067583496345
1.213834548875687
0.9211077396797136
0.6508002941784651
-0.1311004501762883
-0.5367462980334506
-0.9913470548212291
-0.75020138215929
-0.5027485204435672
0.2788275980765315
0.5822600391645038
1.0987615833371243
0.3261561514754737
0.38592843779502045
0.9367451997221168
0.4986062130797052
0.004614751152243684
-0.5927972553172957
-0.934093476567951
-0.9093656361825093
-0.5584896829215166
0.07073166840664638
0.6153730644543787
1.0335234711709969
0.9644927507507035
0.6837868459441998
0.006449970975861988
-0.4439461553949453
-0.9282920470019682
-0.6717280048284999
-0.511312399965314
0.9937004539791965
1.0392084581486296
-0.4390209802159573
-0.6606144700941519
-0.9954310770440595
-0.5870440478788419
-0.1668309871523098
0.5335863981405908
0.8837905451053631
1.0494082567971426
0.7046040596232885
0.2079620958951586
-0.4542178943620054
-0.8485959446507451
-0.9886829557539514
-0.6729301747675174
-0.15807763517414497
0.48339521287917936
0.8913709043396343
1.0158585917150165
0.7106074250210067
0.18351606110072358
-0.4496323070764635
-0.8675157594796756
-0.9852656297534111
-0.6882387907504158
-0.1555987948443979
0.47057977677640256
0.8931005408748879
1.004839063446044
0.7117387018393865
0.17383424505024722
-0.44898003698275174
-0.8761740511817043
-0.984997566147951
-0.696096777361692
-0.15563891210899333
0.4633586662520065
0.8928140427591067
0.9981320488324921
0.7112569252371921
0.16754700709488266
-0.4496139382074367
-0.8821153719016863
-0.9857462049403389
-0.7017509658025597
-0.15646888299679676
0.4579442058608063
0.8919336900250935
0.9929187321816936
0.7103560680654165
0.1625032984154456
-0.45050515369951843
-0.8870151525467186
-0.9865959608229103
-0.706527380169536
-0.15724211125242735
0.4532753708993741
0.8912772006209544
0.9883465075544776
0.7098640661172235
0.15802200698742633
-0.4507742235027018
-0.8914048805802209
-0.9865686449204611
-0.7108168484508584
-0.15682388391199792
0.44910577285616726
0.8922106930794861
0.9843318248260547
0.7114799873018731
0.15421990725206863
-0.44824611287396693
-0.894902514179487
-0.9828049007068813
-0.7138647884681099
-0.15135683795284263
0.44673863196262764
0.9000784438557109
0.9830199386310643
0.7228272907351853
0.15458748577245168
-0.4316737533443482
-0.8917726384334926
-0.9580186287236868
-0.7059894631980658
-0.11284198583917507
0.46327313870460374
0.9636138723855439
1.0168104243865428
0.8384862779915112
0.22792987899018352
-0.17737377197620446
-0.7007879132557441
0.040112851383511325
0.22325410256205727
-0.8447604670136416
-1.0851007236271144
-1.3919470809177608
-1.0266184797211135
-0.6774140148597257
-0.028231718648688002
-0.06575676188941022
-0.20757841894427703
0.11710531222351923
0.6668264710397298
1.0202765313206899
1.1019389035036056
0.765995738899664
0.21761251581810803
-0.4295605459615508
-0.8532221925468229
-0.9746363606561137
-0.6796841292619864
-0.15207648231206905
0.46372651382916763
0.8748252560291462
0.9665546185833076
0.6632807012869277
0.10119382083945233
-0.5199310677943825
-0.9810480743978214
-1.0725177570883957
-0.8669813595876805
-0.2520227390713381
-0.019366858283009037
0.041985112845119035
0.7064091174430648
1.0053414804603842
1.1748539600241956
0.8146568812557746
0.32666604625457957
-0.36243496806400394
-0.7583054860802566
-0.939963479317549
-0.6214676911383296
-0.14222031978067243
0.5263467001755618
0.9144360869692666
1.087107777075564
0.7607312511593001
0.28072167938126447
-0.39654270146287596
-0.7778987213131151
-0.960809567268761
-0.6191256760068755
-0.15187816178273555
0.5526486373861691
0.9171197121919173
1.1472593065748682
0.7815461527809924
0.4023519712776693
-0.3400807233244916
-0.502294513919419
-0.803627202886106
0.48924857689475004
0.6567923131545227
-0.6593440723222157
-0.8397401347253405
-1.0949714012174858
-0.6556718837882489
-0.19564464406760107
0.4937204625301435
0.8347800702696109
0.959285810207663
0.5956837409970298
0.07764882257623723
-0.5682805840999193
-0.9427691698520605
-1.039840681653733
-0.6984305847171666
-0.16222876478571516
0.4675534701483369
0.854196491089419
0.9387253527110484
0.605152371697252
0.05872647013827907
-0.5666719335669914
-0.9619321618478309
-1.045214368291522
-0.7190092463672519
-0.17465434271832903
0.44459199770047314
0.8336128241952047
0.9124543503881698
0.5736926390902543
0.028561084350395134
-0.6151222065852476
-0.9928407552237911
-1.126666545209705
-0.6816959796932672
-0.3626767832419623
-0.14176338812087894
0.5130981059031012
0.8485900326595733
0.9895804086612106
0.6378329827680774
0.12637401216722202
-0.5621333676197122
-0.9665025437528928
-1.1677417902807725
-0.8534060638437004
-0.47407710607214143
0.1753986804497639
0.012142439452714144
0.06084328594959084
0.7982504986794604
1.047717331457741
1.1228940585216278
0.7159003643861354
0.16350139201585923
-0.47993477738729956
-0.8547869188873133
-0.9216873934892786
-0.5760469837678723
-0.023529708813480283
0.5814240151087717
0.954641332188095
0.9931233800568682
0.6453870366544868
0.06836687484275689
-0.5387796984959163
-0.9378159987012757
-0.9784637753338554
-0.6687437488535807
-0.09401909397974617
0.38447187359108387
