-0.6329911493735656
0.5064605209396131
0.161775882866375
-0.05242087189004241
-1.174109599741213
-1.3947904178969956
-0.6104833285145932
-0.07920731067783496
0.5963022794784855
0.8793041837312116
0.8773759543895567
0.4695741389772421
-0.11287002591739019
-0.6113394357397289
-0.9627024452314077
-0.43827311141874686
-0.3086496037026891
-0.9401724704110954
-0.28555162941429313
0.046067316516007255
0.8316731807785746
0.9251124768063976
1.0997407633325618
0.42613271410837644
0.12323868121108512
-1.1362998013959964
-0.751666052979818
0.5855172689113518
0.7964876273961911
0.8956305507707082
0.42336405303978575
0.030411978325195835
-0.4051757675540657
-0.9017139849993021
-1.0422411722619973
-0.8759565716617624
-0.3262572684840395
0.2772883365360177
0.8595734284185513
1.0525257859497934
0.9753913236483643
0.47423703213458873
0.017818740145486914
-0.4797412544573162
-0.12817897156227628
0.3151369059766087
0.002568555826249167
-0.49356686279383283
-0.9989025264667951
-1.2284961424707295
-1.0974514973672762
-0.636787775829289
-0.0025711795973527387
0.5505843493896933
0.8457549957276536
0.7404181202929174
0.31878038744125853
-0.29886063153889336
-0.8259036691594719
-1.1092635813725087
-0.9851441358051737
-0.5545405887929624
0.07729257795172935
0.6114412059170745
0.9059160986437345
0.7876017131775532
0.36594567990223165
-0.26104053350997886
-0.7878260990913029
-1.078190893898599
-0.9537048203138242
-0.5285266583675298
0.10371622740038945
0.6335390843098775
0.9284470031574951
0.8065860798976009
0.3853892941424617
-0.24458914597553286
-0.7708742863553847
-1.0638426613212668
-0.9387927466182167
-0.5159577011725738
0.11694011295268046
0.6445756726024301
0.9402624582538534
0.8162793603585248
0.39602418963822306
-0.23609527689612897
-0.7612296597749596
-1.0564412887684242
-0.9299749755128496
-0.5095741580429604
0.12507595094312116
0.6499854796809326
0.9478497108586952
0.8207273196351607
0.40319060090895104
-0.23263551579240954
-0.7543567570938363
-1.0540473279634397
-0.9232647443338341
-0.5084004500487588
0.1317583176500054
0.6496569263298079
0.9546330360897132
0.8183811337703565
0.4101553818630768
-0.237988526756711
-0.7473271831624223
-1.0644880178066205
-0.917024260330695
-0.5290032230737707
0.13333240869054128
0.6029082361703129
0.93118673785354
0.6484382396736122
0.13073187762746857
-0.5039026251583335
0.461635882803771
0.7532915349127235
-0.26382115882086327
-0.6514766851022589
-1.1240982676139328
-0.9907598168515583
-0.6888225766668785
-0.018063283206846192
0.4974491885744375
0.8993156074101618
0.818155029658541
0.48600667108724604
-0.16049608102088583
-0.6918818064050067
-1.084068731762422
-1.011648167169021
-0.6796949106158751
-0.03749190800089104
0.4851575260390688
0.8764217293798588
0.7859529838339782
0.45623607597299615
-0.21648932008135535
-0.7332540070417042
-1.1752035695192515
-1.0737021412826426
-0.8347765881702793
-0.1422132539432944
0.1742384981192315
0.6547778115241647
-0.3268939159987743
-0.47086784300264395
0.6798104362510272
0.8376827986373565
1.0028640938887285
0.5356339654176884
0.020071420013798844
-0.6530751016870479
-1.0130895019074804
-1.0892130341185158
-0.7715110836727204
-0.2282836538382888
0.23862282968427212
0.5869811745398298
-0.06906593956771717
-0.5755794959376193
0.15936823208769932
0.5379702461727524
1.123685458352717
1.130749377874983
0.9945885718688299
0.3605460320207269
-0.17559833750181567
-0.7483592180834565
-0.8280558981788568
-0.6870675414191665
-0.09271350932782411
0.44634176731675884
0.9969929671128459
1.0789361822968209
0.9275594189699857
0.3351721699080351
-0.20466200561517928
-0.7534662661858987
-0.8264483093973315
-0.6732559173387469
-0.05969227002266365
0.4820017630399303
1.0708629744221072
1.1458940296152116
1.0693885551134008
0.458660377058135
0.09227244050279182
-0.48896419989707424
0.21405624717776625
0.3680915732460422
-0.5613285757866397
-0.8549302440216104
-1.085184321893446
-0.7620286583066984
-0.2739681838938803
0.4162416537072507
0.8825720486645698
1.1153675740891482
0.8964520739327839
0.49811943058121894
-0.07780734398886131
-0.10019585909152944
0.035096788222993384
-0.43851715789821727
-0.8943354313094355
-1.2393264326006495
-1.1596221610569628
-0.7987867046460962
-0.15636221226830685
0.41099880838464886
0.8114999391158704
0.7802860263166971
0.4507366348066191
-0.16617233876154222
-0.7121817980642233
-1.0985079342566724
-1.0509723234005062
-0.7140210130297551
-0.08352530130496302
0.46516169959241205
0.863675792647443
0.8150012162136775
0.48980083297635
-0.1453971353297286
-0.6818945035110127
-1.088929454822699
-1.0266101212537937
-0.7145664561429523
-0.06280493506767869
0.45424174098845754
0.8832846128311842
0.7920005376506354
0.5125879233202538
-0.1843395979904188
-0.6449923863076381
-1.1515650273625155
-0.9328674608327411
-0.8157491890731479
0.4952420730151174
0.32883585753194206
-0.8713630071809287
-0.5343073885366222
-0.30470362358568603
0.4152180158499177
0.7840962715460648
1.0614586945316369
0.791714563875961
0.3564735931526378
-0.32866412941452966
-0.7908388775342166
-1.0472023241028274
-0.8313093932949139
-0.3823706513619245
0.26740112564567303
0.7388369407156826
0.9699460700972282
0.760327616503798
0.29221767218717515
-0.3534735310566291
-0.8401921490134763
-1.0689711657954304
-0.872060897584449
-0.40313890703891764
0.23156548182322476
0.7176617434057108
0.9365733906989222
0.7375623937417353
0.2594242682579468
-0.37904033186658487
-0.8741142004624596
-1.0988080160228046
-0.9089611973967533
-0.4392720150397771
0.18932075975982401
0.672134186884121
0.8854897972161395
0.6774275393862254
0.19363346054235772
-0.4635727077431349
-0.9658957587512245
-1.2291762792038605
-1.0526533743016409
-0.6767054227457829
-0.08665275917794645
-0.034493072724769834
-0.07880646163131758
0.44511532429332645
0.8773727917098771
1.144189153646107
0.9870693680410809
0.5496311604743936
-0.0992652077631094
-0.6443189244823709
-0.9522195860694385
-0.8471933700819423
-0.43262651507558375
0.18609212960025284
0.7155535168903264
1.0037664449734316
0.8867216924507454
0.45833199602213154
-0.17049617359090907
-0.7101469839327438
-1.0074608277609358
-0.8981732481222725
-0.4784475534807263
0.14436445288303662
0.6753598636500713
0.9679905397548545
0.8496731368117464
0.4263666831800609
-0.20625700942517386
-0.7398312728166998
-1.0435589139827763
-0.9268005631790435
-0.5165772317146456
0.11566369734405586
0.6330927215601642
0.9379736777099512
0.8001991930449512
0.39337856314713276
-0.2681089094829859
-0.7784690873772931
-1.1279154071023363
-0.9763856243604583
-0.6474891897010473
0.04182844826884045
0.3770839729245422
0.7918365960678911
-0.1706998693866233
-0.24614962915685948
0.9529713400135618
0.738722110869257
0.701489218062361
-0.07633262364055565
-0.467269505293065
-1.0991905777198012
-0.9010641015013803
-0.8890584597466386
0.43782350681437354
0.2761736572825214
-0.8647595581276422
-0.5132200086392787
-0.2577332388262388
0.45174459574229814
0.794385810185086
1.0367519077462353
0.7152263412665939
0.2641120551844301
-0.45935832093773404
-0.8910718076026966
-1.1854966714177193
-0.9180358655212281
-0.5947546511624583
0.11044783032557638
0.0006803132520999213
-0.13065905633478503
0.4445423244188566
0.8838032374916501
1.1559969536486598
1.0356458962809978
0.5792187627835355
-0.03118247239331174
-0.6406606375131736
-0.8948222715948285
-0.899881364047644
-0.21588076185161664
-0.10504105401928292
-0.3506865777171124
0.3496273442812259
0.7328302391103453
1.2996596809907923
1.0918718738874322
0.4528522113319152
-0.19227876596863006
-0.6945725124385236
-0.8962430595507117
-0.6856399688292614
-0.20007848851606322
0.42646798776254286
0.8948760742806958
1.0805791431706993
0.8540033157436216
0.3556414724006232
-0.2808700651676344
-0.759558010566916
-0.95257100698766
-0.734323691439414
-0.24195618608894393
0.3877755380456099
0.861110239035756
1.0486241457892762
0.8252463802909599
0.3284950145116054
-0.3064680679117893
-0.7831532154808606
-0.9763136351591257
-0.7552562190815921
-0.2649382756685763
0.36881914823483514
0.8377732928543125
1.0310447729202947
0.8001748497709019
0.31166869521138596
-0.33530540497103595
-0.800044424725575
-1.0124008726851954
-0.7735845964135099
-0.3152359132365448
0.34614238925618007
0.7564209633693836
0.9961157800210182
0.6318232752933987
0.23387690319392687
-1.0180921369716494
-1.2045205621351691
-0.0468116092909782
0.3690662620522945
0.9905441758534422
0.9388480749475643
0.7785760360210129
0.10617248950635676
-0.38553572389572716
-0.9264262557763038
-0.8909093969037173
-0.7271645942121082
-0.033372687525644665
0.39155796777254176
1.0059696529603617
0.5747031414814724
0.6741490626039331
0.9477832912860644
0.5787599930115138
-0.13364845019782537
-0.1484760711771367
0.27684109742564467
-0.42439528340300525
-0.7749932996433192
-1.3694376464855187
-1.1891646993531908
-0.681490807710729
0.009339047103536785
0.4525607376476359
0.9238722074577574
0.41493226357593704
-0.690736640419083
-0.8730946221059523
-1.0148448927560145
-0.4358214578001431
-0.0879828027905898
0.9406165238046436
0.49981769155955275
-0.6823453232849854
-0.5169076590826892
-0.3302139608737266
0.34554300574699776
0.7822011696054273
1.1406353351175749
0.9840216410027024
0.6119990145625676
-0.05845178400820854
-0.5790969307870246
-0.9341794944448517
-0.8257370982236903
-0.45143562716650604
0.18772565248878326
0.7100039965143017
1.043111462811789
0.9358781624308641
0.5452886104284755
-0.09296276926850669
-0.6278002108863748
-0.9602210068732067
-0.8629679024032734
-0.4718656284603354
0.15826467153730428
0.6934746009612207
1.0191600666809355
0.9221632852186298
0.5253874886555757
-0.1045848854341902
-0.6446355587263306
-0.9702480415440132
-0.8774255987076818
-0.48065138412493735
0.14568941586419246
0.6856720461565479
1.0081020554971192
0.9151514752079105
0.5155717787189994
-0.1109522545764379
-0.6534196380704382
-0.9760840871032036
-0.8853419055804364
-0.4860448918105127
0.13851181513111316
0.6806504388950679
1.001560437382791
0.9104448758440051
0.5095837189982765
-0.11539018503201737
-0.6589206497561129
-0.9802914842411088
-0.8904096826062576
-0.490053444009454
0.13383378161224505
0.6768141598790292
0.9972372253727787
0.9067583930021638
0.5055876947048189
-0.11894604994495621
-0.6626107413447018
-0.9837332409194979
-0.8938093207783756
-0.4933954431333921
0.13071455884431363
0.673559302179863
0.9943937410125191
0.9035794252483971
0.5030208148454597
-0.12205935951648782
-0.6648941298367129
-0.9867904579188816
-0.8957954719047391
-0.49640587390587515
0.1290475586643462
0.6705860827182024
0.9930779272515181
0.9006328127095612
0.502101225200304
-0.12499219142276065
-0.6653551978412505
-0.9897265517048036
-0.8957120838160015
-0.4993700110525498
0.12979472686867408
0.6675548271751329
0.9946569180825322
0.8974681757127132
0.5047537219305815
-0.12841073225768038
-0.6612716665943156
-0.9936353813064579
-0.8896491213857691
-0.5042770534597896
0.13871752232079068
0.6604156953449828
1.0079343904997147
0.8844929768284477
0.52508455986277
-0.16180103615838815
-0.6290135129674438
-1.186855770753223
-0.85217739937041
0.08823482853555487
0.5888275055995467
0.9407457247493595
0.8085176419399647
0.4027225316215295
-0.22573725253758498
-0.7504097955659547
-1.0335125242428835
-0.914224234962925
-0.4777586630658574
0.1424031404937063
0.6842908994057073
0.9614910057749017
0.8530540285312666
0.4120831581272086
-0.20076594551129057
-0.7462754650830835
-1.0183509904927273
-0.9129444899008551
-0.4683116816464423
0.14191939969681278
0.6900501824248632
0.9598044001984105
0.8562375342716233
0.40950180823788823
-0.19950701083987485
-0.7495772850104825
-1.0186216017505179
-0.9168705382628912
-0.4698720593488806
0.1374152104294886
0.687337283730889
0.9547320821014221
0.8524346804524063
0.403841720068693
-0.2043984250748981
-0.7558730015848681
-1.0246575251631247
-0.923880607374223
-0.47717012830778094
0.1295741763422982
0.6785844346370483
0.9458926864325508
0.8419337791681277
0.39376371769412294
-0.21708670891989648
-0.7675405495113738
-1.0401992329972587
-0.9376664942082076
-0.4966070220613655
0.1128374214696793
0.6535409505877088
0.9248145890761493
0.8082667148388717
0.365828498612595
-0.26526791793389226
-0.8074288091865005
-1.116366324306649
-1.001775237110136
-0.6417282677004582
-0.015674807952049265
0.166973063115566
0.43069444835530407
1.0193912292219098
0.9862306506200822
0.7536780559458301
0.1245866981349443
-0.4367124128694454
-0.916366566188188
-0.9567811873109562
-0.7078225564646717
-0.11349408849056375
0.45229955640425795
0.9115784137467502
0.9526867511205206
0.6903548970606174
0.09495184631858848
-0.480255822487885
-0.9416626717548942
-0.9897161920675409
-0.7302720343278725
-0.14016192443705403
0.4315205047444525
0.8888028558408055
0.9327307097580402
0.6700274344309498
0.0751768426595072
-0.4990965608746324
-0.9617875257308014
-1.007769284136077
-0.7512327203979924
-0.15798588007195388
0.4092315295559995
0.8707137778872186
0.908566693011557
0.6511866534469973
0.048482382287896426
-0.5192199398400964
-0.9918494186843575
-1.0298103792217712
-0.7857908499983082
-0.18276724487598522
0.3685746357107749
0.8420499494834176
0.8594103780755479
0.6169459756010555
-0.013000705361878176
-0.5617334347056305
-1.0722620598605321
-1.0852604786165694
-0.8978352466624215
-0.26017638934558396
0.19601525460262786
0.7220142155559575
0.5373647628483624
0.3900711488212184
-1.1149527015669969
-1.3547636543662243
0.14391271694726232
-0.16753193506203765
-0.22438491902235352
0.28509752282886774
0.789939414487923
1.1086048906483013
1.0449718671857136
0.6652124799222188
0.025377667320317016
-0.537005987178135
-0.9457916293678809
-0.8858711764458499
-0.5982918782475931
0.06713937550812332
0.48209145564254346
0.9625877097341682
0.32969129217148463
0.3244399370534753
0.9750079278969437
0.49490549134708683
0.08700488978240116
-0.6082879022729994
-0.9189504114025262
-1.0318198872044417
-0.6485258076168985
-0.12736340277543992
0.5137619446974141
0.8730017056714953
0.9480127629146302
0.5907985768934868
0.039341502907680306
-0.5863331498996732
-0.9724082131620927
-1.0379823985230598
-0.7066953292159794
-0.14970585184414348
0.4488035899355411
0.8375130687504939
0.8722133411479442
0.5410367471069514
-0.054266424682309494
-0.6553799708218853
-1.0968895259381988
-1.1380293864628461
-0.8908734921157108
-0.30957531232298996
0.12040705279500816
0.5247154874900409
-0.1342079320463214
-0.5999771235442429
0.047456628237424414
0.4792750762578967
1.0053083956508586
1.0938462402304918
0.8343569641238374
0.38224161604480106
0.05516075309094299
-0.6569517378027098
-0.9701241707335139
-1.122488652718488
-0.7500538163003462
-0.28904074131390756
0.31732651509869536
0.5694410161207278
0.408909127052375
-0.3654533082695248
-0.5373895708654932
-0.2885561247077686
0.31267077857071596
0.7736799028657408
1.1421740625698085
0.9904048271932602
0.6564997207296321
-0.062204358545872085
-0.5457624409457823
-1.0227790669952723
-0.8403749533791459
-0.6804552473985819
0.32862577043669855
0.1902707867534554
-0.4073567259096273
0.14350770666555399
0.5790019090242863
1.1100588341122342
1.2271411867437536
1.0586348467846083
0.547502771677431
-0.011773746632253421
-0.5418116973542731
-0.8842402977274257
-0.823291871591764
-0.4589312959548678
0.17477040603101723
0.702131094819299
1.0907604099473465
0.9809793528909284
0.6818168597848165
-0.026246224468296463
-0.4248684706767259
-0.9430259103658689
-0.35476236375661857
-0.42692135312869306
-0.07639236429962318
0.07375715240127222
-0.8116769469843876
-0.19582889125270583
0.08896583640523645
0.8482024572682171
1.011725245177795
1.142972806207238
0.6255912384182464
0.15362924461234795
-0.5559953314534771
-0.8083655544121487
-0.9106741628443269
-0.44509412525150027
0.04476259485758269
0.7211380205742353
0.9845871290329528
1.064624456464107
0.6054081642013565
0.10063275243974101
-0.573014290424645
-0.8458827102858435
-0.926337168487747
-0.4719376325207349
0.02933132343654927
0.7025116194202231
0.9684009149092448
1.0530731748375726
0.5872165475740665
0.09593674013918582
-0.5953334657911884
-0.8430891089840018
-0.9572766299499186
-0.46001290862152877
-0.022142396049706536
0.726350307686801
0.8519224535175636
1.089721133672429
0.011326778902137506
0.053282015729282595
0.8391843612428297
0.3601137577487902
-0.0472082767745062
-0.6934288290335346
-0.976918909372788
-1.0077939796425575
-0.6041263189796033
-0.03245586697084429
0.5738537592224635
0.9298565276847632
0.9349475354927717
0.571587065643788
-0.01888296134066496
-0.6000804274455861
-0.9710421523586739
-0.9595074178607068
-0.6089040597854366
-0.007153916117238111
0.5625127813174127
0.9410166700662751
0.9185165284843038
0.5725450067333786
-0.04012442012061706
-0.6077180829114097
-0.9975805832746616
-0.9755871339915926
-0.6419612951531457
-0.03279989221488938
0.5207214289085735
0.9030658660927608
0.8640990925714647
0.5168445435785397
-0.11437601532486127
-0.6922083720642508
-1.106611712172909
-1.1141971095835004
-0.8238826888142627
-0.3011992848675309
0.09830065725918982
0.023133512857098353
0.006182716183949651
0.6400313440752123
0.9843124900714875
1.2526855879338332
0.967427330466642
0.5498147588407475
-0.1727316185709368
-0.6119063755213043
-0.9303368469432347
-0.6793609376252756
-0.301374104310448
0.41275164431473405
0.8132885643340406
1.141193209930491
0.8463536841092815
0.4973752022229245
-0.27363380753204913
-0.6123918404982135
-1.0259361153054756
-0.5830593349164804
-0.39641610878575034
1.0798199477472497
0.8439913289099095
-0.574952820870303
-0.6506563581688042
-0.6599120729810003
-0.1187808527007437
0.43346015710712277
0.9379714557283403
1.127918624329685
0.9098796408525005
0.452422591835193
-0.23255391934210176
-0.641845663432265
-0.9537813412193288
-0.5648457528604759
-0.28220528963237146
1.1298608789491653
0.9980632814484657
-0.5049677828872741
-0.6125399191557783
-0.7947297264893605
-0.2563212833873588
0.21296360184366467
0.85414276003653
1.0659697579392617
1.0495894233495338
0.5670585511160005
0.002744746228205486
-0.6019119016994761
-0.8721802182428514
-0.8290377286547355
-0.38765459242318173
0.19787222451170536
0.7708825178824688
1.0590014722766756
0.9898858339986839
0.5642733950422281
-0.043713659681593076
-0.6021992514147705
-0.9106344916863912
-0.827639843962467
-0.4211717948034551
0.20053136915235203
0.7402625104138457
1.062690731580566
0.9606083870929606
0.5688682153873661
-0.0730299216461724
-0.5967530059731866
-0.9414350581087502
-0.8213279207550047
-0.4552231705284298
0.2078390376411285
0.7004917272220968
1.071418193662137
0.9112452456493213
0.5803725325511321
-0.13878188664244046
-0.5774782473884098
-1.0371734816618983
-0.7694842589137751
-0.6138899508865517
0.5775933520701199
0.35822547189807563
-0.5433177226677463
-0.123784823906408
0.2763675394874888
0.8939188889284977
1.2262356339520475
1.2342498857301414
0.9126435241467493
0.2842005479325243
-0.21176373363471118
-0.6833949300225141
-0.47413904085925046
-0.30055037734336976
1.1458853599890042
1.2627031147914072
0.36162592430714247
0.3626866395717128
-0.4543357670860105
-0.7297655580400656
-0.972643123793378
-0.6290981678132119
-0.14797636484782106
0.5210589456195778
0.9875651625442675
1.1396120417582625
0.9559406662900791
0.3909253416470855
-0.06435265421620938
-0.642819556127656
-0.2124306622185731
-0.3014521307338268
0.3317995340046721
0.5968044666022092
-0.8272644319384226
-0.7120924824809155
-0.9082289088255655
-0.2002543809501983
0.19908451570976593
0.9300486989209951
1.014272415729175
1.0514483756127229
0.4529870354317526
-0.015336837129666322
-0.670511518740722
-0.7883742256877074
-0.7637292990952314
-0.17898987989706402
0.3491171302106586
1.0028183044000876
1.1945664649450785
1.1342554071385793
0.716344753187301
0.5396103429847303
-0.1431005775827291
-0.010582803654710177
0.13974828458201163
0.1368508498709457
-1.0276990168225282
