0.06477559153566403
-0.6778417350706373
-0.9755742868486534
-1.1910501842670176
-0.8564506303773981
-0.38665605740067976
0.3082991315134508
0.735626130860936
0.9522809807840308
0.6785071418106973
0.2122678939983901
-0.4472326781884073
-0.8711607454663076
-1.0647542801693834
-0.7879334986042722
-0.305729461935206
0.3565189200370792
0.7918624801882579
0.9879473982416929
0.719303628559166
0.2392990950102511
-0.41744389131915344
-0.8511124893578558
-1.044747450291865
-0.7759512608218868
-0.303025742115492
0.3435946513322291
0.7930851087130679
1.0197803390368672
0.7828197708466453
0.32219625882051445
-0.3375240041432244
-0.7919217990955146
-1.0212527383255359
-0.7818174113356745
-0.32274150865670437
0.34139068853063337
0.7941541878044502
1.0292843142711474
0.787715265657009
0.3359126501557621
-0.3311468480503497
-0.7747587530676722
-1.0139767066029364
-0.7605946683789927
-0.31466692170937743
0.36833471263589673
0.8029788999651988
1.0652652838199523
0.7964372613562372
0.3879255317996842
-0.3295506267664695
-0.6888075997234054
-1.120378868669742
-0.5621327184490197
0.38846548975632345
0.7757508706058944
0.8686082788481365
0.5452750549673827
-0.023365562693636092
-0.5976179411777003
-1.0009306673183693
-1.0029784605628254
-0.6944333123170029
-0.07936374013723645
0.4792471340706367
0.9146197029687315
0.8980684325729117
0.6166574848117583
-0.02287432937153517
-0.5542508549241285
-1.0254152781714851
-0.976717557153261
-0.7557699364995483
-0.07092893749749954
0.32885059765567226
0.8817155390543179
0.23913723779909526
0.28563432845784464
0.9941950367118036
0.6120959276834372
0.22084544549715987
-0.46429117935690034
-0.8587742616913623
-1.0320160235755391
-0.7470380958365368
-0.2376954653918747
0.397731562712773
0.8471238473190412
0.9887031028579657
0.73683941103631
0.20454786349534299
-0.40785610746721707
-0.875496244474367
-0.999504343503683
-0.7632641310820696
-0.21662256135604369
0.38153531154652615
0.8615279685218573
0.971798792046107
0.7466572736238446
0.18607171558898267
-0.4017459767601696
-0.8965999301278291
-0.9969260318825456
-0.7884133908340674
-0.21797847860679373
0.3502396932870313
0.8551450212662485
0.930921791024452
0.733062824647393
0.1293251370895883
-0.42676473007913424
-0.9826481108811859
-1.0412167048085244
-0.9410707396275239
-0.27092317904062885
-0.08052271911562861
0.1297109549715215
0.6921881331438169
1.0722066171832354
1.0941521206762272
0.8143116241397038
0.185171004328508
-0.36743417045696336
-0.8796835317228558
-0.8704741137320523
-0.6984122145405347
-0.017024119872606377
0.3797674417230636
0.9860821579946248
0.4257458223589813
0.5298439624797698
1.0039813196506184
0.648290573346378
0.09029866446253419
-0.4287381820409063
-0.9359300833610668
-0.7561280017748141
-0.718202426912378
0.6580432944980693
0.1412182387323782
-0.46431993493259316
1.0176819399997143
0.8525879298581683
1.0748864383322552
0.3569414757810197
-0.027199113784356542
-0.7537170539187419
-0.8266783919707095
-0.8526810552782534
-0.2442775592146188
0.2379787945052351
0.9039012966195817
1.0370783718450522
1.02812055961514
0.460337063049634
-0.040076041587432824
-0.6776994163651027
-0.8153504659342873
-0.7876404769403801
-0.21019737463794752
0.2989901728589002
0.9651285246583202
1.0957151197311714
1.1295554305282407
0.5024539575341791
0.13691121365680822
-0.8817488224678934
-0.41539721886093334
0.8379289842061384
0.7473312515198348
0.4856542553524262
-0.14066960935699632
-0.6217210233409208
-0.9455414713456962
-0.8294563135937701
-0.4179010409699663
0.23070252754452547
0.8146389091134772
1.1717956496785134
1.154995458322252
0.7982031170032983
0.29914806664561344
-0.17407402739063776
-0.044510005750248355
0.42284952481590077
0.29087726820864596
-0.15768707124045384
-0.3098271636787613
-0.41016700019964186
-1.0773002998157848
-1.1638541442969867
-1.1885134797317178
-0.5679990188778353
-0.08521586440711533
0.8986855041935792
0.9759964582486235
0.3609653056553833
-0.24062473786992858
-0.7804534817870429
-1.1153081850559632
-0.9715246883304386
-0.6230274624716321
0.08224189656117138
0.512264552267092
0.951671958412246
0.6291577274648287
0.44264477833774696
-1.049415861534832
-0.9735699530369262
0.5274930277603207
0.6820341347634339
0.8910358504742353
0.40742526645849875
-0.07108100794770332
-0.6993121966932916
-0.9726217435619312
-0.9588302701308217
-0.5398708816619906
0.07426584529568618
0.6556480925153496
1.0571810114347573
0.9968410815474686
0.760476596356302
0.029459431433494047
0.0032017490161983914
0.05954503074901419
-0.49103559078596676
-0.9563421058855022
-1.0122246926826737
-0.9714368514286574
0.38454028718622074
0.48507219001380253
-1.014239253945112
-0.8233139958041457
-0.9045983008458379
-0.14734461338539098
0.257636282995323
0.8952611017633114
0.8639105362997282
0.7676561733588769
0.0987552167810662
-0.3707468926051538
-0.9473865273273248
-0.9180737357322166
-0.7683604074589391
0.07965223213092094
0.6555965929905333
0.8181412916351606
0.5351233815698252
0.05127849061933119
-0.6016341334543314
-1.0008597940977182
-1.1596725648022912
-0.8538805207343863
-0.35178815827549986
0.29243765973593056
0.7119659567616392
0.8384926353156812
0.5597685659533603
-0.02086788783039111
-0.6128736051155178
-1.3817926057349683
-1.284137519711516
-0.1670707514530086
0.14937308183185535
0.5970817969557247
0.021366794883561226
-0.5532902026780527
-0.6874313634908709
-0.23236981158908618
0.26045620394971375
0.8498308515666373
1.02075809048824
0.9648998582643219
0.4329197448452236
-0.1179771084889672
-0.7369249812030764
-0.9382891112477674
-0.8968740108442478
-0.3837963101814681
0.15904728905722176
0.7652731473551087
0.9616830654696046
0.911375813553408
0.39494280751567457
-0.15415526642257532
-0.7629225639468287
-0.963598055065181
-0.9154830323074655
-0.4016767105377593
0.1452630332307335
0.7528882940460451
0.9511854732734154
0.903421327016214
0.38676616147644766
-0.1581402060357661
-0.7693883119669672
-0.9635102995894158
-0.9205812229967429
-0.3966442444850767
0.14148181751642533
0.7652392330400153
0.9492210497638495
0.9294783446601467
0.38877808915214906
-0.09620337578583905
-0.7534219677426974
-0.6910973054886322
-0.7882889932226221
-0.8347167770802657
-0.34391565243569827
0.2558657383744002
0.7614810814085871
1.0000521265529452
0.8165014861095224
0.365324153262835
-0.2849600185062556
-0.7701332886705479
-1.0322026442014236
-0.8353885634807443
-0.39858361758146776
0.2616197380020506
0.7364673633043265
1.006772990101833
0.8016436783417495
0.3722649887178777
-0.29524925067719276
-0.7629426456969585
-1.0401390838883537
-0.8277393730784975
-0.40522582538642166
0.27000482258609104
0.7305484630797546
1.0162356031431417
0.7961173820918171
0.38324333522963494
-0.3005728323158403
-0.7498519217448206
-1.0453412099685266
-0.8116724022513147
-0.4102632023842476
0.290382661917531
0.725925715650457
1.0431504212251907
0.7925942863107791
0.42080974811813043
-0.301224584330226
-0.6927353728093107
-1.0380573532243078
-0.7093455723347227
-0.37617076443579606
0.6028086573574741
0.9429410128532878
0.9089376679482067
0.360254421600521
-0.05563755496433328
-0.8358239015605295
-0.780078234068527
-1.1059351015675931
0.4342698189455595
-0.2568904999783202
-1.1051726162194304
0.5419284786907377
0.5343952295810734
1.0173699568468058
0.46683448058011495
0.1605263850364962
-0.6747226348707702
-0.9407646612211203
-1.2621832515230877
-0.8423759126819992
-0.5570550772565938
0.18849586383499653
-0.03980433885652431
0.10900807023058762
0.7800239099525956
1.0761568820438534
1.060481372774697
0.6923086762667992
0.07323028861717149
-0.4989079764935391
-0.9025636013838596
-0.8751804184465464
-0.5577174178934533
0.07101998233289476
0.6089050281435392
1.0302852846586072
0.9712731269109117
0.6879467589730577
0.020728852454027676
-0.44815983620006183
-0.928795906784237
-0.701315968372073
-0.5363284761057378
0.9484348483479055
0.9871851155540537
-0.5496774891190366
-0.6778841277946849
-0.9856621490399056
-0.469155981304407
-0.06816720220493445
0.664513106443831
0.9024807328435641
1.0485617058986323
0.5744176676893483
0.11378177989549514
-0.6078662994690719
-0.8645236820156483
-1.0242375812400646
-0.5405753256425462
-0.12741671894014614
0.6374026833825567
0.7640957883791787
1.037278958781082
-0.09844372293509161
-0.04852935365311829
0.8800977712206889
0.46934333738007955
0.1189925951630114
-0.5679948416643807
-0.9212592148153262
-1.0734745308966613
-0.7513456782186958
-0.23388530515004352
0.40780123807510255
0.8345043816865401
0.9579964206663546
0.676851826582202
0.13838268649991084
-0.4774003439281817
-0.9214314662903089
-1.027266005953548
-0.7621550111064521
-0.2110604080899845
0.3880473164026814
0.8413595827806353
0.9275923202186921
0.6693898149263992
0.09193902044151701
-0.5018710893580859
-0.9969818369513519
-1.077439335849745
-0.9049087893932153
-0.29044301766955277
-0.045345942176286715
0.1360142432587571
0.7472143922678268
1.053623029550773
1.1185530350571118
0.7503299569195357
0.19283122972178712
-0.4378980002208494
-0.8304474724945449
-0.9016380380706567
-0.5710182746713948
-0.015785243638209552
0.5958044757029418
0.9877002838978052
1.049691069664222
0.7191462733130147
0.16167010343815907
-0.44953256104898
-0.8374381646982442
-0.8989761664682546
-0.5573979075465013
0.0004091301920013848
0.63239639350712
1.0203327944612983
1.1188624567385552
0.7768510749989482
0.28897032419093677
-0.3438121739799509
-0.5707361645296894
-0.6676266743643979
0.3999235371863558
0.948205628784832
0.12263425066643487
-0.268630956028093
-0.9342040336074097
-1.0400100811983275
-1.0020898802156524
-0.43125240247078145
0.10091020892273668
0.7243498658291052
0.8931689154129796
0.8413799751765556
0.3042312171042893
-0.23254642381299453
-0.8370347612438127
-1.006049600455682
-0.9441874399554141
-0.40449141097303903
0.13614155498009733
0.7453124038589524
0.9131104199515017
0.8579748361954427
0.3121508202489873
-0.2193957458714458
-0.8405074272174745
-0.9959676682728683
-0.9616118898788037
-0.3979933916895081
0.09316860163466788
0.7443613864891822
0.7514652441906279
0.8052168666067552
0.5411737430111567
0.0347623812376055
-0.6433408520047748
-0.9649342716736147
-1.1408041104251674
-0.7167932692361578
-0.32286982337538883
0.41649035300500825
0.5259896839952519
0.7660102239473866
-0.551509181986201
-0.8318591823710559
0.28915022255967554
0.6874817609466053
1.11212981249319
0.9962436766320192
0.6213052079228617
0.005023067621887521
-0.5713309448456658
-0.8738717137356248
-0.8535084525249859
-0.4054886218771097
0.14268072271158302
0.7835528920015474
1.0260515007974436
1.0788235640383828
0.5660665073843136
0.1205587866554846
-0.6075935353612559
-0.6587604602294344
-0.8718892002160868
0.3934413626144746
0.223799691271356
-0.7315122464349402
0.22734532944476638
0.8422197584410824
1.1074185823299827
0.992875582497154
0.4839725074378929
0.07768373867478437
-0.5021878149480249
0.1714629529547124
0.20843140597222357
-0.6187082770849791
-0.8475775129891755
-0.11810707211947227
0.079525829190258
-1.1671979527800302
-0.9063991349982097
-0.9181110094353928
-0.12543652230347352
0.2776925852597386
0.8948325340923379
0.8151453789971372
0.6853097858311593
-0.01764350237064082
-0.4821917128169799
-1.0536980603683237
-1.0021485151269536
-0.8607811354012149
-0.1624848437064113
0.2687724689081249
0.8640279192218391
0.6720647202750659
0.6140337717082273
-0.8999738712055128
-0.9610057211530565
0.5611972370073798
0.706936643309182
1.061427578562845
0.5479456080547047
0.26234192038118487
-0.5198661757065466
-0.2357292211371613
-0.5018959129991776
-1.090323762079012
-1.1434151529245553
-0.7170840876180117
-0.3007449453495683
0.901960452982913
0.6563294106664298
-0.7783459125859654
-0.6992015366479644
-0.7270726205369138
-0.04644176809728981
0.3977637950623875
0.9608438957284111
0.956863035338112
0.7885575487869712
0.15041550793978514
-0.383309134786197
-0.9184592185337499
-0.9663558276573746
-0.7780349683120006
-0.1740642345415794
0.37484399700672316
0.8855529145306473
0.9454425002961978
0.7385814763743822
0.14437174973264347
-0.4192473727075235
-0.9218279940654643
-0.9938212005043829
-0.7800699315774432
-0.1961275112806991
0.37341475702647864
0.8670497864034779
0.9441915244824295
0.7224548119996538
0.1430270724777182
-0.43380790601559943
-0.9234564655330831
-1.007407444412807
-0.7821311486505369
-0.20920424208387614
0.37078790347693535
0.8540852015304753
0.9408641811074645
0.7092274624760864
0.1388463611069842
-0.4476921197098792
-0.928679696216916
-1.022411181880923
-0.7886479330351853
-0.22593228189182635
0.36262246459657504
0.8347545293613825
0.9305116684274567
0.6858682832669035
0.12541472022190522
-0.4777263546970603
-0.9468683999963601
-1.0650487001553366
-0.8154455890534529
-0.2994809434555984
0.3146131564807751
0.5993440277911385
0.7598380519788728
0.9057742952572614
0.43181858394825634
-0.09509578994611695
-0.7442271799681096
-1.03051765776394
-1.0725592888013538
-0.6400442300503084
-0.13264604196534374
0.48582705102340373
0.6775729109097067
0.6796181922441155
-0.22446590781971734
-0.8851594468446604
-0.5933733674009617
-0.22919254659283753
0.43515303257571813
0.8633426119950481
1.110983655798165
0.8632936939198314
0.4298420077043306
-0.26205839932386604
-0.6750023172952303
-0.9760977280112881
-0.6089137411740858
-0.28379950348118976
1.0946339460965653
1.1181722635694682
-0.34651582243759355
-0.6045649983283786
-1.0482625339614269
-0.6711481710752703
-0.35192717261758727
0.42080296338824796
0.7089760030987722
1.1502546152049045
0.5368733948815384
-0.3774156216229368
-0.7798151216922882
-0.8385685672339596
-0.5177534183575134
0.06439271170043674
0.6264022018218935
1.0155799390703117
1.0010385525555545
0.6695706887099263
0.057076829161553745
-0.5140382409156149
-0.9189826105446195
-0.912432010308654
-0.5901363110372211
0.015167538703408753
0.5806251089458193
0.9789294360681835
0.968829728398473
0.640232590801422
0.03278168690979862
-0.5388292731592678
-0.9382448114487586
-0.9343372558285477
-0.6059908832804632
-0.0049718772332693105
0.5672016577054156
0.9597083183098783
0.9572401702650708
0.6212029310819401
0.022690633064160297
-0.5583791187433229
-0.9469343893619269
-0.9551985274472123
-0.6130575046770748
-0.028121830979145217
0.562588956804433
0.9329834539578536
0.9574370861217206
0.5892813693519956
0.034948536216283285
-0.596172875168284
-0.8927419039420944
-0.9726166735512279
-0.2294138418394351
-0.1983291510946179
-0.680099228820764
-0.04268253489605127
0.366806358805306
0.9683179856389491
1.0229341091047823
0.9165157217895603
0.31035332674182736
-0.2272227863934273
-0.8138221481477055
-0.9250718191244274
-0.8113279458594223
-0.23664425192205693
0.3038253933986381
0.8709428373479752
0.9819889426316004
0.8555934137262196
0.27816322970809726
-0.2705285339189705
-0.8428128276489478
-0.9588588550694153
-0.8402526464091384
-0.26519035566249544
0.2725428254756769
0.8448942477985875
0.9457778923302809
0.8298105115479454
0.23350694557120732
-0.2984804766886492
-0.9017096749691902
-0.9925618915317431
-0.9245977106806909
-0.3114912015478125
0.1365442731684942
0.769119111182487
0.6745440780808256
0.6653219456255394
-0.77844444060921
-1.045566843687299
0.14644241286271917
0.549122278746922
1.054268039314129
0.9598766503694126
0.6606909557106458
0.019120626970905108
-0.5332912182055201
-0.9265364320493593
-0.9068211441116444
-0.5601889205156464
0.03436392964286802
0.6121260259489117
0.9709871116263895
0.9660614127606312
0.5908390887049745
0.0046981580108676445
-0.6002340177979748
-0.9556378843712464
-0.9809097545021739
-0.607580754297745
-0.062455836601330306
0.5319486914893929
0.8121312450829089
0.8044592524103072
0.14441025483379274
-0.5797579358864616
-0.7411765363711229
-0.5209642390212955
0.006380594787353232
0.5980053606390038
1.0204830829302287
1.1157689175991192
0.8217776708526173
0.27628064515178435
-0.351272215084485
-0.7811686348820742
-0.8985473967661568
-0.6074971892777283
-0.07738516653928947
0.5496350409192235
0.9679318086640814
1.0863171363840676
0.7860110242562496
0.25803949775873947
-0.3766992688348962
-0.7919094735655806
-0.9169732372348267
-0.6127020609610996
-0.09070288700657829
0.5488915035248794
0.9585907887315179
1.0894775697909853
0.7799595173674089
0.26489259743937693
-0.37986294116394836
-0.7813011868573603
-0.9174463576217882
-0.5980136781037523
-0.08851658067408345
0.5682876626862003
0.9635605744120553
1.114616064983259
0.7880003765135607
0.29742215007423445
-0.3682818416028156
-0.7387122313816054
-0.9016835833261522
-0.5408393685211561
-0.06797908611444774
0.648348473208148
0.9879248351584022
1.2347862172467998
0.802435790286591
0.5020030815065036
-0.5830845790093329
-0.24860551060002364
0.7360388333187441
0.3741126182108878
0.03866772935710423
-0.6173892579874266
-0.9477271185166298
-1.065708087314313
-0.7229338176512162
-0.18263173064295177
0.45873855392107393
0.89015188519348
0.9959556388553145
0.71975067244727
0.1678488690802375
-0.42002205338517673
-0.8643772223649887
-0.9188882883335304
-0.6599423716953549
-0.04925000760582532
0.510050465638031
1.03689976840465
1.0261218246969985
0.9208280975316533
-0.025512237271088454
-0.014911480427111315
0.5511555924553766
-0.07543086563330503
-0.46947219392917877
-1.017844771442395
-1.0413989874390401
-0.8684702139888664
-0.254295507534985
0.3140591604722637
0.8611023039754756
0.969867961880554
0.8062026071414278
0.2479202236961305
-0.29580412169393155
-0.79366619584419
-0.8429921088499678
-0.5848959350309899
0.21360376592029734
0.7169580043879819
0.8754840170156417
0.3224379696380331
0.10845273729769644
0.21291434473242524
-0.5012989959380079
-0.8720939159642298
-1.271245520299586
-1.04457942551426
-0.7600063534359407
-0.008177136647878143
0.2908917021071257
0.7695712841879389
-0.24158705912901207
-0.26910164160821143
0.9063521651894987
0.8116753459406327
0.7554185484429591
0.08985923939376687
-0.4070360271060073
-0.9490661302074584
-0.9856886748133092
-0.7950689651703216
-0.19003729388210439
0.36679955346241877
0.8745083657944775
0.9454783948113634
0.7330982669694754
0.15044776175603322
-0.4211974748500479
-0.9131624085512606
-0.994709387648794
-0.7707061982163003
-0.19587237318408438
0.3846168208983376
0.8706657829836049
0.9590549064679422
0.7305044436997279
0.1609875433474241
-0.42302419835248317
-0.9049789316250756
-0.9960956255824501
-0.7644795655712288
-0.19705216158045538
0.3891179032402944
0.8695129062947806
0.9619491432754287
0.7292287433674683
0.16230828582846857
-0.42456016009385655
-0.9052725070156832
-0.9980310632520707
-0.7665022238622751
-0.19954133598203874
0.3851681507622724
0.8662859295286002
0.9557710104899421
0.7250312274766811
0.15346251650740106
-0.43003633540168174
-0.917420587188063
-1.0052101349540878
-0.7828785513886214
-0.2090296276001244
0.3631810927703729
0.8535868021964501
0.9260340909443568
0.7077172363717578
0.11249526890393241
-0.4542813639223365
-0.9756933826820431
-1.0405120184645007
-0.8702004487175465
-0.2635889308554266
0.22015866089017483
0.7604150563376452
0.6461045515815412
0.5133383767415894
-0.8626839393078028
-1.2262455237522338
-0.17422131703247498
0.2076166981131927
0.7295991119559092
0.563033891509333
-0.030633069716924696
-0.49909230653740544
-0.12669955551527878
0.3142986370888606
0.9635369215815087
1.2737426094598145
1.3686145531189764
1.005731847985609
0.5447355989483145
0.10979588169075695
0.1663213319766149
-0.09594625958662704
-0.6194174100212466
-0.9920826754716353
-1.0242736470868343
-0.7130127859458713
-0.12296473082743163
0.4860025659887458
0.9314681450377563
1.007510220332594
0.7274026019592486
0.16893788815464805
-0.4227866618758869
-0.8393872473917764
-0.9037397514286203
-0.5916096204421311
-0.023234302958526427
0.6107306952972569
1.0382861526026876
1.1695979396654772
0.8739076753202166
0.44418588149312727
-0.15314404487519515
0.00027119075502514536
