0.7984739144575972
-0.6423090752713428
-0.665332701635768
-0.7331360499878985
-0.11704370299946135
0.3611561232928626
0.986358238816235
1.0833440701429278
1.0428799397893205
0.4449813544757592
0.04216170472194779
-0.5994212203697817
-0.0555549675394077
-0.10764476604159864
-1.02423596078271
-0.9284386213133785
-0.7858263836686461
-0.11771255641983175
0.39268000536949665
0.9115339092665741
0.9104388204034272
0.7048561361350151
0.05649308048031708
-0.4579373309868928
-1.0056154810905147
-0.9585191626751464
-0.8627248867036008
0.07979037895969762
0.07297631922985529
-0.36315199671591214
0.2676907410486834
0.714106088438271
1.2142890497767886
1.2568523056684064
1.0366230923984943
0.5250624225563051
-0.0003174662356379088
-0.013858214565017022
0.2171892753368324
-0.33393398246233424
-0.7476890887530572
-1.1839074452537433
-1.0842707715122062
-0.8205128598977749
-0.1350972833945372
0.34178984613755076
0.8287681073302465
0.6495252507529157
0.43619637410759715
-0.8345083404442735
-1.20278417472641
-0.3268076781717473
0.1445696882431908
0.7978851151915265
0.9868944955296559
0.9309505716680705
0.4333860201516135
-0.14054372124049974
-0.7154821096492208
-0.9504543310404527
-0.859674781714586
-0.3873379590963283
0.20682267702861784
0.7664119779019861
1.0150149479913124
0.914342233114124
0.4521633976666915
-0.14855624684053723
-0.6999699898039873
-0.9529249143917253
-0.8452438474470646
-0.38584714486482435
0.22121246334275735
0.7710444849320531
1.0300103849075104
0.9217406132129333
0.46828449687306706
-0.13846759610947537
-0.6822060285661796
-0.9399762593842359
-0.8252393521665364
-0.369620319137909
0.24422044189324982
0.7912736015344417
1.0570676138448984
0.9471337479332148
0.5009137202023762
-0.10604917868735556
-0.6416460320709234
-0.8974413984483653
-0.7728171357384803
-0.31148636862178275
0.3157225781823033
0.875772246645538
1.162922021125028
1.082827669322858
0.682430517389528
0.157512692735032
-0.1680441589761838
0.019767285146900123
-0.23471256550310302
-0.9130611306242251
-1.0446283210333223
-0.981248521151187
-0.43299449904076065
0.12783694313439384
0.7648130444048455
0.966035734417072
0.9656609151642621
0.43905311505306444
0.01635581451367088
-0.6167576825106641
-0.6869796151246239
-0.7883849176601013
0.5896759468783749
0.8654242450716962
-0.4512986671460832
-0.7244981670987137
-1.1642776361163627
-0.8674623485203009
-0.5179520921118956
0.2072236433870093
0.6454141132614879
0.9670677003730153
0.7508869565062647
0.35197880102128126
-0.3247844131922105
-0.7894211970215986
-1.0786631420150417
-0.8785633189364812
-0.4564264881548411
0.2097741724365971
0.6918503645336043
0.9737948565613512
0.7872326459710944
0.3598799248282286
-0.2955487730968087
-0.7814368241955766
-1.0546492864790138
-0.8709083628148923
-0.43637812952675026
0.2169548525596926
0.7088026656970524
0.9804684892321873
0.8017101582795125
0.36606122409281466
-0.28309040007231445
-0.7757140700031657
-1.0438687358015373
-0.8656042026341317
-0.4270153909855299
0.22188062483895107
0.7169482095071887
0.9850537007292243
0.8087946337037214
0.3703402318374598
-0.2769450306829523
-0.7717107748785953
-1.0385674292974834
-0.8618501456983756
-0.42248492772519375
0.2254077096639104
0.7207627597596096
0.9883713801223712
0.811932244813515
0.37346022678712104
-0.2744600149721719
-0.7687850352594349
-1.0367249328043255
-0.8591286105011987
-0.4212898960829582
0.22789093658203594
0.7212879580741652
0.9905339684722272
0.8117422601504729
0.3751129957990134
-0.2754469448208168
-0.7681007724308886
-1.0386660362073603
-0.8606940796193685
-0.4245696827877354
0.2192794014927647
0.7151446407062466
0.9337293336866456
0.7856289579633002
0.5108627342883411
-0.1685671125484933
-0.6535735247173841
-1.0544093801122876
-0.9136107338123
-0.6094776128658307
0.09755671300299457
0.5121975370690379
0.9824267367483399
0.4566380938152738
0.4240173278139665
0.7086599781825959
0.1359434144235605
-0.3777264431806043
-0.9165614672029819
-1.0702183601334119
-0.9013209589806639
-0.3882498498197482
0.2224885852682407
0.7253537352335409
0.9202949478119646
0.7220906355088598
0.2297667849125789
-0.410960240721127
-0.9044092871154774
-1.1367671518329958
-0.9385342364234552
-0.5033118924814859
0.12456487647533232
0.5030827449616888
0.6910200662583841
0.025673811621344245
-0.6606749953861406
-0.5318488269486987
-0.15782657704710107
0.4524625418851031
0.9184139701905938
1.1307915360525918
0.9392405645198234
0.45155240480265
-0.17936524538362336
-0.6989785562475648
-0.9205681268701645
-0.7608181471557053
-0.27739488581812916
0.33226295229044056
0.8502516245052391
1.056502300874561
0.8967513894907516
0.4016544162729206
-0.20688241844625838
-0.7341182753131952
-0.9383860765797541
-0.786195645416799
-0.2883847370297923
0.3138074342772383
0.8444360681700283
1.0432600307846975
0.8951445590193617
0.3925715508036125
-0.20481302587686478
-0.7396787714235389
-0.9328634978797351
-0.7885737236474111
-0.2793712600492293
0.31451841330057223
0.8572462378276534
1.0472160050033938
0.9123948219024139
0.40024128989150526
-0.18197163119540363
-0.7273484901777791
-0.9023914658703768
-0.7697725585146855
-0.23742037893129633
0.34343027642656715
0.918980869019183
1.0945436830443611
1.0172349542249743
0.4883858413243572
0.10350266471273982
-0.3682738742949913
-0.8204476638127642
-1.0242748366915482
-0.7851957587231533
-0.3261275078053845
0.3654083245224381
0.8176264722451977
1.1177461631899719
0.8607337702103448
0.51179073516636
-0.2174674721587377
-0.46237771047102205
-0.8438949039948739
0.29433068971820414
0.35594151140161684
-0.8929883814914001
-0.7831389102478256
-0.7631226374756028
-0.028210264459287374
0.5241465925304958
0.9851170156616884
0.9390872516357242
0.6499481438048412
0.023864403690916164
-0.5123115071005571
-0.9103137599590004
-0.8724503359940945
-0.5318482298202216
0.09548863019058916
0.6838807762977981
1.09821839675338
1.1275173509472005
0.8353199694599376
0.32842402873767573
-0.05497140702598847
-0.00041683744588226544
-0.138498018732006
-0.7146846528879858
-1.0692899003273064
-1.1953537828832042
-0.8907982060162538
-0.3590666239737098
0.2930758621896275
0.7519829769224097
0.9109530370928296
0.6608623795598125
0.1474775873050141
-0.46822755445928066
-0.9151388673986923
-1.0457357433675902
-0.786540063586689
-0.24825105403789707
0.3757229513885134
0.8471293784917079
0.9871197414878312
0.7552846624083391
0.23081301084587075
-0.35701373585090357
-0.8006845373898934
-0.8776358078744683
-0.5384766490099762
0.2177935810145677
0.7344503688712191
0.764127021750268
0.416418204543914
-0.1435741337390756
-0.7269810626087346
-1.0439917340303537
-1.0446546474644445
-0.6276720685098299
-0.06451066019572126
0.5736918359581971
0.8799029828190482
0.9435627835009829
0.5011670503855428
0.033553440738139984
-0.6541428611324784
-0.760482865844517
-0.9314660562368042
0.40681384792214276
0.4812331252954559
-0.943931992412826
-0.8378006721901781
-0.9086529705955109
-0.21139846791048256
0.22770745554978156
0.8618038968763918
0.8871763328931842
0.812954882666147
0.16652891415725174
-0.2886455940192053
-0.9217180963699827
-0.7131520422857365
-0.7641280799035771
-0.8220339863150411
-0.2988052185308186
0.28575804196844784
0.7767193291466524
0.9609177889484664
0.749412041078728
0.2567391958464504
-0.3784958476391759
-0.8573717935985107
-1.0602734325357983
-0.8431523677208346
-0.35887044744198454
0.2791380818318157
0.7539733422398147
0.9582480028018686
0.7391759274896593
0.2555332983141865
-0.38335812010639964
-0.8579468540696731
-1.062552964080523
-0.8434393404324824
-0.3598598453311095
0.2789781243126306
0.7536068404069596
0.9581328128756349
0.7390603971294345
0.2554193546772559
-0.38344268140150817
-0.8580818539968443
-1.0627435084090489
-0.8436047333808303
-0.3602459865568536
0.27878195619749
0.7529631371816673
0.9579126102270263
0.7381133811922271
0.2551884383958731
-0.3847295076738308
-0.8583032028591868
-1.0644018304047198
-0.8437880634410406
-0.36230565570650497
0.27867540298762217
0.7504719933327846
0.9579352395144889
0.735158779053585
0.25541136696207667
-0.388182637216962
-0.8577824683357061
-1.0683925770153735
-0.8428337971088422
-0.366877683757268
0.280255831802506
0.7452705949042079
0.9604218611538134
0.7292771611549947
0.2592234279158745
-0.394792986305036
-0.851993989355496
-1.0757646627854403
-0.8340105370307611
-0.3749959375203408
0.2939401602172101
0.7365559482987076
0.9823812513402667
0.7204890466133225
0.29660622018566457
-0.4020033807868441
-0.7813654519850542
-1.0756992823462643
-0.6693781109073713
-0.3417422651194844
1.0319367793580467
1.0741686623890487
-0.2615657364836899
-0.628452693835352
-1.0974994555972697
-0.8816257680821216
-0.5476866798560761
0.13959728988325565
0.6064885957242172
0.932903322429277
0.7633433157623745
0.36308343405341625
-0.2992956592164012
-0.806726003078084
-1.119578586988458
-0.9792559338931351
-0.5727512293242942
0.06571630549494842
0.5737371052434815
0.8647825223102187
0.7197868840485996
0.2912506870520973
-0.3578162353720866
-0.8905115817881488
-1.2002056763676763
-1.0861982695545074
-0.6896232018542611
-0.0857676687281679
0.38608607453038124
0.6106720529913056
0.31010000757037776
-0.41720248354805484
-0.9976841289370962
-0.8473525669479027
-0.5978557960907839
0.18071334202444322
0.07712260400616526
-0.3858633360715384
0.25081965797691597
0.5692981624328863
1.0782072134850182
0.8425773803551806
0.6755098458243318
-0.7568119869766301
-1.0492420168546968
0.10699599477455661
0.5039576334558422
1.074962818648706
1.010260653198436
0.7909358262738434
0.1327150965638604
-0.4024759183842379
-0.8878339420234084
-0.8920258568628922
-0.6440891220549944
-0.027996407343125213
0.5178272548476167
0.9744624966212544
0.9814732541877618
0.7125405356350435
0.09501236518333983
-0.4669564410553074
-0.9279288146078335
-0.9478870598339662
-0.6858331095784788
-0.07912445249521619
0.47311462616692396
0.9245882409134049
0.9308702129694814
0.6598586292578342
0.03293301378374105
-0.5288103543907784
-1.0136698788817624
-1.0323449748199947
-0.8305437131472072
-0.22716365687795337
0.049573438451456925
0.42302465126165273
0.9344518140611195
1.1084939263277211
0.9185873852077617
0.42940728497451036
-0.2141569794060517
-0.7174732121883173
-0.9600154800572532
-0.7738498097481997
-0.3195606682640725
0.321541924514415
0.8019082598366892
1.043331177203979
0.8396183654326022
0.3853402862224211
-0.2706638315406035
-0.7499913446492348
-1.0051155841223054
-0.7993377200744766
-0.358477194177201
0.30070529802944657
0.766192316923571
1.025790709938037
0.805083892200322
0.37030081549508903
-0.3056495500273182
-0.7629593772319354
-1.0421412990238885
-0.810344569366878
-0.39938072543995234
0.2919672841089527
0.71895346487178
1.0204239011253813
0.7478082329141421
0.3713886140945107
-0.37917457854609965
-0.7460143217119725
-1.1436469979198933
-0.7392911155996924
-0.5546677254288692
0.7769652739621404
0.4425646478585302
-0.4105285029746159
-0.29587804596091993
-0.6959932443862422
-0.05495697630877379
0.3481395960652924
0.9694442418127847
1.059325061230127
0.9724778005973898
0.400943334717775
-0.15851299957630666
-0.7417286787791637
-0.9151914727724506
-0.80378269589955
-0.2857443586650463
0.29107601043088654
0.8363255071336673
1.0228548849193586
0.8825148075737188
0.3747828861989986
-0.22532468765356106
-0.7621290548073617
-0.9682803922987302
-0.820790873803261
-0.3302832141512254
0.27605600592129714
0.797143322688741
1.008874979956895
0.8464796879054522
0.361099293003307
-0.2599549533814354
-0.7762115490323562
-1.003115056638254
-0.8360531759400139
-0.3671013812995637
0.25857678661489625
0.755985525893951
0.9875915327778791
0.7972937725367855
0.3332509380102009
-0.3239631355251053
-0.8161361528728889
-1.0971091360719483
-0.9012919683351576
-0.5369086019959232
0.12449016514135135
0.20397635201788467
0.45566214019640505
1.0572916305264886
1.044271970785861
0.7973652259095505
0.19367027460953573
-0.39485909891594684
-0.8497671358178033
-0.9266752624919103
-0.6491250190043862
-0.09291171561821022
0.5115670782331623
0.9341954847360604
1.022963870986549
0.7199042060768249
0.1743517823389592
-0.4525505520142144
-0.864470876124278
-0.9746404025603411
-0.66003140278597
-0.13633087121437276
0.5036852356381664
0.8919471806626099
1.0176571367241625
0.6760050395870767
0.17149366205111086
-0.5011695978387133
-0.8646438946175954
-1.032238395364613
-0.656745368125843
-0.2102547962393665
0.5122180724147689
0.7856674320190601
1.0355046167969122
0.48722024945776493
0.20841724134898582
-1.1638589942316995
-0.8011560732987291
0.2996241978359261
0.2739233074387005
-0.8061078248719805
-1.2214038135150929
0.3339614943650996
-0.24962053262045403
-0.026592282247455388
0.5124886940911689
1.0406683914889467
1.1346613923855515
0.9890400061935025
0.41785725368371546
-0.1626061104447614
-0.7085352797659122
-0.8774744425796552
-0.7073361657649824
-0.20996190725516023
0.4167603624181557
0.8716832645695576
1.1177396653512393
0.7833643827020397
0.4398399900431933
-0.8854998688586987
-0.7722131259850805
0.7749010599548154
0.7078615685148756
0.8537584230882158
0.16294346827954803
-0.2371723163888924
-0.8974875277597328
-0.9126046325736071
-0.8665880003931105
-0.19901012849861738
0.27776721059575904
1.031066832113641
1.0483456506960334
0.6864718890893198
0.04634748977465932
-0.4874376331505881
-0.9386623756905983
-0.8937872377869268
-0.6197611658506617
0.030904376621601216
0.5587599587509717
1.0125443238508365
0.9726109588779668
0.6991279168642802
0.05698838594081451
-0.4705267756548754
-0.9134465581450705
-0.8725447558054554
-0.585381091664751
0.05896987827762382
0.604756449455957
1.051908083211556
1.0379091158501685
0.758458651277417
0.15980201833261287
-0.3710979448129159
-0.7191669816422712
-0.6694696358472448
0.03690876469544054
0.8181798832433551
0.5962200313863887
0.3476767661079169
-0.36664873343439247
-0.7719369194182529
-1.149234097776253
-0.9203178108551265
-0.5840325495741698
0.1467632447161821
0.5834975259395625
0.9768209902467656
0.7549088004242824
0.4364100602764717
-0.30472110604600766
-0.7192698475384877
-1.1419198995918
-0.8891990995341991
-0.6306099719479923
0.16024232647359446
0.44142802215783933
0.9976130408494314
0.2089942364077038
-0.34053017536206115
-0.3834313632631387
0.8565162134753637
1.201587996409661
0.06162089957231473
-0.361287561265347
-0.9365655320358908
-0.9223350728925686
-0.6951923586122467
-0.0876702918913469
0.48067284379616
0.9244831811740166
0.9811560472826755
0.6879925263446346
0.12414349242305742
-0.48630414352696116
-0.8991749921883095
-0.9867106744684148
-0.6691928567732439
-0.13050321005001997
0.5009530652633561
0.8912567684024676
0.9985561620351965
0.6587906449594414
0.14036346469031372
-0.5152968251286872
-0.8829184271717629
-1.019538364652833
-0.6519007225734822
-0.17374832346464888
0.5200011356683
0.8222719550205371
1.0186294219331065
0.5111946583853091
0.15017661617891379
-1.1795983842656717
-1.059442795958809
0.3331781614788151
0.633075713884427
0.9626741732454397
0.6163870469694187
0.18515300403494928
-0.49229955402095876
-0.8842747816885502
-1.056342505599033
-0.7578620004126349
-0.25518543733989146
0.3919608657434033
0.8252597880023501
0.9758069175877802
0.7044804025609671
0.18530012358803202
-0.44252944946390593
-0.8892381162498463
-1.02527733001636
-0.7653674876335003
-0.2348529751856958
0.38286234527573904
0.8386934707469019
0.9654504704523887
0.7130542977167204
0.17374162281217764
-0.4376722275528396
-0.9020991664632062
-1.023496541338018
-0.779745869395621
-0.23582653883098492
0.36664115833158784
0.8350552908286981
0.9469278258690245
0.7066386613174515
0.15227560396292528
-0.4471927770154197
-0.9274248778799855
-1.0367212011444444
-0.8102868138167892
-0.2537509849503313
0.3287764371265558
0.8107889217730513
0.8982270049864112
0.6732277222485203
0.0862949608853874
-0.4948254138644286
-1.0243808549382165
-1.1081475584251947
-0.9760411052022296
-0.34773522519295735
-0.12035870067561234
0.07999376682882713
0.6638055355926513
0.9901835478957209
1.0214595311377788
0.6749085098997942
0.07336627354656394
-0.5350198408300758
-0.9885937279757441
-1.0368632259764783
-0.797396632552495
-0.2203217559795252
0.2239463831140426
0.6174343595035995
0.06587240373287921
-0.455723284986722
-0.0720413718452906
0.3974654938859535
0.9560482218535821
1.2161288220064914
1.1484917030102844
0.7202528863972061
0.10411657366231827
-0.4577287995686333
-0.7902977635599009
-0.7014120420631352
-0.31803791472776327
0.37598193947095854
0.9167444129287042
1.195477832749665
1.0101726161340858
0.6405878753628419
-0.03973974370106464
-0.33471976851773183
-0.6753296456794265
0.42592667420569663
0.6603340903590572
-0.6273049273246831
-0.7466339851748095
-1.0512263527466061
-0.5113989889934204
-0.12454696542338865
0.9238298400594166
1.1288659099644205
0.61929073433711
0.06362984747316106
-0.54611091669605
-0.9443557945470659
-0.9745708932346534
-0.6539770753427715
-0.06632664634696021
0.5207107757040049
0.9283754135276597
0.9561860335867896
0.6376312125119482
0.05270153116528087
-0.5354679370969845
-0.9388856629266729
-0.9694564996049124
-0.6462403364099655
-0.065054222780358
0.5278221496834448
0.9267888645833944
0.9620090885777641
0.6337325708907874
0.057143664927216405
-0.5414060344507692
-0.9357705715041843
-0.9773530355984854
-0.6443793727008763
-0.07498365810040758
0.528479295448796
0.9146019902777316
0.9614758196461526
0.6188925773251853
0.05539151753811862
-0.5595181729212977
-0.9388117480791476
-0.9996787700532694
-0.6488111997651833
-0.1029683561513959
0.5225666145282641
0.8786661506545582
0.954160500128462
0.5711743402951179
0.047514525155121876
-0.6259321477343534
-0.943032795535682
-1.0987590688321986
-0.6258205665111863
-0.26867421187477886
0.855653096416965
0.5204908026198694
-0.7128363210032671
-0.47513176366288656
-0.29975336773166533
0.41107292105165694
0.8127174860022611
1.1689292259135347
0.9661464376815803
0.5921984438596892
-0.0981049059214501
-0.5906010668000659
-0.9331663720680377
-0.7830686695523043
-0.3992268815227713
0.2564173974697671
0.7565708158975181
1.0744097121656468
0.9305658859039156
0.5280105702378802
-0.1222738882656838
-0.6372861449737025
-0.9503127562500033
-0.8187914347654636
-0.41170445396300454
0.22790200774744734
0.7474043995533257
1.0507169910095413
0.9238982610085348
0.5074552961637829
-0.12691710845568765
-0.6560668636923577
-0.9531502440706597
-0.8371120980659934
-0.4126807772337514
0.2084860112003367
0.7488034909384291
1.0279626772841093
0.9293096806576207
0.477527564899295
-0.11211502909204824
-0.700821332754705
-0.9052080511271677
-0.9148194987991614
-0.08341613643540752
0.04659441979665988
-0.4988385445859287
0.2245352380587696
0.5735439132518657
1.218805356206073
1.1679599536268657
1.1279033811769827
0.42668767960620235
0.10995368966630623
-0.5358590434569396
0.2468739824064567
0.2895461261124202
-0.6804309084144585
-0.9244462252310727
-1.023747855009101
-0.6316415358939254
-0.07125155722825981
0.5434798693466701
0.9363945959569264
0.9650265593447226
0.6467616882809436
0.05169874269899433
-0.5121228208089479
-0.9324756413771123
-0.9126450064549108
-0.6269238520812728
0.039831443936410325
0.5462545387388108
1.2333267396354264
1.0079708754052448
0.07644197866523879
-0.44714097040257694
-0.8732740714848174
-0.8240428651489115
-0.47555181986216427
0.13586125939024077
0.7137204645557433
1.0728326883647576
1.0721871667782916
0.6983684226518676
0.15170978839911292
-0.4325654608390668
-0.6649479432451497
-0.6492089143026359
0.2600439039169127
0.9372841485824667
0.5039975814700247
0.15911773878707255
-0.5562034372915244
-0.8760265519743291
-1.1221316258862974
-0.6849085764681304
-0.3296018964113899
0.9685070927882087
0.8409583103469747
-0.6947989858977789
-0.44201745246719
-0.6586802264109528
0.9046408763317306
