0.9968984991478005
0.3709390920593348
-0.026064077255947674
-0.7242912208368047
-1.0056825648987229
-1.1065505156869002
-0.6921882472147638
-0.17013052211133545
0.4879466384409288
0.8295429690474235
0.9123239135444412
0.5338359244473644
6.516908180532255e-05
-0.6342169787240374
-0.985666215783431
-1.0517584690138266
-0.6838211566273517
-0.13823545386624414
0.4814700631398106
0.8404906488475206
0.878623566973469
0.5119287278870819
-0.14682932701322488
-0.7991200937714442
-0.95894778654677
-0.8473730994885537
-0.32086970941924364
0.25177815663081965
0.7998270680292041
0.9711420701365121
0.834490200584145
0.3108506867012826
-0.27330922100803956
-0.8192655116878812
-0.9969933315913109
-0.8586187787371423
-0.3388216670922159
0.24672860327296162
0.7903839211948032
0.9691682684163012
0.8295413448133262
0.3104583565182189
-0.275552998704983
-0.8188504310062711
-0.9974415468713669
-0.8578342797651135
-0.3379702811806257
0.24761208025498044
0.7922594447614226
0.9699660520844647
0.8322969689495204
0.3110268791273658
-0.27197307499788165
-0.8186424595096404
-0.9930249734038838
-0.8581299282128965
-0.3326430738180168
0.24663030859860163
0.7986361297263622
0.9680342849685228
0.8399387666596705
0.30772334956196784
-0.26275302914464527
-0.8240564667434089
-0.9817884892956412
-0.8670833031330474
-0.31880895585286695
0.23100394565289356
0.8157075558334443
0.9374886991779898
0.8602149911770327
0.23245227558444215
-0.2456462722106118
-1.1941270162428073
-1.0755149807681237
-0.10217407865959797
0.45397001968813994
0.9323987309355712
0.9945139780776656
0.6858673320445666
0.2127197761773643
-0.40834050322175
-0.2917029720993788
-0.39862126290974637
-1.1656682099543147
-1.0256420424446395
-0.8642008213115535
-0.12661601886395096
0.30954904127542654
1.1116506434807645
0.7763577486077993
-0.3314797194192485
-0.7614101906670275
-1.108930003131463
-0.8705011163861208
-0.49756829157018306
0.1649420356743422
0.4941382545620389
0.719393950375309
-0.03095661476879036
-0.6653428268977815
-0.44970338032634677
-0.018754160964852305
0.5722240115978056
1.0274486699544596
1.13847369331088
0.9360834276617255
0.3532084013573082
-0.1605891578295829
-0.7354279285277555
-0.4368714318724729
-0.47914483913168565
-0.8458254527095512
-0.38207492458960085
0.21033904307299608
0.6355220986217303
0.7508378372115283
1.1335974894491074
0.7013721385174109
0.29234989110731213
-0.43806992040695275
-0.7659460980931506
-0.9740019030755568
-0.5906680983577932
-0.14919066230300518
0.5792159039158151
0.8897938183775218
1.1484632437860522
0.5611672032918003
0.39612331769642534
0.34345791666987546
-0.28679197331642503
-0.7591275180180378
-1.0350828583831262
-0.9069886361837878
-0.4587837883260999
0.15800212317659773
0.7153498991742899
0.985175670819252
0.8939612386294621
0.44264911000395035
-0.1537026926689237
-0.712725381227659
-0.9695044198553631
-0.8792368996531198
-0.41868562380392005
0.17709468930833194
0.7432489617413782
0.9996381996228338
0.915310488570972
0.4544354539629811
-0.13605102257363572
-0.7025381828956323
-0.9539220630653904
-0.8699900226009734
-0.4041395340535726
0.18584642807525012
0.7574874472921627
1.008230937057999
0.929818114617363
0.4631599800657228
-0.12075881358871653
-0.6933840140830112
-0.937332764951303
-0.8600328031613409
-0.385729246711084
0.19720078073871022
0.7779926604761531
1.022273369097623
0.947007168751835
0.48518370883257533
-0.04702560558732834
-0.6579906552833922
-0.8982476402497381
-0.8843815446237926
-0.3933591861709253
0.1419922627892513
0.7963387814606514
1.0037827114427238
1.0632129348374133
0.4836627266858544
0.10078425026715389
-1.0122175172086576
-0.6252406213922832
0.691911902250529
0.6608268357634618
0.6099063195950423
-0.025998031262106678
-0.50968209947747
-1.0046695558730447
-1.0110744515751648
-0.7750007150731294
-0.15768589866690308
0.41039949051997465
0.8957204783140928
0.9508623866987554
0.7104596131258825
0.12499840507495304
-0.44348129759838856
-0.9063286770329464
-0.9582782075813174
-0.7011926042781007
-0.10850247534793124
0.4727922300868147
0.948389023706563
1.0103988340921612
0.775126413449437
0.1904496098672787
-0.3507838791850429
-0.8197332879575929
-0.7915266387911241
-0.5486440306449739
0.4358544952753329
1.0203872214331335
0.6960373417470729
0.3235600530755854
-0.3432390858584221
-0.8075596478966695
-1.065493333395906
-0.8721394109392786
-0.4189349667013309
0.22846714297731865
0.7308956268487922
0.9838043390391965
0.8128256503724921
0.35905256929706214
-0.27356004538143763
-0.7745999396076148
-1.016936888085381
-0.8434861271759719
-0.3816964484579019
0.2541221219757015
0.7615508712538546
1.007694459423565
0.8395757795504745
0.38217153842852636
-0.24898536787776301
-0.7513979314044787
-0.9932594874956029
-0.8193763379610493
-0.3578204789935463
0.2800424837598323
0.786725230798957
1.0365328030520213
0.8673304769292863
0.41542276605064693
-0.2169516343650545
-0.7115432781392345
-0.9544412867726628
-0.7694483617646145
-0.3081454559215591
0.34602999500674125
0.8546008938146439
1.130085278441631
0.968554982612501
0.5624279315342681
-0.043596459691945255
-0.4341887415683653
-0.5364220345380456
0.12780490838701383
0.5345826884504121
0.21528898649153774
-0.28832961633771964
-0.8406497069847726
-1.1558742868015197
-1.1144625724143031
-0.7269387689093907
-0.11371805213341311
0.46189822101327266
0.8286166515561181
0.7916013955844555
0.4335858626388444
-0.1896758831812064
-0.7476084179774121
-1.1439539039485522
-1.0987397995702088
-0.8163803749728272
-0.20061436287546638
0.014214622561302917
0.30653033206161784
0.8892960072588614
1.0503727382661776
0.9221496351914057
0.4202059316353865
-0.19014659900353376
-0.7341656667107563
-0.9720273670380087
-0.8362093235941437
-0.3706849186477846
0.24543639183799787
0.7674391646233545
1.0111398054734877
0.8598886444491886
0.40068698098825184
-0.22759213358626926
-0.7424437591535457
-0.9968463338089866
-0.8369304818643942
-0.3884355587421652
0.252225720711847
0.754014139658636
1.0426479634929708
0.8544512751050689
0.34458711682228493
-0.29024317395924054
-0.7768882220136908
-0.9975393543811211
-0.7863237720346389
-0.31981746215175677
0.33208888326447983
0.7993934716873263
1.0386182452858586
0.8090118833996853
0.36512445739962945
-0.30861091625375353
-0.7463225808083479
-1.0147702197195614
-0.7436267798172619
-0.34325121722475277
0.39416588639081923
0.7576537111482231
1.1374522251488774
0.7059999268451218
0.5530661444368482
-0.8700354975367435
-0.13180955020026006
0.7115934509453247
-0.9419205764152453
0.04753340283734971
-0.3542046264800822
-0.917674332952533
-0.8325456153377714
-0.35279816628690996
0.20463775498257536
0.7835090154049199
0.9756320170698838
0.8907863326147297
0.37850288749940747
-0.1899893689514847
-0.7672865515320275
-0.9701055757143402
-0.8772278685731415
-0.37383705718551485
0.20359189242004266
0.7737480169744101
0.9850331325724658
0.8864940388389949
0.39079097388616935
-0.19107453012987555
-0.7543207942400909
-0.9690160052701724
-0.8642572932170427
-0.37108162052585514
0.2164182139857813
0.777922162633295
0.997766855321227
0.8919923242428419
0.4035718259501522
-0.18424077611828116
-0.7413027237462076
-0.960745678016869
-0.8507678592395712
-0.3611806139371133
0.23066826173494365
0.7897617190987732
1.0131480667153276
0.9062354171338385
0.4205827348479233
-0.166891943288096
-0.7219535606935469
-0.9392028595808675
-0.828010715823414
-0.33367784535963546
0.2585643178817293
0.8262915418597122
1.049233436058722
0.9576719687302399
0.4708841945868488
-0.08742065865881693
-0.6433158615588629
-0.7931528151066163
-0.6763197872958011
0.11975776029466068
0.80258752292891
0.8182464257600551
0.5519015175336697
-0.02496403052936506
-0.5930574486729561
-0.9817035020639415
-1.0016116690127062
-0.6629498923873876
-0.07911638323104489
0.5243207000637379
0.918823141126441
0.960938527920858
0.6272719406514089
0.05971599975455507
-0.5391801563520008
-0.9202669313070225
-0.9580072612444722
-0.6121298218610782
-0.04013875218908174
0.570894326528791
0.9566928209586792
1.0074978534634083
0.6668641066022003
0.11001731365255023
-0.49488224019032895
-0.8618098595334792
-0.9050164535823422
-0.5389872913157107
0.027969431785859655
0.6703653339348962
1.0521050733284365
1.1584394464355323
0.817466325903907
0.3846886657302596
-0.20431417269831634
-0.02454277947887303
0.17233381063305916
-0.4179662479030707
-0.845237649520645
-1.2009756243499277
-1.0945938641064434
-0.7279888479397995
-0.07921995065694068
0.4814479613608874
0.8633381970805122
0.8185183012011935
0.46742256346149647
-0.14609059292346552
-0.6959575118493718
-1.0554348213447935
-1.0021991211231311
-0.6361007848301766
-0.015416926122311566
0.5446168981322357
0.9107020217997026
0.8641088509259407
0.5045669604516632
-0.11236089437071474
-0.6653879768260391
-1.0304200531221794
-0.9757233039245246
-0.618078559744293
0.009102633916344588
0.5564287868000228
0.9359650223766977
0.8697158856100935
0.5360803188742198
-0.11367720726999886
-0.6088084719936931
-1.0388502243396371
-0.7302306073751818
-0.5961705134687083
-0.5832021504653077
0.06173907451839364
0.5649353176862496
0.9752805246172843
0.9413197720562058
0.6141430455363637
0.0006575835042225435
-0.570598427315395
-0.9643543293023449
-0.9602623603238294
-0.6225452135929266
-0.025608803828235112
0.5530830676922641
0.9365024030972173
0.93802796731023
0.5933670784790345
0.0008859742896893863
-0.5826999886480021
-0.9624549424121502
-0.9675451295430626
-0.6197841929588215
-0.029957721994493057
0.5563104350715659
0.9340611556040067
0.9415147969321065
0.5922319667651973
0.004519807116734626
-0.5829003724222008
-0.9587355301624916
-0.967048295437721
-0.6160112094758492
-0.028918539721430478
0.5601230168790414
0.935541599621692
0.9453648444423299
0.5940894788128938
0.008413642544372522
-0.5807031796595904
-0.9547848798649927
-0.9645279695075307
-0.6119847210712888
-0.02607406978710725
0.5642504061283413
0.9387274322509718
0.9496249190512958
0.5976503356055171
0.01284624088975562
-0.576715431592318
-0.9501297627923492
-0.9600397689639818
-0.6070438118701588
-0.020984457888462146
0.5695582271071722
0.9445556285645663
0.9554053383639419
0.6044039773950727
0.01923956063801336
-0.5687790148048332
-0.9429332502256216
-0.9505600478146352
-0.5987796133256356
-0.009444589080676025
0.5792682712725966
0.9589183163044629
0.9671201033692405
0.6227560698092168
0.03381837612145279
-0.5445711417120297
-0.9241032413096729
-0.9173342396452764
-0.573317002751209
0.038578910004254
0.6157982119307156
1.0334850457552667
1.0239708177818803
0.7519268904308404
0.13396295424375296
-0.2711775247029492
-0.7028290936730068
0.13428740306644524
0.3780053808776145
-0.8411198444136352
-0.9251757778912443
-1.2818486801809574
-0.6678047721046059
-0.43110816129047536
0.8851046485595195
0.5029300455890352
-0.757306267388971
-0.6721460505911916
-0.51601546889217
0.1235483088892251
0.620922354400654
1.0253596378070355
0.978301993521561
0.6463056486399482
0.025182459887488986
-0.5445937420642992
-0.9386877589372914
-0.9288545195824106
-0.5906963558743259
0.009385325126392775
0.5827666957658887
0.9648308919269519
0.9567699425714973
0.6125129393626576
0.012651774130369817
-0.562143847980532
-0.9455435079299838
-0.9343421525852542
-0.5932447594151024
0.015237908577225482
0.5844295540305422
0.984458577408364
0.9639739845611852
0.6534736597550886
0.029489125916483516
-0.4794228767361404
-0.907085720458463
-0.7405530208371068
-0.4874872217419195
0.8408335784318137
1.158187866521054
-0.05101682745362177
-0.42205925801598243
-1.0862144675689
-1.0054984893115517
-0.908300660003359
-0.21537530271652067
0.06812987408664702
0.5933234375733755
0.9140983061281738
0.9941117919430769
0.5447158517142239
0.05470024648605505
-0.6639363249094238
-0.9205299977562861
-1.105464534038567
-0.5690580489041113
-0.2520441799717941
0.9182406201545807
0.5267188943462513
-0.6863631678928251
-0.530307549783446
-0.3328840143426762
0.3236912110010188
0.7880950680410206
1.1258214469636292
1.0057521498212971
0.604445465830208
-0.031970642279285415
-0.5996843666900695
-0.9277813926167933
-0.8909319981679676
-0.4984974417817869
-0.03174423037621466
0.4065080289628396
0.887273821961398
1.2571654605189164
1.2229086702350624
0.9213792766546591
0.3086016276025668
-0.12550327891401833
-0.5010741122675489
0.15232393386156048
0.6737775228389329
0.14054721129890863
-0.3053017740440171
-0.8869675365092143
-1.069091899877817
-0.9855160942641058
-0.4847862557696416
0.10636560019541304
0.6866958164268704
0.9374173234198455
0.8522265707252374
0.3924431564258831
-0.20118151064115705
-0.753633861819175
-1.0073982430164259
-0.9014389848275318
-0.44508662062283466
0.16512659289217316
0.713833317049003
0.9816497574890288
0.8716334853221519
0.4278297048007484
-0.186798142799973
-0.7237301879757526
-0.9964077634529658
-0.8748017442066155
-0.43644090098987226
0.1901459974915566
0.7208575284465133
1.006475317550253
0.8775870216069238
0.45392995710542083
-0.1814249156871872
-0.6945347738885792
-0.9910662741690532
-0.8398413340339602
-0.43033219481275203
0.23542087593141167
0.7292107701358372
1.0710914942156995
0.891538562311453
0.5596161147364922
-0.1523777327284164
-0.47578945652236043
-0.9091434682234146
0.04282223835031414
0.06142914439786797
-1.0257638361956427
-0.7631945898881921
-0.5840041294669299
0.15104581146835586
0.5952407444567359
1.0198252913524946
0.8825188961930702
0.5623623614497287
-0.11121072856398513
-0.6176536833158118
-1.005443495298807
-0.9031788141399059
-0.5586269306462209
0.0926478024351174
0.6162395732254352
0.9888191088621469
0.8989783372752672
0.5436648876201284
-0.09857698245647299
-0.6298301893272297
-0.9960711346726041
-0.9114685020268648
-0.5522412572596093
0.08697354404561866
0.6195751528850915
0.9853201154454698
0.8987321509895942
0.5430106311381679
-0.10377982531202923
-0.6228684343818373
-1.0095175875869669
-0.8447694258312566
-0.5805393622544686
-0.16738333092172195
0.4453688891289109
0.8938491557764762
1.0177864929213722
0.7746604621546357
0.228437752664928
-0.37584284659728456
-0.8552151883326898
-0.9732389006025464
-0.7467014916307606
-0.19447460179601786
0.3950734622156587
0.8827798761983335
0.9751042984319588
0.7669504812344716
0.21340686866831712
-0.3667242395036874
-0.9863667112346247
-1.052052291774212
-0.548068899683642
0.019546016401781118
0.6292955145626636
0.963913361306355
0.9548548072397854
0.5707897133537679
-0.01982744917868422
-0.5983130122011506
-0.9498855457402712
-0.9026171416661423
-0.5561285159401741
-0.03561535780216758
0.5755911770131154
0.9572583716999492
1.0086696919490818
0.6726303872814849
0.10720453633284686
-0.4968445100854498
-0.8858070351681003
-0.9302421646997766
-0.593375822879916
-0.01930226042837947
0.5921125144027228
0.9945095059576227
1.0588369655445848
0.7500527981472594
0.2601573438377335
-0.2287136638829533
-0.718280768494773
-1.0397299041053958
-0.9881775703652198
-0.5966959058759285
0.011115260656143133
0.5906014340268166
0.9381476326372886
0.908638941722948
0.5284847844036318
-0.0697802098165604
-0.6433902145982402
-0.9866405918363522
-0.9542574906469593
-0.5733083963376783
0.02529028064350048
0.5957718762797688
0.935412727347962
0.8917263177162766
0.4907235844616006
-0.16502741868982554
-0.7313095864684541
-0.9592842201880595
-0.8080524986554084
-0.33066219689718007
0.28343294944152936
0.798806941943387
1.0186143701031611
0.8556928808533232
0.37507651269479436
-0.24404514255096416
-0.7610510163755719
-0.9834231732632969
-0.8214967571952522
-0.34221360879639945
0.2761520686555513
0.7925829973636481
1.0142203520701951
0.8522819831537386
0.3721283963099149
-0.24574832110434283
-0.763332428722575
-0.9839569434761759
-0.8236253084925518
-0.3418362939595415
0.2737508263619914
0.793782858978602
1.0110956391867962
0.8543490891773765
0.36768432416153557
-0.2426296502185402
-0.7700350895548899
-0.97941731798741
-0.8343030708016681
-0.33522670638515784
0.2554382440988155
0.8035370165488094
0.9755838719826591
0.8687473254211777
0.2798866247796257
-0.22448416300306992
-1.2170893952005688
-1.0354318756702787
0.26353033468605735
0.5744145960720337
0.9670524971360259
0.6133716138554088
0.2524091604954368
-0.5013385498371619
-0.8569774733043142
-1.175410579450861
-0.8336929489419432
-0.508217004849206
0.25335372566437264
0.43789546384227024
0.7880282050518074
-0.43601592786486787
-0.6757464902421073
0.48473200170687725
0.8073075301475585
1.1653718890396199
0.9135865489921596
0.49906660657385377
-0.17311786902406903
-0.6602380057591547
-0.9194811738443361
-0.7466437262201715
-0.2878997468391923
0.3359753678525561
0.8497817599303906
1.0739073866559703
0.9202422492971818
0.4310101995162783
-0.17754832504237414
-0.7247013133622373
-0.9363095174635266
-0.8343627459170235
-0.33594517640192445
0.09586368570422849
0.5677666440378462
1.039651723984367
1.2176688342152646
0.9907814131409136
0.5204352516793631
-0.14148460181350603
-0.561341315249384
-0.8196570205008251
-0.45785442762117046
-0.10718292856746377
1.1713391132722157
1.0671979232703448
-0.26000704380523126
0.39066947254061235
0.7618892925826516
1.0237621926398541
0.4284603408732589
0.12964234999278573
-0.7915035343791442
-0.2724087551017046
0.7225723410493772
0.49611182890066663
0.19528933093783496
-0.4483444355835595
-0.8346167329088637
-1.041862559507601
-0.7619072852920086
-0.2787393483281956
0.41838892108108433
0.8958190061194904
1.1750893203225459
0.9646363613951512
0.6122465647385005
0.0046960644720616075
0.012276521948923431
0.0535937957534037
-0.4455582580198552
-0.8911253812327352
-1.120884219303337
-0.9730958671094261
-0.48576639927528953
0.2259537450791155
0.8545190278812766
0.9144148513475389
0.803256259377732
0.1992609107607276
-0.18184975191650762
-0.74513484042231
-0.021754567725279172
0.03640819457663247
-1.0145126943721403
-1.0505383370948693
-1.0761582281612458
-0.49101058293142813
0.03435374943892174
0.6628885020638589
0.8539576458552139
0.8003623274241244
0.29282217572219776
-0.26384572255896266
-0.8443587744489028
-1.0512925356556635
-0.9644596503556576
-0.4660523164364685
0.11529220273856455
0.6901317421770083
0.9162918353034881
0.8257607229168276
0.342871337288376
-0.2409554356433315
-0.8029277121930014
-1.0307764115849734
-0.929346261748801
-0.44760110292800015
0.14561805452241436
0.7068371852799504
0.9428956167907754
0.8410068446269161
0.3665229797995001
-0.2269212468482484
-0.7816543433615855
-1.01774151508282
-0.9100118875222581
-0.43538059614644453
0.16335774914718146
0.718407756218689
0.959316463290754
0.8520785400373434
0.38185061893911615
-0.2162037300982683
-0.7672314080211412
-1.0072322538364926
-0.8963326337511287
-0.42492333756096823
0.17643434941550432
0.7289917610277922
0.9719176875311566
0.8630084548681121
0.3940958737578259
-0.2046396265992289
-0.7552238846726146
-0.9946269602906794
-0.8844360163936675
-0.4106585142710471
0.18837352661281095
0.745934436266791
0.9841201859014801
0.8844753415709691
0.4069577748120454
-0.1748511503657144
-0.7407905122749863
-0.9471198201729657
-0.8656578347552271
-0.31333773582060476
0.22382988939574353
1.1491854859739947
1.1693033347966022
0.1948602770762502
-0.28910769440187684
-0.8800341926170979
-0.895800993796349
-0.7297141523390446
-0.09409279338917276
0.4310933717638266
0.9834052569063507
1.006512104097956
0.8734611626305904
0.22206312019273589
-0.17606289584485774
-0.7800201710381769
-0.16447837082787356
-0.22735940220605483
-1.047112343967286
-0.7888584678843873
-0.4855276137478783
0.21067600461445057
0.6889462159369556
1.0177269171063346
0.8734249094610038
0.468534648651456
-0.16721049137508653
-0.6896077976990268
-0.9759840210989237
-0.8565584279502149
-0.41512070101758103
0.2043247708494345
0.7646093018694103
1.0390504523197412
0.9667142501737855
0.5156984010058697
-0.032173688082061405
-0.6004989168905074
-0.7298482734134843
-0.6618844512111461
0.4001579660083123
