0.4065860149569605
-0.30635486172376813
-0.7350806482133532
-1.0913604656003755
-1.0115629266979191
-0.6119426936579728
-0.0077441866369201764
0.6143898606011153
0.9329982191944084
0.9831383376667072
0.5418235054515967
0.07537149817798777
-0.6088850654305249
-0.6960690554231431
-0.8644771169946025
0.501253197645062
0.5639990390288981
-0.8458159900063911
-0.7692661307040223
-0.8184320614343038
-0.15397750288810613
0.32855613016268825
0.9332598656956286
1.0285617839794472
0.9141724053090293
0.36250290722601075
-0.175808451382222
-0.6576549908335677
-0.7424098613183671
-0.2932096199095644
0.500839002670706
0.6512151519581512
0.44728636134933814
-0.12700887126600025
-0.6648444515583489
-1.0894473611404478
-1.100890398326511
-0.8028031121200511
-0.20349611821936242
0.38190164276349975
0.8095682651943732
0.8505112003762502
0.5458595382849633
-0.03382324428899449
-0.6327273027869812
-1.0478741786254304
-1.1102082559998592
-0.8000973300309155
-0.2549446541835126
0.33884385509687875
0.6872100860672286
0.7182509746845005
0.16232307296454168
-0.5786841501122393
-0.8595775085060335
-0.6894318879003171
-0.2177776380630014
0.3945451350240823
0.8393767627910588
1.022076571620303
0.7571757910512702
0.2785665073966241
-0.40990344890321534
-0.830264972772133
-1.1089106629084222
-0.7662489027278206
-0.46440229976522657
0.6440463892558921
0.3953175825858157
-0.6710362625009959
-0.2541136770785448
0.021190600870349328
0.7492259592694023
1.025870750286431
1.249710790228634
0.782211786236135
0.47454942230270525
0.13883766521455332
-0.4038648032110693
-0.8672479587116748
-0.9907716695758024
-0.7693253147518965
-0.22816819912384648
0.3782714720182505
0.8656061120986686
1.0089798895941104
0.7869795084657114
0.2587755545086465
-0.3556029851814676
-0.8322026449840176
-0.9868744338128043
-0.7548717977623348
-0.24035251956825607
0.3840511748354286
0.8443992379938634
1.009699876679105
0.7579014299068092
0.25526753972488775
-0.39452426146546493
-0.8407159195641475
-1.0412384842576785
-0.7708504232671806
-0.32345974607552036
0.35657939377331405
0.694196009687107
1.0049924646458333
0.3206941186157769
-0.5452296332466674
-0.6671313375929713
-0.41721729022745324
0.08842773751819798
1.0053323159363994
1.3312178220392483
0.7185432246227574
0.24063060229264369
-0.44373821763201454
-0.7965788083101673
-0.8806242228118403
-0.5345739852875664
0.030684891300777423
0.6329190476487613
1.0590044375982968
1.084419971935258
0.8327067545405293
0.2031454195286886
-0.21946061029378042
-0.7645338793477071
-0.0359862426617392
0.03236754160235807
-0.9877430629358396
-0.6818415171890897
-0.49394055662106306
0.2756859942736237
0.7115812094332113
1.1629197377066516
1.024017655933012
0.7543971014242179
0.18676265019242294
-0.09667561192449997
-0.6303519605865303
-0.9620665805819204
-1.0957212348402123
-0.7386583491819192
-0.23502821745378571
0.44513656194211854
0.8401580187350003
1.0036934919134208
0.6849460389127927
0.19362722549376382
-0.4542376358483754
-0.8406739504728751
-0.9645323976731011
-0.6323415993741126
-0.026243740903505525
0.6722980330718588
0.8948686190855435
0.8581196121169941
0.3633796574927856
-0.18828962885707973
-0.7783056659875548
-0.9895667809599813
-0.9235650256142017
-0.42336465838265247
0.14352047943755186
0.7374129644221951
0.9582297730202303
0.895782093519071
0.40196683965786606
-0.16109660634358217
-0.7507991452486045
-0.9671236551194861
-0.9022853690843062
-0.40292592432556795
0.1608161066578032
0.7575695959684604
0.9727068214575518
0.9170531357413423
0.41420425701926744
-0.1372683835255969
-0.7407009664401787
-0.9389187077989806
-0.8949112512468421
-0.3676783398998301
0.16329928786857947
0.8042579299302666
0.9630250209023747
0.9832760810341316
0.3608709885299401
-0.03510364072948244
-1.152767292235032
-0.7852621578386377
0.5582529960541961
0.6859254501583969
0.7595126650473276
0.22099771353691391
-0.28636909639587316
-0.8713324513755447
-1.0466197250797444
-0.9520364706835072
-0.4377962914069772
0.14486372689061977
0.715460315394123
0.9332609692355646
0.8294700536915536
0.3422610982170082
-0.246577053991845
-0.7987176675405357
-1.0207667626048595
-0.9037829603705183
-0.4195178006737796
0.1790393320643699
0.7291600414884128
0.9585054290507671
0.8401811801098702
0.36144698414364496
-0.23793456580356406
-0.783858510570566
-1.0136250843418015
-0.8921448733019938
-0.41350844148679067
0.18819370626492327
0.7342857646754481
0.9656845141332595
0.8445962369044789
0.3670101853479465
-0.23410720998723067
-0.7796527653880607
-1.0102968769497636
-0.8891091493001209
-0.41061551921194495
0.19019510567650752
0.7367887177307622
0.9667481402507618
0.8467398132918663
0.36720171301098176
-0.2323049403099781
-0.7802932242679547
-1.0088294459359706
-0.8905638966488109
-0.4094883362050323
0.18792274952412721
0.7375567225360883
0.9636335908073329
0.8471126568677602
0.36319703591465874
-0.23238684084800793
-0.7852638875238279
-1.0094611860018607
-0.8966128783142621
-0.41082290882683037
0.1806307780605112
0.7352635687701057
0.954850402225778
0.8434035561322898
0.35252255058093457
-0.23842050934546347
-0.7985563178898624
-1.01995328083672
-0.9141392103681133
-0.432556522687295
0.1537078153684476
0.6533990087973012
0.8778538489736599
0.9262190891445425
0.457507969596594
-0.07898051315477636
-0.7171050366480247
-0.9768425736243568
-1.0005372496425469
-0.5310022587852227
-0.009400488427773553
0.6388062955893477
0.8718953545891194
0.9124635852212603
0.4046627759096784
-0.09218010783053057
-0.7951211373536782
-0.9918999934486195
-1.114883889138942
-0.5509267879867846
-0.1914884676558788
0.608249435499334
0.5239962708168575
0.8547215982782699
-0.7943231740775052
-0.2842809597862446
0.4046120353788032
-0.9271802074204942
-0.27225749216331907
-0.13877856095407096
0.7106724254298659
0.9115039165969437
1.1946775920248478
0.7509009401177138
0.34193165882337945
-0.4089305792339219
-0.7458096787679968
-0.9711887243452193
-0.61000267205115
-0.16278282560243545
0.5321457967599343
0.8963824737072901
1.0811374073854458
0.7406295353195079
0.2623938113597861
-0.4162242815189375
-0.8050777583273706
-0.9765041684619536
-0.6561817371122219
-0.1667052023558333
0.4948591842089843
0.8934862410677904
1.0500619160398381
0.7385149100039332
0.23565372545441046
-0.4177340271882182
-0.828965077501638
-0.9775596561949731
-0.6786426182936083
-0.16748700667175853
0.4719664220243481
0.892630753568083
1.0231651007996083
0.7365705429497436
0.19377898062258062
-0.4252190500187538
-0.9700883859179567
-1.0372753488072777
-0.4691803552197177
0.06719582842477442
0.7040741544591014
0.9700583147425543
0.9670783534567536
0.5161348439682387
-0.04223959124928899
-0.6519817555643284
-0.9304934406789775
-0.9141776102544679
-0.47198853351131786
0.094890666865485
0.6978087894863549
0.9825497804615066
0.9605309026588963
0.5233216997178995
-0.048570263602249385
-0.6472522361447253
-0.9365829786137957
-0.9107804340791303
-0.47793000649801043
0.09748717988648074
0.691880785729088
0.9846297442856845
0.9544527777730882
0.5250544246233562
-0.05499883069195704
-0.6457500404261872
-0.9436186706560515
-0.9094055653206733
-0.48591958825257175
0.0988646984596484
0.6824430973209025
0.9862363081995472
0.9428228715199074
0.5273789180592264
-0.07001037930057459
-0.641468354848663
-0.9640496947479342
-0.8993764176631046
-0.5155599029640321
0.13060245758079816
0.636025645612507
1.1975722555234016
0.8754665171689839
-0.18614447527889807
-0.592097353770226
-0.9440639466186119
-0.6855445371068206
-0.2924531475225615
0.39721887597190714
0.8252125040127344
1.0969919964122816
0.8469818010855618
0.42038245827976645
-0.2686056789028896
-0.712604518697081
-0.992035485600058
-0.7481087088064442
-0.3465658564882319
0.34547127912759934
0.6635212925956221
0.9673613321596974
1.0063217759834968
0.6536380426367843
0.04037254062530803
-0.5119211806615358
-0.9035797576652042
-0.8546539065843267
-0.5257510204231223
0.11034623283257347
0.649790649522357
1.0566653336458218
0.9983722413255363
0.6839686701454897
0.039499703061904486
-0.4836964423278733
-0.8992459636989087
-0.8211770058832651
-0.5167793245419178
0.15311237760889973
0.6637943302421788
1.1137426116745377
1.0189024456409277
0.7641205694598254
0.07010045810428406
-0.36160447881949437
-0.8494659466553056
-0.6023195038293907
-0.41537647994366017
0.8260711533080947
1.1081590132154853
0.7743027952002618
-0.34305154112204844
-0.3044465159804012
0.8259724918100367
0.352885892163378
0.10570871652261991
-0.628647438526017
-0.8952834551967852
-1.0721634480247912
-0.6712669422902721
-0.10711793418836749
0.6346128139704568
0.8499678635986502
0.856010851586253
0.35958241364114474
-0.17305544073859536
-0.7787368328077562
-0.9958315957117087
-0.9499121963383445
-0.457239864565337
0.10780577122824275
0.7103495350033402
0.9503992676393463
0.9023415437409407
0.4269067739399792
-0.13927662353480003
-0.7284494928789491
-0.9686950239598282
-0.9100752978833577
-0.433940371393726
0.1406494756195354
0.7314037734160379
0.9783190009976368
0.9221853045690657
0.45125102942654044
-0.11988073885561329
-0.7067440802312427
-0.9491075628879782
-0.8903215823946903
-0.41354848265705924
0.1589838115889362
0.7532688641830497
0.99567320017927
0.9463436847998031
0.4680188642546934
-0.09231683558177088
-0.6901663130141386
-0.9164879675822525
-0.8734669106354699
-0.37319879291236574
0.1767844419547551
0.8061344806464413
1.0156082978462897
1.0214455247997385
0.4927242755827888
0.02876243640563803
-0.6532396026918545
-0.6695186893806886
-0.7968756586697409
0.6261093395777076
0.6903711009797298
-0.7751418693661456
-0.6705418016607828
-0.753064520923416
-0.044611617750664606
0.3823887167625261
1.0541190807552694
1.0431237324418035
1.0653069007131235
0.16926857265202006
0.14621139513415687
0.4009426816238303
-0.2135907771524137
-0.6657439067077369
-1.052332148116868
-0.9952029409412435
-0.6494598091884579
-0.024278347698987318
0.5567668255111083
0.955080599121599
0.9547440087568034
0.6223255419911202
0.03021698519317175
-0.5355525257416823
-0.9104328425182555
-0.892005459175034
-0.5396634059455875
0.07501999709410904
0.6612514600978604
1.0665215524852796
1.0737589428073364
0.7674167409635776
0.19294002159321405
-0.3068093786805141
-0.6265905005449713
-0.32535793280568015
0.36446993386295423
0.6340788164904388
0.2957384985971022
-0.19701986561620907
-0.7863443616099917
-1.050542440750139
-1.065865146439906
-0.5969387051234212
-0.07611558632924442
0.6206127142947425
0.8134295342768461
0.985721007223491
0.0019651325973795795
-0.009747628197785503
0.788757810452587
0.2365035095370798
-0.10844808730102301
-0.7779108672355308
-0.9303025773092806
-0.9445450753679825
-0.32151725387081137
0.3275103335526619
0.8593479115623559
0.8055108777490673
0.5738379504111328
-0.06393223821183361
-0.2936897022427216
-0.6532937849365542
-1.1284876018659078
-1.1278922809518566
-0.8206976331433548
-0.21993430727837227
0.377479197109133
0.8217009217767188
0.8616233724012861
0.6016979482181242
-0.02720834570936165
-0.5160714678954118
-1.2612422329530268
-0.8620468634717458
0.4153533405684138
0.5507919484568978
0.7137166224187806
0.14251159454720222
-0.2874238131192325
-0.9941223990223894
-1.1191801880657306
-1.2135791987435762
-0.601670153211202
-0.2439910520329499
0.5516113677418318
0.3020915519002703
0.6377947632925757
-0.37939268504084606
-0.14504588220082257
1.1397340921734511
0.37724664386372886
0.21512108154496754
-0.671788832669173
-0.9165374243575878
-1.2856993961221315
-0.8685682225027673
-0.5728226651828981
0.22430938203053136
0.37095604917030245
0.7350583018007295
-0.5416562396541045
-0.6819077161488443
0.6238968060748497
0.7358740891787368
0.962555749468571
0.3828214959182172
-0.02690013756959428
-1.1790237481501913
-1.2288828310141675
-0.21729194893854464
0.27424246258118884
0.8522156761938461
0.8750706441319374
0.6921800634480954
0.06640716233674059
-0.4701299751086242
-1.0068671794974413
-1.0365175209053654
-0.8863693660531861
-0.24353697108569566
0.16830170915197415
0.758480606370028
0.16154325797757402
0.21369392673635895
1.0257857651726743
0.7358076713157491
0.4305167456140181
-0.27967574395585343
-0.7309513566977198
-1.05130392449696
-0.865955234335687
-0.4596472939917645
0.2001597619875889
0.6943721183797612
0.984875310620545
0.8226623529339072
0.3965506570605591
-0.24927285169846977
-0.7576364981558992
-1.0391779665405247
-0.887641097795612
-0.45566803335700157
0.18174668750937145
0.6938694474760057
0.9685405497605624
0.8192123726042502
0.3814360806436372
-0.25501113868789904
-0.7721946827650926
-1.0469783336019904
-0.9022074964143108
-0.46556644940283554
0.1666368592070007
0.681633068478418
0.9523201034249721
0.8041915696586409
0.36343821235172313
-0.2735219161804766
-0.7928280493500318
-1.070060111292864
-0.9266704522688319
-0.494901354350288
0.1365584021529863
0.6433157479160073
0.9137493972229525
0.7521639877756973
0.31132321893046266
-0.3482766795845877
-0.86842309732952
-1.1874959800354041
-1.0488569771467522
-0.7126749645235864
-0.10456770475218624
-0.023191713769394
0.04721711713580555
0.6245529897512764
0.9996661826026434
1.1541585923677176
0.8846150225498194
0.3656284349019569
-0.2806039888798434
-0.762483036293413
-0.9429810994695204
-0.7236373904223372
-0.21936017438944685
0.39702979644042546
0.8689270649593956
1.0291775762606163
0.8021548218465614
0.2827945959809431
-0.34014895383315913
-0.8241865306452077
-0.9905867765073244
-0.7740698002379947
-0.26102827843841314
0.3521279376616834
0.8290757709927935
0.9856074268651865
0.7604149928352844
0.2365138452192649
-0.3882489307581827
-0.8783974260769081
-1.0521061962892397
-0.8450011241733447
-0.3501623078634593
0.24548413751703596
0.673920099941591
0.7863115903131539
0.32822406401168364
-0.4365427672019348
-0.7087940587978949
-0.529272642293292
-0.018001748803094644
0.5584181398187702
1.0137441667999176
1.1142610887596227
0.8670325856329311
0.30885751747465917
-0.29571210908486023
-0.7748985486968547
-0.888730993395234
-0.6567092605851019
-0.1039944493115338
0.48943449163638203
0.9684994637697697
1.07320135950945
0.845597720976856
0.2845455354466542
-0.29972742840509836
-0.7873448888979612
-0.8769888772420951
-0.659400841935915
-0.07473647648621295
0.49581108462602774
1.0213822201436114
1.087979475191977
0.9370087133978399
0.29900397991795225
-0.1287896291996736
-0.9363364429005953
-0.42651683530962525
0.7157056481000814
0.6358631944042034
0.4829792381312973
-0.16758554800170145
-0.6442494703509994
-1.061219540476911
-0.9885997116378207
-0.6705476321463284
-0.026304202174769812
0.5258623202953148
0.9383049591790293
0.9093375632124652
0.5880984042288049
-0.027526459985827898
-0.5819079803756223
-0.973998844977105
-0.9465112806710504
-0.6099175027599254
0.004815159060603804
0.5713376353698584
0.963034133316241
0.9455377624708733
0.6089966375934662
0.0027878080147877428
-0.5632572266123446
-0.9474301438055731
-0.9290303269534322
-0.5856247765239643
0.021936653289286595
0.5944541099087713
0.9804753721643938
0.9683824239932997
0.627395704006147
0.026185134162327758
-0.5432311674405303
-0.9226452342785346
-0.9066043532438558
-0.558519861750526
0.04772932172540118
0.6250108765614423
1.010925703900619
1.00385931566789
0.6643285791074218
0.06858214992998711
-0.4970906288159984
-0.8705409825833608
-0.8469412107610861
-0.4930562130399699
0.12821192716060636
0.7055879130395178
1.1253010817794271
1.036812697747654
0.8262588348137949
0.6867681153511521
0.013484960268114037
0.04830027756729333
0.14623044685700184
-0.4474713414640268
-0.7637180766068123
-0.9641688803967224
-0.4466199682928006
0.279747929307273
0.5271630794472469
0.2478785122084365
-0.25611076789398857
-0.8386078638456299
-1.1825336489281622
-1.2153196520110128
-0.8456596090121177
-0.2771863908248224
0.34548602768722436
0.7202331313261259
0.7733284254766605
0.4183100485689149
-0.1411330429002601
-0.7604455779951604
-1.1347589067027306
-1.1955617073506553
-0.8490560987708896
-0.31285558376225486
0.28481864989184297
0.6029055373677741
0.6127246394484918
0.0484905430520858
-0.6988772127077048
-1.0620217513337487
-0.9621283373594607
-0.5924420533418473
-0.05274397150139555
0.08125198232648348
-0.05864562029514963
0.2945137340379452
0.790331729532767
1.1527464733269972
1.153304370578768
0.8250559529073843
0.21838057412940265
-0.3785270828083307
-0.8183362629790051
-0.8549480237622824
-0.5738521145684203
0.02630162148247061
0.5822367852644277
1.0391207467003243
1.0265628728662404
0.794337176863883
0.10785236033333445
-0.32865617200802466
-1.130573791140957
-0.6326329048216015
0.516986564124966
0.6931198225170594
0.5796182772410468
0.13608532443227916
-1.0974455384839936
-1.2885097892903614
0.2996809382653435
0.4157388802850584
1.034562043697976
0.444544697179273
0.3435934486315658
-1.2280540165259701
-1.044519644556526
0.2642529699558581
0.6727546957477898
0.9123075904440474
0.6796785861135399
0.15246609913143208
-0.40684191654631174
-0.9176184198932035
-0.869022612917153
-0.7699327976502662
-0.5387472077969044
0.06640915173047808
0.6357926838605316
0.9676097530145212
0.9613690506529647
0.5549894933508874
-0.0056986947149666204
-0.6174298326970297
-0.9139717970276131
-0.9287004839040727
-0.47895541567444816
0.06616513835877748
0.7281990923739289
1.0072826282026044
1.098192663267256
0.6358757485644561
0.24361508314531904
-0.4385202396011731
-0.11074282605350612
-0.24598044028810853
-0.891611497393858
-0.7441313373324746
-0.10847422518405052
0.6246566417499815
0.5036763421594354
0.20876412110447443
-0.43397046959182606
-0.9167872160220648
-1.2350798758454535
-1.1034309245886924
-0.6984029364300622
-0.06064531925330636
0.47168975786256456
0.779109418164092
0.668982439060493
0.24785534864174225
-0.38898214751860416
-0.9451742136839153
-1.276436326072439
-1.205629883150414
-0.8604173106505132
-0.3058947366998812
-0.10269448045729314
-0.128180823419293
0.2974920516896785
0.7649067941734201
1.058759489767052
0.9533952634894634
0.549319350145672
-0.09687202486310909
-0.6605807398264995
-1.028576596792882
-0.9661927084973918
-0.6163613577700776
0.006045150317400783
0.5081619890688287
0.8626200748566951
0.6922667540106625
0.33805037473716515
-0.7164153387418417
-1.2096355120106728
-0.6857441615315908
-0.27801137682982674
0.41912748632925845
0.7786391669659753
0.9557024918168177
0.6094872620423745
0.12664739008303236
-0.5818968412035233
-0.9615590324590756
-1.2084628057070377
-0.8236833048569769
-0.5088804054988845
0.5745105437414018
0.28026769130629087
-0.8532700971506505
-0.4896442188167823
-0.2896694677193933
0.41708078117849745
0.5930244948034128
0.7968359686802382
-0.2664802609355179
-0.8170172051558933
0.8074207413899419
0.548953713119474
-0.621672375191936
-0.27946244629741196
-0.09939218775477877
0.6577506600397969
0.8278484730941178
1.1803692553250786
1.0973818118405945
0.8067350966906898
0.08159584633476863
-0.34459320245142605
-0.8607606995984821
-0.3968197244635504
-0.3851584942956165
-0.5500167050562139
0.003207687342359634
0.550873797720824
1.0181953034868951
1.1544383752130025
0.9004464638493841
0.3870464098636633
-0.2602001916225178
-0.7077615112313425
-0.8937321758614954
-0.6265108123318168
-0.1454272519249111
0.5129147185613452
0.9360744487781743
1.1329982214286367
0.8453058945656939
0.37624873238405077
-0.30077719382725504
-0.709803899001894
-0.9250948542130584
-0.6199631533065447
-0.17028216542887736
0.5292437415105065
0.91630415153977
1.1621867272074826
0.8300999837969014
0.42522526201885674
-0.31069405904064723
-0.6235936494901883
-0.9254715847500676
-0.4371823353139365
-0.13947444559219532
1.2792055829802806
1.2196495179978344
-0.08937187979139713
-0.4803896629804907
-0.8342717185407205
-0.6193035745233801
-0.16783190372188836
0.46392107236776964
1.0045919401582224
1.2125866249474153
1.129277360243426
0.6188439198455546
0.18708276634185836
-0.36343348558649813
0.14812367347343822
