-0.0823003512041905
-0.44532482319644384
-0.9437947533892047
-1.104597982051431
-0.9588965565097516
-0.4422206445670737
0.16661024914466946
0.7312227629014938
0.9561478996242164
0.8470401790677893
0.36231930557339653
-0.21751838965779172
-0.7624452031888869
-0.9582056750705785
-0.8356530140440309
-0.31590098555425733
0.27360364632324363
0.8674562395555441
1.0703280272196998
1.0283379133862403
0.5141887761940134
0.09603268580411777
-0.489742615810656
0.04646384732986427
0.1616301497685593
-0.7783910447369026
-0.9940324926290882
-1.1809435039917857
-0.7622489859856904
-0.274985085791704
0.41989187050913157
0.7868205947167924
0.9354509277420154
0.5899129594902794
0.09164898648504874
-0.5586301201760657
-0.9274721434845553
-1.0447682760196837
-0.696388924180383
-0.17332526563131959
0.4835037113070234
0.8746298601474823
1.002720413855776
0.6777482335947441
0.1722961660694893
-0.45431228228915144
-0.8121485834334538
-0.8871464455454183
-0.4509566939022758
0.25146691780625374
0.8144752089515204
0.8238449428665895
0.5579498407387695
-0.03011250385574908
-0.5330313641090187
-0.8704660501238461
-0.7059503706876816
-0.03129297145730243
0.5711929135704645
0.3446370210287005
-0.004103730467698199
-0.703762216899225
-1.0995501754493924
-1.4132520781210292
-1.1304792866042375
-0.8263934934487782
-0.08469148059873279
-0.18335702708648194
-0.28395017704462894
0.2831805806459685
0.6531012151207948
0.9103248894195589
1.0287541594263283
0.6074330192244529
0.09452345651545403
-0.6062503493569011
-0.9276007904669489
-1.094634156994533
-0.6688258462003666
-0.26350263721440076
0.4672949015457521
0.589558046796562
0.8147384610845606
-0.3663264023058209
-0.7061677701905941
-0.14440106627734556
0.9363035843149219
1.1220444638370737
0.46417746843928187
0.6202563241076291
-0.21905372030334394
-0.5949105848397068
-1.1010633828294665
-0.9614778286811174
-0.7091307321681606
-0.099284203659963
0.3218066909443558
0.8832828689070038
0.9795926562027081
0.865961974076695
0.28466469132083255
-0.27574192794373265
-0.8706496824805808
-1.0266721502393872
-0.953624103986557
-0.43242860982002096
-0.06711778548777904
0.35285707179412773
0.8216082121811317
1.133433456975259
1.0349791391263068
0.6475553383365285
0.0062715011353514
-0.5440667085460754
-0.904260700843608
-0.8323319569516421
-0.4658601228145295
0.16150957423064455
0.7001247550540598
1.0523633620563775
0.9725604166350561
0.6019401695381966
-0.03171913266150648
-0.5715127371048753
-0.9296962615504547
-0.8483645233904952
-0.4842415296673167
0.15375420078599564
0.6856204756828947
1.0513891320081545
0.9595796216087289
0.6071778074363203
-0.0455836468134237
-0.5599733896183592
-0.9479227404529136
-0.8298559757040266
-0.5135754158840918
0.18038932430379037
0.6281313554026036
1.0869239269431512
0.8125837499410445
0.6436255799241677
-0.805683089955351
-0.7004162172378646
0.8024109445301213
0.7463984122940767
0.8194184372079606
0.1587205151690435
-0.2878180178473762
-0.879146508448237
-0.9165168818235324
-0.7868851530758201
-0.16741961388533322
0.3743596591491039
0.945839026802727
1.0446526582229148
0.9051617269289806
0.3393105665844781
-0.2150664864019601
-0.7124876666347103
-0.9289775504528754
-0.5218892166381225
0.6235819510902832
0.745129071003571
1.0922959505297445
0.0936110757183609
0.1828040114555756
0.8115770003797446
0.35116297996261264
0.04130694129577955
-0.3199809968004006
-0.7327543968949565
-1.1197240344357802
-1.1557513712893315
-0.8377328568240703
-0.2651597351770888
0.3739680768405094
0.8093351353338465
0.9303798770627648
0.6411447137423926
0.12138278578651751
-0.48667882186730205
-0.8800874797904712
-0.9718989184167582
-0.6035655092259566
0.8181825432173382
0.9220908971626675
-1.0211318924874202
0.19119434678886382
0.17823186317978795
-0.877765213473469
-0.7558255634661923
-0.4941058878631136
0.12583135425837252
0.7069093289367762
1.0482413141504932
1.101284340975825
0.6755893958416219
0.2572029816845645
-0.5397142633257461
-0.20702752111329215
0.4942745317190038
0.012248946607226828
-0.3932967617710166
-0.9922376410464936
-1.1808230570555103
-1.1267790745903614
-0.637810773724434
-0.0525627426031689
0.537395760554424
0.8112543818934408
0.7415161046537853
0.3037920186980401
-0.3041208974435028
-0.8584696208178618
-1.1663573242012488
-1.0673750553879227
-0.687053577019793
-0.043768500317353645
0.3892409524301674
0.8386460377503623
0.2432504267886049
-0.7564557633776654
-0.6983812624850227
-0.5246689796284258
0.12336617607297728
0.6032451564575406
1.0314415230997007
0.9533691328405478
0.6541392097379058
-0.009021271618388681
-0.5385124011532536
-0.9880667091835554
-0.927343924032385
-0.6644544654414148
0.005324716364997301
0.4649518168464136
0.9522515382516176
0.7239218897318134
0.5677594159926219
-0.9142855249898223
-0.9183829351490334
0.6318252434776563
0.6574148385225628
0.8807627012898198
0.2561903092832919
-0.1556604485940545
-0.8961193821307232
-1.029744999873397
-1.1490334607288841
-0.5724520645622229
-0.246528781467733
0.4613421987027559
-0.05797080350082112
-0.06820068370905796
0.6835105979681845
1.086283488139762
1.2086120995582283
1.0075367253186003
0.41817582986202695
-0.09338179007050405
-0.6654322797219169
-0.5828920280165985
-0.5078525823997219
0.9093057716402467
1.1866081988873367
-0.05053033726763209
-0.4304576672224614
-0.9622879525927746
-0.8437622739086021
-0.5652136936153339
0.09601188470018249
0.6286662648146856
1.035284824395931
0.9981030921082914
0.6622382382978051
0.05788989112583124
-0.5081937356791904
-0.8664825266697382
-0.8511585764485684
-0.46650722133735856
0.12276853786457097
0.7472485461427786
1.094901896307761
1.1642937855665083
0.7702555535401566
0.3432463827693048
-0.33459486952638057
-0.05294650396866183
0.3998109834906699
-0.14470038882905703
-0.5843133739483936
-1.0736556731321307
-1.1312092555088558
-0.9055416218419196
-0.33154321428058126
0.2834581114676388
0.7733276622444287
0.9305725738655677
0.6906546187141728
0.20306052455612927
-0.44433062628743913
-0.813567820009434
-1.0461704763053974
-0.3744631742753464
-0.20998917561109556
-0.5818058309120426
0.2502590980793093
0.7189251542801435
0.9886684324894957
0.7121945812984412
0.2711403589875076
-0.397058241048262
-0.8250898188828416
-1.0308285261640941
-0.7704257319449422
-0.2807693360025188
0.3738051381229911
0.8549705212393809
1.047855675282881
0.8745376831554718
0.33700195507316344
0.00030872266554308683
-0.17896611440202195
-0.8325265773519195
-1.0763376608311768
-1.160051158792564
-0.7225552603113036
-0.20377284906069226
0.46590544398300343
0.7832356089337545
0.8735024881018819
0.46112244033948824
-0.052724935932299447
-0.721219860591099
-1.0324056204100156
-1.1438668011109658
-0.7212749447625311
-0.264712655407579
0.4243161786439667
0.5818612072628391
0.746640095405238
-0.4754725910191013
-0.652446179017948
1.0166175615142026
0.29317805973793587
-0.6468328105290605
-0.781397469285065
-0.5768748947265713
-0.042407463232548875
0.5424622020703527
0.9786982019884154
1.0635375160803364
0.7941265401171079
0.23244249899117272
-0.3528752718667396
-0.8053237138527566
-0.8381379365482879
-0.5747972164335543
0.2841491795684005
0.917022377863711
0.7553088378513156
0.45446919519737417
-0.20327718485759516
-0.7283390233753674
-1.118675588403661
-1.0511423821051575
-0.7267341583231224
-0.11404601294070096
0.3559033106055374
0.6658457362632457
0.2774931146417205
-0.40545646813280223
-0.5816468453991661
-0.22809852120995766
0.3025262961015692
0.8630763476688799
1.132061143144738
1.0848384080357218
0.6388082273025195
0.055430777842481405
-0.5467357281374672
-0.8358113320787073
-0.8124650414107301
-0.37331642083167216
0.19432141251665155
0.7961732059083338
1.0736453894678823
1.0507869290153002
0.6013953476272048
0.0018525188909158602
-0.6205829823289711
-0.7729615073463942
-0.6916818122942859
-0.1293882929650443
0.4214213800080505
1.0623772389755581
1.2272085135745447
1.2470598493043832
0.7095100610784766
0.4528325384485191
-0.02748325858038019
-0.22255726964297531
-0.7147576303258186
0.28806228339721585
0.37265936463880556
-0.6039259078345476
-0.6617793378151705
-0.14230384875310598
0.5999216735193189
0.1855873709906294
-0.16312718766906573
-0.8250747438841523
-1.1153671928081164
-1.1741605990775923
-0.8214292471799027
-0.4175340790160825
0.2780923975040353
0.693552764217129
0.8978553378823271
0.6254925930061168
0.142053235317213
-0.5008552810409356
-0.9426243194660446
-1.1063544023028702
-0.8536539621954211
-0.33615168084433045
0.2872129724804801
0.7598176075531305
0.9009248571575821
0.6783574741915479
0.13163762462240475
-0.4596793591818036
-0.9742881879079324
-1.0777272556403101
-0.9246649416971103
-0.3275895717160246
0.11645962046938502
0.7130147848395565
0.17618820424535914
0.24151189058491507
1.0516080500706169
0.8154067826803061
0.5048786142551566
-0.1126189379309921
-0.6284186082329295
-0.5391736785306963
-0.5499170585356491
-1.1037782254755255
-0.6266234177184766
-0.2532645766206557
0.493500461330034
0.8015283219338206
1.0043482637552856
0.6176809935154671
0.15951907988623737
-0.5384468031743078
-0.8887102119966694
-1.05985324485601
-0.6996323999737971
-0.21880595660413982
0.46061229885790994
0.8281151352361323
0.9853303867791098
0.6387917334790597
0.14700572427935207
-0.5212052192791563
-0.8976442178644429
-1.0454496067273462
-0.706419582337438
-0.20657127856950766
0.4551469071661014
0.838613949646822
0.9806252512014473
0.6478157109855962
0.14258580212851713
-0.5135510453016863
-0.9023126351370621
-1.0392559262915948
-0.7121509029363291
-0.2022728502948742
0.4466958847450172
0.8398078385631206
0.9647710809492045
0.6437238225250759
0.09136331332707955
-0.5843424645020423
-0.9151058903630186
-0.9767642256759068
-0.5814601346432823
-0.03984403594442034
0.5920261073222739
0.9267433211181784
0.9777456569496751
0.5899355790577966
0.043461683462701954
-0.5775424394977213
-0.9147153764333591
-0.9498163682003227
-0.5630141609340774
0.00839100910387323
0.6293266638292139
1.0105433245860818
1.0445553246068673
0.7549900917949274
0.1468155839959544
-0.05853719522636368
-0.06351369010901863
-0.749855567005469
-1.0400973809852585
-1.2571288224945234
-0.8968347360822332
-0.4473806907103639
0.2659858577741696
0.6488048345939008
0.8760079702208821
0.5464079437577611
0.10158759564642367
-0.6088659145148666
-0.9899723395596457
-1.2362373243519118
-0.9075067896203979
-0.5110736674751422
0.19483024902824195
0.46257427930009115
0.7060384351895079
-0.08361476967261172
-0.7624792745860489
-0.796605453430183
-0.39144470398123815
0.05236909632021873
0.6804701201457166
0.44734762329969124
0.5690220072934503
1.0861541998848825
0.7577279535946065
0.3198716555553175
-0.3509019292013104
-0.8019124824591836
-0.992934180645332
-0.7624939295525485
-0.25924926081487754
0.3593493577765821
0.837945559306892
0.995225004122813
0.7798146247256957
0.25223381857623406
-0.35697046209451133
-0.8545028729376111
-1.0053686488954163
-0.8056015292522379
-0.27335671990515314
0.3222490559410172
0.8233423268430599
0.961838438799399
0.7649003981181854
0.2209288013674063
-0.3723512479353857
-0.8849931727710404
-1.0215184683041603
-0.836361325266398
-0.2906728628708856
0.29018909751362426
0.8043652402939734
0.9273910126177217
0.7436371980387818
0.18283270460776158
-0.3967190473060598
-0.9283253785566683
-1.050108108757056
-0.8870731205663273
-0.32508027540526757
0.2290113735657754
0.761741797092436
0.8510028522400601
0.6889708074805198
0.08336873375529547
-0.4700186780654486
-1.0652516919408763
-1.1546386226143022
-1.0919091797538756
-0.4889795290498602
-0.12737727216855466
0.459389091901563
-0.1344465584931981
-0.46164110446112344
-0.23992540124018014
0.7368078668001783
0.5233688132329071
-0.5182904350956264
-0.061830157479146525
0.2233922691879279
0.9090982981454275
1.1401521154918592
1.2429856495756393
0.8014593532381266
0.2794621943867944
-0.39763206112352806
-0.7446733234227976
-0.8419605981684133
-0.47074891305809696
0.055173789919566014
0.6846964402741521
1.0347273046681211
1.0975670129999175
0.7287673848402489
0.17671281655683224
-0.4507713491455705
-0.8213099431689966
-0.8823604005406407
-0.5300762228902577
0.023598644090158133
0.6375094312333202
1.0095538540279778
1.0592649648360972
0.7084108131657143
0.14513510279085928
-0.46739284952878113
-0.8476572623541268
-0.8960106947737414
-0.5522606042667123
0.012365271771309864
0.6187044145201198
1.0003261543320805
1.043250986846893
0.7008780393839235
0.13146181300699675
-0.4734690884713953
-0.859340527110993
-0.9008156720827271
-0.5622312474123178
0.008685806909003986
0.6102233906891056
0.9976559765429549
1.0360769712440545
0.6991226585680899
0.12544157572656148
-0.4743890500112055
-0.8643402532921078
-0.9009708915480444
-0.5663328839787438
0.009226040119074469
0.6068979480065014
0.9988139198280316
1.033392619920424
0.7007969404861031
0.12322902338835945
-0.47234933714292243
-0.8663201966220975
-0.8988141385651376
-0.568455687662734
0.011058160161766153
0.603986136413535
0.9994775218374
1.0284747994894108
0.6985346666301763
0.11375425223282093
-0.48169183971977647
-0.886588074129063
-0.9275852626655161
-0.6195803824352333
-0.10769196035257522
0.3829740001182597
0.8991687989798673
1.1779942539567496
1.1275965072081693
0.6948462186181122
0.12795373898802023
-0.4537690977957624
-0.6846847412644752
-0.6405157703219313
0.07061403127900505
0.8136486893670571
0.9327206032075253
0.7367704039941821
0.17839966374794955
-0.41516072211908495
-0.817750838994914
-0.8589674897152294
-0.5244192569971645
0.05553415898778303
0.6907437843811399
1.1092809527573981
1.2249478427827754
0.924660759843532
0.48921060878292094
-0.07467509537100753
0.09790462671542241
0.2616352689566179
-0.4981292198740197
-0.46751702948781215
-0.7534469495049341
-1.1594817101836838
-0.9848664064456811
-0.5562809397902218
0.09419831239690654
0.6375385999627967
0.9409560499523109
0.8328410045513632
0.4169558916621772
-0.20211070853446336
-0.7231090472587812
-1.0092360018711921
-0.875454346246991
-0.4502625201846738
0.19944215818151667
0.7236114810263345
1.0507167271795594
0.9132812978173435
0.5528288685832263
-0.11205205500155638
-0.5014253875235788
-0.8745336745382085
-0.1428169205102181
-0.024877803664548254
-0.8055631795824929
0.062207450068898655
0.6742701204751869
0.8305877122769688
0.504019972837038
0.0029747259372489908
-0.6264282031035628
-0.9796633977636354
-1.0635579136664146
-0.7014273296827385
-0.16188442528308747
0.4794932886001731
0.8569886000504742
0.9470448887746665
0.6014985338776905
0.06625306898842986
-0.5633233314462274
-0.9371081182351003
-1.0186781115210513
-0.6694693252274979
-0.12825831926440237
0.5052304894105204
0.882881990271022
0.9688384500155417
0.6215765742901256
0.08544950615407328
-0.5480282690273287
-0.9196276822965312
-1.0077254297326546
-0.6530751210630684
-0.12171830065335286
0.5210238763422577
0.8843413196563097
0.9844205004665008
0.6163640905048255
0.10110434127458262
-0.5632704928237002
-0.9038566500784752
-1.0404272799100287
-0.6379506579568354
-0.1909891860811918
0.5314375007384492
0.7117524765857546
0.9676493958804872
-0.2003419563921911
-0.20908336573556904
0.9711244014569043
0.6437888268670215
0.4657314241760265
-0.2930308586390969
-0.6819227878517664
-1.0714347380709037
-0.8471660339850041
-0.5050922829583551
0.21100761216697458
0.6643851944487202
1.0387011311893362
0.8377520674835812
0.5014984602865328
-0.22867241647413136
-0.6449906143102045
-1.1833489828792025
-0.809779134665849
0.01631516746195257
0.5963533670911763
0.9152771986079553
0.8876297109624549
0.43996802023770953
-0.10891204019424541
-0.738329150920943
-0.9646301718430086
-1.0072065384096083
-0.4482205203235397
-0.046163098782616915
1.0328026512463104
0.6570375620817697
-0.6237898327003001
-0.4967564848784738
-0.39604261790806283
0.30134404015765376
0.7526421078878975
1.2365816920954136
1.148694148750906
0.9144126434297215
0.23947433875948174
-0.20635717518838312
-0.680040581377048
-0.4519470390680166
-0.2287396629728736
1.1885104279056942
1.514846602160504
0.4691200088959035
0.15834031930708906
0.038171703502757295
0.32064985144685004
-0.43882405431181587
-0.5322484744783329
-0.9515469709396738
0.21618283836719826
0.48922903759017916
-0.4954181648774573
-0.8788204473732463
-1.2489420085210867
-1.0937539955886368
-0.6976859338861151
-0.04841790656791772
0.5038244268186581
0.8269639980909069
0.7530087353597414
0.3418155726629888
-0.2585578631137231
-0.8194996975001562
-1.1092056790705516
-1.0438432958134025
-0.6076173840994942
-0.01842670278666364
0.5627402305129084
0.8364687191520731
0.7886985036998293
0.32854981650193954
-0.24404997527100916
-0.8632300660889575
-1.1197173203978523
-1.1391734528437365
-0.6587632715801346
-0.23467653714168177
0.41229455742330173
0.012647811559739352
0.06926913431968092
0.9469561750987235
0.9539641649668942
0.862135755768125
0.2597883115182174
-0.2951676447377256
-0.8502615122288353
-0.9874292300432714
-0.8287758984820067
-0.29285932811752463
0.29326169341150227
0.8041158823151953
0.9610881551792055
0.7668445107579968
0.24632566880569876
-0.3737990998351793
-0.870193173796186
-1.0659315463429722
-0.8543715657212657
-0.38792625159280947
0.2632230055118396
0.6593558839267931
1.000901540857052
0.41545765656387146
-0.5940957399594563
-0.7746063384942746
-0.7637962114850364
-0.24995192818688142
0.29149092945150856
0.8484812191405672
1.0332470490251016
0.9080292126996079
0.40310672985407975
-0.20158166030419408
-0.7471302678760944
-0.9820198473242934
-0.8418301963228816
-0.38993555109470723
0.23605737969401153
0.7071390070386653
0.9763187132157027
0.6878668801123764
0.3035329023260451
-0.9679304737381128
-1.2099421333944176
-0.006773945083546266
0.3757487302656909
1.013612040804176
0.9321626919509634
0.778450819354088
0.09014098329177511
-0.39565073267701273
-0.9307043455077556
-0.8960717743005441
-0.7037875233151326
-0.03849851769941455
0.4605237968857437
0.9876397665278939
0.9493820600289302
0.7642858903515602
0.07667617641892861
-0.3870295904647419
-0.9709783145628121
-0.7500364933049735
-0.7562753528921746
-0.38812314426186967
-0.10448094195588596
0.07788187030041228
0.6980712965088524
1.072138138844502
1.1720553432088996
0.8875893557689895
0.32536749968535006
-0.27334583717209354
-0.7400787632975041
-0.816085931527466
-0.5728428431631087
0.019161376023944854
0.5968198805839519
1.105935299643544
1.172042704583243
0.998896969993491
0.4044046771450658
-0.026016429041642936
-0.5590035867408194
-0.018046155219603434
0.6198255099284821
0.2622146385730783
-0.17667159849870548
-0.765294911325276
-1.0585494609303063
-1.0554082215056824
-0.6537576469829584
-0.06279077413326298
0.542704805367915
0.907499210966395
0.9127129533840155
0.5536016738603469
-0.032665880748484935
-0.6093798074193836
-0.9713463168235408
-0.9553182030288188
-0.5944619657647695
0.008556791021829725
0.586321546530289
0.9622470577939414
0.9467781761031674
0.5981374856417304
-0.0047093592043333955
-0.5712879983643913
-0.9473835579649221
-0.9212172602661013
-0.5730846948689847
0.04043430307830982
0.6061348240077943
0.993333934718544
0.9658491456063286
0.6297705241476436
0.01437251809898669
-0.5376510639238518
-0.9274834712886484
-0.8837209955651986
-0.5513438642672384
0.08451113431757892
0.6312378140480933
1.0485483655451158
0.996951714908455
0.7049173072969802
0.056845820694026175
-0.42213504568151883
-0.8602032611068193
-0.6630726752537965
-0.4122610155305126
0.8761834465391051
1.2302551155225885
0.2798291370198052
-0.17200163698325294
-0.818992035915303
-0.9473318965406173
-0.8584478484464164
-0.31416330605960274
0.25661660039225487
0.8248390649558487
1.0142237678181514
0.8954950640664758
0.39137440159076015
-0.19133427198493574
-0.7282228206149209
-0.9193560388452005
-0.772034112292082
-0.2609193708801729
0.3528058052447658
0.9084178871469802
1.141304634948835
1.0381520162526867
0.6044315556042265
0.16351160584249572
