0.7404800048400616
0.5926372427461373
0.2357917910061201
-0.3857882404147731
-0.8576058511008714
-1.10032862806696
-0.9214270358604196
-0.45749923489836486
0.18494941173460608
0.7059213870181081
0.9663008424222755
0.8150752964758351
0.37077842637352626
-0.25480296180824197
-0.7477823951512114
-0.9980887356923271
-0.7922254067407677
-0.343246639654533
0.5086435109063767
1.0065364014426994
0.8033089402866979
0.4462757324005928
-0.20087260483966998
-0.7196571158562617
-1.0432553040426469
-0.9357566493817733
-0.5329957048361595
0.0984755222756707
0.6402303750608843
0.9588079831455685
0.8657178176606547
0.4611959197697208
-0.16008776302621594
-0.7022669815346598
-1.0130710079671916
-0.919764565328681
-0.5089875638126179
0.11285302997879239
0.6602670443262343
0.9718255675523683
0.8830350722308465
0.4731382922571129
-0.14471044227009244
-0.6911547929816652
-0.9991127457162795
-0.9092802038029212
-0.4960792341632812
0.12287803672608744
0.6724010296301569
0.9815351378572227
0.894610839188553
0.48265964742823697
-0.13351494448828277
-0.6817047113544383
-0.9881435506990336
-0.8997893194276377
-0.48519617480087324
0.1325218098924786
0.6833322940072641
0.9914486644994295
0.9057257456787984
0.49296966272755216
-0.12207312957570017
-0.6708557086885721
-0.9762164227811616
-0.8882357718007183
-0.4726014716980627
0.14497804813853302
0.6968118942779599
1.005051321924037
0.920357858348141
0.5080264313759797
-0.10594892014332859
-0.6539462844963179
-0.9581564772209288
-0.8689436108734345
-0.4520087519915538
0.1673783904657899
0.7207668311258814
1.031584960506997
0.9488692481980199
0.5401969787794465
-0.07108793775605352
-0.6138317906396402
-0.9141114531782273
-0.8171397296983529
-0.39399344159360195
0.23741998402990294
0.8015941079279294
1.1325569413182905
1.0711677281433323
0.7008857352813793
0.14227916499666773
-0.3069329126744098
-0.3635036884624252
0.19907271051555017
0.37208782974146276
-0.06513818903354272
-0.595259331953784
-1.0493749932888903
-1.1818578421424575
-0.9503857950837541
-0.4192103609931723
0.2125690260587782
0.7078355946215997
0.8894357293507232
0.6799118023733215
0.17864900647846663
-0.44134723227115136
-0.9155491529551283
-1.0933396186827975
-0.8667858543544157
-0.3736494318148388
0.26332329211678374
0.6700581463221648
0.8774896521170458
0.8214868822655631
0.35403205804965
-0.24285505203735522
-0.7899757743577377
-1.0424102919439258
-0.927096395385706
-0.4702334490516344
0.14227978582873868
0.6846241485519817
0.945890789994382
0.8276456390363817
0.3771689301262777
-0.23767694946059503
-0.7747917391418494
-1.038349102698558
-0.9154650145115906
-0.4675680753709772
0.15165240687343545
0.685636329166059
0.9535422611343499
0.8267084032545969
0.3833500535412379
-0.24096754214486305
-0.7699874547187724
-1.0445899561387324
-0.9120711909037701
-0.4776819805385307
0.15345353184389524
0.6701608745707547
0.953339472210679
0.8033366421272468
0.3803068682449324
-0.2768903414097261
-0.7776238114888504
-1.1026019490599557
-0.9283645552962307
-0.5809680017007732
0.11722804938767885
0.4449441192115394
0.8537625014285042
-0.12481730451770648
-0.17935266885201565
0.9983029432102237
0.7750745338965683
0.6858474396432533
-0.062442430086235165
-0.49687858133837254
-1.0226479300191653
-0.9207937537321329
-0.7084001950088457
-0.009118093042002855
0.4612479725866318
0.9714012696209964
0.8609253924447338
0.6606454906526817
-0.10685241789424527
-0.5179758588211371
-1.3797455972381232
-0.9752603965755989
-0.13019453309415713
0.20669061773768801
0.8268173390631144
1.0033639930379348
0.9039262965040378
0.41474439009737823
-0.1889895356922356
-0.7291602705720126
-0.9771297794296574
-0.8400115360887537
-0.3865492475471008
0.24036234705746728
0.75825511324572
1.0231524998408768
0.8701299614749558
0.4307531802663973
-0.2087497465672362
-0.7136387603256897
-0.9894222789387362
-0.8233584442616784
-0.3941576765218398
0.25931380619110106
0.7540038814302886
1.045570181321142
0.8686278592511071
0.4580970506858259
-0.20764969458785915
-0.679281484383277
-0.9854512408259816
-0.7787135313766682
-0.3865050553111025
0.3198463360643353
0.767094100778559
1.1326243416174897
0.8909582453988149
0.5951859423615888
-0.16679897463317833
-0.42409783768082804
-0.8967043487044737
0.009268793405969375
-0.05655879292256887
0.4005757711566659
0.8063130220974861
-0.501875273029016
-0.7021133125893675
-1.1707788290911216
-0.8156718320134726
-0.49209035090696635
0.26528210192834983
0.6655758656742973
0.9961701539542773
0.7403312658170493
0.350480136582491
-0.34713740274722643
-0.7867316160210658
-1.0776166218173726
-0.8477334504475421
-0.42994876884240296
0.24943629606930418
0.7092863056773645
0.9869543641814846
0.7718446505736666
0.3444932901228616
-0.3244458296434813
-0.7907446578220412
-1.0618921456711952
-0.8496910551878569
-0.4202765224331868
0.2525110889653511
0.7133721192252688
1.0260874268064948
0.777523252023617
0.22118284907022645
-0.42270006010107786
-0.8725313639625845
-1.0498369114791135
-0.7843274954797088
-0.29693199761710865
0.35201291344437424
0.7707747726387892
0.9523650375449269
0.6369865445008221
0.15703365902401306
-0.7020586959871431
-1.1011291168789927
-0.8376605118626547
-0.41093215827808727
0.22980020890846264
0.7374768467412323
0.9858876841544386
0.8293677827578929
0.3676165104494105
-0.26625065357207245
-0.7822745423757904
-1.0916015130260912
-0.8945752831817362
-0.23328567260426797
0.3343550130089601
0.8798202600799451
0.9353271161716346
0.5653971044357231
-0.025168019821737518
-0.6342698293871449
-1.066083533174925
-1.124053339497451
-0.8684041268468456
-0.34190891875726476
-0.02860303911217312
0.08476761741919372
0.503936148046755
0.9740270266487772
1.184620699772659
1.0349992911287775
0.559788913171155
-0.06756848823263317
-0.6141370763717321
-0.8785128194633715
-0.7525366221926415
-0.301860118157745
0.3635782986553928
0.9054730191294423
1.0434563941503856
0.8486195191037211
0.31973006510411894
-0.28516730116797845
-0.7829207610581976
-0.9403597710281256
-0.7375097153810672
-0.21408612061774954
0.3935857076222564
0.8884094049268462
1.0471819010159222
0.8426646394644332
0.3201707665564385
-0.2882881842432262
-0.78220665995826
-0.9410436941143729
-0.7354780321687164
-0.2123895253406593
0.3973516885527189
0.892516783816985
1.0529340565321779
0.8493048652132275
0.32815518406351907
-0.2788759680241227
-0.7716726729511352
-0.928466762815574
-0.7219461880150657
-0.1960439925143596
0.414532269649465
0.9135420018675745
1.074725553128286
0.8763947334630879
0.3560155462393478
-0.24355901621337045
-0.7354522072326228
-0.8813926211466699
-0.6735736739347238
-0.13106068811766325
0.4818046810024317
1.0082276503152834
1.1742300870894942
1.0269870146894358
0.5187315574897013
0.038893520491427754
-0.41305522254166643
-0.006950278137123575
0.47798197030040357
0.02328539060769168
-0.39526358254871485
-0.9692580603050811
-0.9595305442551154
-0.9454072890345226
-0.7949429328601104
-0.20733854312038646
0.3846052745067265
0.834094812056354
0.9212231696759102
0.6447966353006485
0.09223513020643417
-0.5105477382263909
-0.9399960199056284
-1.0256397539719555
-0.7356349726411988
-0.17928065917352637
0.4336382531616987
0.8670751041180985
0.9608186443287762
0.6744600592826594
0.12493618690257961
-0.48479988724272255
-0.912206410634885
-1.0032296330297623
-0.711323490016241
-0.15950870762431604
0.4555295910468526
0.8848331895204186
0.9811117476495222
0.690736347431339
0.14431709862129807
-0.4695415931838555
-0.8931102229574939
-0.9885601321807901
-0.6918729497156326
-0.1449942391961467
0.4760645803096721
0.8996811310701092
1.0036637513091804
0.706536205828168
0.1702065765947833
-0.4519109697354554
-0.8618227673037218
-0.9677023867984366
-0.6516303785188645
-0.11842076955087942
0.5321951887206509
0.9370457946240909
1.0917213222970217
0.7671715019745861
0.34014731707754126
-0.3257680677057374
-0.26292530128413893
-0.4441958473903045
-1.0927166852668178
-0.9600232330719745
-0.6838725997354133
-0.018345018258890223
0.5135865334595872
0.9305598355062884
0.886782630152313
0.5654246965075642
-0.05774743015580595
-0.60894475281675
-1.0011659257656007
-0.9683953397103193
-0.6310929083188078
-0.015588593649311236
0.5463065587788375
0.9321028402698589
0.9063950695628046
0.5625826729115215
-0.048852041621041904
-0.6186871736929832
-1.003496194135865
-0.9892759315555124
-0.6486552949572854
-0.056969983454270845
0.5019496023695533
0.84348310856394
0.7972742288167134
0.2741567920976289
-0.4853947920551061
-0.7882846801761278
-0.7117170171948255
-0.23841892243028603
0.3389564346156392
0.8834019149765029
1.09420844946734
0.97192424640491
0.4824533669554244
-0.11311722418924547
-0.6557589122634266
-0.8753661893421764
-0.7389559245782596
-0.25556858997157444
0.3698577062592553
0.9022628974761208
1.1815024229023605
1.0095368415517223
0.6661610040057133
-0.22311331328761855
-0.14381739415934577
0.6572159837448289
-0.004199375801069664
-0.26872712997989895
-0.9955690087805013
-0.9454965872679799
-1.0387305008308518
-0.2371829898069917
-0.028799282778658324
1.2012175304844395
1.317565560378006
0.588631483353641
-0.06864084104285058
-0.3807254172063439
-0.7948189289892248
0.32233841285578163
0.2944209639647601
-0.06647599104907886
0.18014226286426657
-0.9704042069431792
-0.9599563343666125
-1.1524775024757694
-0.5389180454170441
-0.10062753379299477
0.6245555650647953
0.8201630280490636
0.8928257353630361
0.38681070985783383
-0.11146340263062479
-0.7694762961498461
-1.001159741160826
-1.027690777325556
-0.5455059455525577
-0.013601107428554542
0.6277716109953535
0.8849987603824844
0.8995069051668863
0.43730807069053906
-0.1034529086273046
-0.7288380740593912
-0.9926318462323475
-0.9941355947870962
-0.5367706803731207
0.014701196273710394
0.6366207240035593
0.9093162397550275
0.9084812651812433
0.4585581708329323
-0.09428308923031807
-0.7099637293011404
-0.9831556323542382
-0.9770927826037904
-0.5268406321102008
0.03036205252199352
0.6471929086262502
0.9239887674290858
0.9199364006429098
0.4726120307728491
-0.08163150511265577
-0.6961519265500599
-0.96888897186802
-0.963103873517534
-0.5103828599520258
0.04503790948684162
0.6666619307403067
0.9400259290096249
0.9436311235006232
0.4909743561844562
-0.051826851746593836
-0.6739806293303553
-0.9298771774849026
-0.9346558037615337
-0.4566755560946263
0.08425275735454855
0.7458586410311918
0.9991925709862224
1.0731951437050418
0.5924413892871696
0.20432040139775717
-0.45630764527690976
-0.036630647305492516
-0.04253780094300811
-0.8927395327673031
-1.1114603088853283
-1.1798655414039256
-0.753246447778685
-0.1982574018365195
0.4250136922961715
0.7729411029476322
0.7930756947296357
0.4188700798451122
-0.1656337880391066
-0.7715195498524748
-1.1500989119175151
-1.1835494657528254
-0.8549888213241876
-0.34074874405592115
0.16835491705620212
0.17844975289490356
-0.22925851858944665
-0.04076311525239544
0.4567828524472826
1.0018908198412553
1.2511037064119062
1.2178412347080532
0.7853534898056307
0.2972096701630765
-0.1305715208316476
0.08107831233214528
0.028308064559457946
-0.519340812909659
-0.983354733130153
-1.202466815908143
-1.0618648560387218
-0.5759090995485888
0.03037528084531317
0.5961582527088115
0.8279505363807584
0.7340679255229722
0.24093703913275996
-0.3377146538985038
-0.9285866452818023
-1.1390788662656215
-1.1045192508924424
-0.5624307946505662
-0.22348477286812735
0.13433179756419986
0.6845982711052254
0.965719776569789
0.8914870631128404
0.4856837472029563
-0.1457933368791685
-0.7017406438528921
-1.0601198871446351
-0.9841598327177085
-0.6274740645696489
0.00810847673091064
0.5203320423571278
0.8842626843932749
0.7605919152176683
0.41111527363002426
-0.28495200255424863
-0.7868008356437466
-1.2396616031744225
-1.0955569506965621
-0.9093029602139296
-0.10420986278146353
-0.16737026303473698
-0.2709115643245015
0.23722436065681105
0.7203066335439695
0.8011932668106546
0.7481366253397402
-0.4855114417590486
-0.9809743545842877
-0.10082537950942966
0.32309514409807216
0.9054245124259914
1.0410628880812358
0.8180642106533128
0.3312644515793643
-0.7948007405160206
-1.1607782846148902
-0.17784098136967635
0.2231766696939544
0.9338912962981775
1.0250070916350973
1.0049370595281057
0.4213622021243
-0.09713539250185178
-0.7202089647415219
-0.874606863688796
-0.8146617479121357
-0.2714153683144698
0.2697973563780678
0.8653540359824218
1.0338084344948135
0.9548768583259889
0.4200921470376442
-0.13344961266073022
-0.7252496377029638
-0.8998118019020355
-0.8225060561842665
-0.28660656203966345
0.2568831767961086
0.8605239605458462
1.0073150339750714
0.9627222317399262
0.3458505934784216
-0.10726917938237603
-1.1604807758282851
-0.8633046908267534
0.47918753188254426
0.4282291374860729
0.2688732264602757
-0.4377506640090303
1.037216628598119
1.0445300850997132
-0.25994918382394794
-0.38222294127521367
-0.275676966884909
0.5368309214794529
0.6126659132160336
0.36632570974859796
-0.2604873709707474
-0.7374772142468536
-1.1021649949599541
-0.9839489401796229
-0.6258188752820024
0.03358623903965747
0.563555999827559
0.9389353323896805
0.8514044383934145
0.4975793446030026
-0.142235819513784
-0.6703766131765331
-1.0325958791755665
-0.9443577916329161
-0.581512134669438
0.058453183487294384
0.5927163378274534
0.95479561362631
0.8704931659212448
0.5073551943635813
-0.13044792192279847
-0.6650801391063497
-1.026543983195184
-0.9426447245395227
-0.580343698476424
0.05704544105237619
0.5893729321664686
0.9504224318727909
0.8626254784257169
0.49990961685223956
-0.14322746436943312
-0.6759813778895011
-1.0450721049753817
-0.9577383962943716
-0.6060958032767124
0.036495333929743766
0.5538808908859689
0.9222667061307235
0.8129666331064291
0.4603507858788386
-0.21547888051393543
-0.7341471492394119
-1.1583316887656727
-1.0493547238857053
-0.8124760692359297
-0.10449825192703156
-0.0494591596365255
-0.01062706519463211
0.5748548873822825
0.9783627442573861
1.1254893120164884
0.9020402716220501
0.35223248099022
-0.2546761202818586
-0.8078185143125572
-0.9519241681432975
-0.8436817872775939
-0.27440737689462674
0.16237570349218108
0.7628374372792763
0.25396001525406275
0.3051671884417543
1.1360437334171378
0.8969151212261359
0.6346990419563645
-0.07511770429224236
-0.5538550125659474
-0.9403308701210783
-0.8160057105460117
-0.4628451520980973
0.1905204672690142
0.7081031726778051
1.0609985856560205
0.9577825625628682
0.5829088885086267
-0.057592260382495396
-0.5894877737203934
-0.9341300952634662
-0.8397122549598663
-0.4595807959837748
0.17733006374837373
0.7121833425358602
1.0602078705873146
0.9665089117378309
0.6051371297384507
-0.034133545790400205
-0.46173578622406136
-0.8185280012500684
-0.9670665096846262
-0.670070105699943
-0.12341637280497866
0.4863744830201741
0.9223785651472604
1.0085408954357435
0.7283467842306867
0.156485542836522
-0.4551454872377652
-0.875163824685243
-0.9297153333708785
-0.6245422357794341
-0.0504617463811835
0.5436178639848983
0.9616966485083139
1.0105465797240543
0.7067518861280003
0.1286919816972893
-0.4630499845128687
-0.8848816409794424
-0.9305236258373788
-0.6309188118593891
-0.0485052059426061
0.5380435751813618
0.9659443919511795
1.0046516878378917
0.7139216748193036
0.12161021908450667
-0.4509505153307433
-0.8941037732541285
-0.9078256309502005
-0.6433433663915661
0.005957151061967068
0.5232739142172695
1.2371704236707348
1.039099231400872
0.06694670073287488
-0.4366473318128931
-0.8932667371719067
-0.8240763362041919
-0.5087555755295498
0.12472456304876908
0.6636401760224492
1.0477570764804018
0.9966398213421468
0.6503596658848989
0.028074947654677374
-0.5270506488957744
-0.9034103878325074
-0.8613821358417422
-0.5092769226949423
0.10803972527398685
0.6678392498446251
1.0419531216873767
1.0039092014265156
0.6515667071998144
0.03785410315709398
-0.5205455792899677
-0.8911968046472634
-0.8502911821655654
-0.4944099393435329
0.12358169096375886
0.6858314927077082
1.062238619004257
1.0257915085597356
0.677303549247045
0.06480309658949727
-0.4881376048090316
-0.857352305735635
-0.8092413861524018
-0.45070933985634865
0.17649591190212216
0.7445077101741044
1.13258496612072
1.1092101912802534
0.7756855233560398
0.1946899382240575
-0.33796959767926354
-0.6171641556348803
-0.535364038387246
0.3047427698796981
1.0718430724628907
0.6094993476712836
0.38150070580590023
-0.4061522752243649
-0.5704402617614938
-0.9154112687165765
-0.003476509983783501
0.3761276820683178
0.5242520751878371
-0.8655570208616364
-0.8151825500266779
0.6519922405944031
0.6910309862259654
0.7380476961881053
0.2110083351564725
-0.3328278641837912
-0.7273511798135773
-0.9710103132274096
-0.05636147135414834
0.0672489630102414
-1.0083915599773716
-0.5447950807268918
-0.15907836202901773
0.765330355366734
0.6651869523017832
0.6691981305891678
-0.07754595083555688
-0.4695676533198653
-1.148580100787582
-1.0326591499425204
-1.0668995678108708
-0.028453747900917675
-0.11202524386918424
-0.4981703026144942
0.04881153997479285
0.5522225010954817
0.9853930693493311
1.0753946494921283
0.7840346200013498
0.2488461695693399
-0.39527170608631834
-0.821294657952081
-0.9692283842733627
-0.6727604137505849
-0.16756347053090287
0.4809527752013362
0.8893457839446671
1.0416468080026475
0.7338189065904892
0.23335844739780054
-0.4230998543731389
-0.8260975152924185
-0.9844338901721758
-0.6702880517751814
-0.17484252877333803
0.48914892493845763
0.8875759701309988
1.055033261607273
0.7363365847639857
0.25211904488694215
-0.41677247820746266
-0.801088830072594
-0.9741890724180039
-0.6372596266707128
-0.15995475131857936
0.5334390701528832
0.9086758212073744
1.1167079273173255
0.7664898657532162
0.3441203950760837
-0.3740138060342786
-0.6442008115200144
-0.9592652318385595
-0.2339824244326988
0.6081213889822471
0.8850091068059
0.7068333532064478
0.3345367446948607
-0.36227288417873366
-0.631408603621498
-0.9993495136012732
0.053217761725348624
0.07168437850100844
-1.040563159246062
-0.7669804152953278
-0.5734330930910507
0.15665274093948017
0.6053597707051678
1.0048746636357961
0.8663281321250508
0.5201998942576845
-0.1401819268706074
-0.6567036366909194
-1.012543943218386
-0.9125986954322711
-0.5361146237369308
0.09921319807954956
0.6382769225362713
0.9764371135055006
0.8940287108851528
0.5043013584459196
-0.11690034352944144
-0.6663524451838888
-0.9928216584556403
-0.9188790288657701
-0.5192656778367073
0.0948032253463955
0.6527592294607314
0.9730327135462811
0.9065021490581193
0.5013492077173207
-0.10619983380889159
-0.6692500714868346
-0.983763306949133
-0.9220496728134676
-0.5118186720316715
0.09104718430067686
0.6585184851374216
0.9683496565468752
0.9103671158620912
0.49532170412632065
-0.10461169524743621
-0.6771764593953249
-0.9850943665582083
-0.9326601394617294
-0.51712375801344
0.07657760784602453
0.6474844336263458
0.9481630490295964
0.890572999199143
0.466290044036773
-0.138732185921271
-0.7207540200350323
-1.0447603826709508
-1.002372183660034
-0.6285382977848808
-0.04708960695411318
0.4041825540821456
0.6805168082411751
-0.006132076386305755
-0.6018574820763888
0.098787670143334
0.446580111978942
1.1557770112157435
1.2006564340122112
1.2699866970970137
0.6029217228465676
0.25158821724757774
-0.5321522487789644
-0.3576923601391023
-0.5958958682537328
1.1061450259900312
0.7881925072290948
0.11431045603453152
0.7949135815106617
0.15331402294854118
-0.5837213269680357
-0.5616022749672951
0.7354045477921529
0.1296069964253727
0.04984303563718245
-0.8433151451339214
-0.9211051350729418
-1.3025769384358834
-0.6438773913178863
-0.45395956728633385
0.980517438108722
0.5885244752287294
-0.6771952652293707
-0.703835171974512
-0.558403323434939
0.004329084909352446
0.5740023833730036
1.019059350537128
1.1472163059420797
0.8724441458050406
0.3827514244153046
-0.24345871669367755
-0.5740482147721399
-0.6904777122702839
0.0468798721447597
