0.23829708024365032
0.25462336945694536
-0.4230783142608453
-0.8034102695561453
-1.0708257709482278
-0.8338397754110848
-0.39073406951701145
0.2781962920782296
0.7641511185326306
1.0233228163699835
0.8352715164597914
0.3851988130004994
-0.2549180439915601
-0.7468311048477478
-0.9866438806199305
-0.8037932415580248
-0.3394960520633331
0.29599865560514843
0.7991186182268317
1.0347610288685032
0.8612887415151554
0.3931799191023982
-0.2340130606566944
-0.740657884384254
-0.9685374003357813
-0.7983625754046817
-0.32258651189973775
0.3014832302740648
0.8161282191900701
1.0410059680077646
0.8796513599935287
0.4009360714904651
-0.21285433588489605
-0.730450386790795
-0.9426450131941254
-0.7843582847803668
-0.28900609477810146
0.32143673261459743
0.8624507437315828
1.0707446410667265
0.9485226599391324
0.4482272141194485
-0.09885295923070817
-0.6467490374338608
-0.7137321399731401
-0.6014812755952873
0.5324147369293359
1.0863447990606514
0.3267101111495427
-0.0690449806545027
-0.7818647400874096
-0.9871551339191826
-1.055505510523758
-0.55909270054752
-0.05382342527298602
0.6241282354939536
0.8668668379054207
0.941165860692086
0.4459026879326435
-0.02236192616830658
-0.7357559352571076
-0.8802891303846715
-1.064407198066854
-0.13836453040159347
-0.187682249183911
-0.2139817739125446
0.8009131079242154
0.8253262095127336
0.8393876962842245
0.2416392466186077
-0.27040523557668417
-0.881412677944556
-1.029572612303685
-0.9496935315316856
-0.40780932565677414
0.14183926911129935
0.7209101275339772
0.8831833617867433
0.782049179602425
0.23984527060114097
-0.32638439635105737
-0.9180985868263692
-1.0968269198886142
-1.0227649581420075
-0.5045546065424129
0.011802562608496374
0.5434841516590213
0.6214353450743065
0.14916516917521455
-0.7177319733020262
0.6084791152677805
0.44766960381920035
-0.7801803087865176
-0.6873899761886512
-0.549366512692119
0.08487602185380655
0.5833935220052217
0.9923027970857399
0.9636423508712904
0.6242218608804111
0.012954697382774555
-0.604187485602811
-1.0046305892848666
-1.0890397177215654
-0.7476903648065494
-0.3108041702335454
0.3384591969493589
0.1155148415922231
-0.2880322843551693
0.29687912563366886
0.7132816623835431
1.186923040431077
1.1702857081620577
0.9231083081067963
0.29521453873742515
-0.2792785219824052
-0.769742728449075
-0.8290027669705419
-0.5903909195876818
-0.008152549578659091
0.5613678653994182
1.0209680764279334
1.0771253076457532
0.8161009553324765
0.23185532882243126
-0.3547430073376897
-0.8156498784879245
-0.8852747102423385
-0.6250764301690325
-0.051725067270997786
0.5343972612515872
0.9863194792681482
1.0557374318994097
0.7880183835478856
0.21467767955622777
-0.37781241934777293
-0.8295396328993178
-0.9043958625396729
-0.6363184743280819
-0.06765118025380994
0.525348115688498
0.9730431813342696
1.0485533413373513
0.7769908998142773
0.20912121849754292
-0.3868884985099152
-0.8336389451480376
-0.9117409329856664
-0.6390794515282064
-0.07342628992187833
0.5238484392769404
0.9687245689297631
1.0482735766325482
0.7740552503159552
0.210052301081685
-0.3884794001343905
-0.831474747030559
-0.911992135814593
-0.6356273491376283
-0.07230961927636745
0.528679276465502
0.9712728309667601
1.054616368513855
0.7781393120327026
0.21809278510947064
-0.38270648736373086
-0.8214827357935274
-0.9043153173601742
-0.6233379598487248
-0.06243142588220957
0.5437412496545805
0.9837642538431357
1.0731155420986103
0.7938215800926428
0.24098385346371304
-0.3630042537551819
-0.7927769461179098
-0.879362179173598
-0.5865889692503615
-0.030314623906378985
0.5922684289415949
1.0261992452991657
1.1403120050868827
0.8521673345621594
0.3415747389537874
-0.27839147199701975
-0.6179249132474087
-0.7711062426002021
-0.10481555394402745
0.7782111282787824
0.8428710110879699
0.693687907279267
0.1104545375114064
-0.4143671629778072
-0.876280575161689
-0.8990417983352952
-0.637975094517732
-0.01714764765338555
0.5769022874653928
1.0896641712420174
1.181239677089132
1.0121723489957968
0.4990529067230682
0.21965155298645733
0.06160825841765433
-0.355836775512929
-0.3417282350084459
-0.28895082343255274
-1.0894431282858252
-0.306267133026279
-0.413082872799361
-1.2176838331667739
-1.035572403599107
-0.7310266049083112
-0.11645974439554936
0.3793875209841814
0.845554434418389
0.8757934941991741
0.6097404550575055
0.022114319091523556
-0.5574045231357453
-0.9969929207953337
-1.0494425976333568
-0.7633447212625623
-0.18498695824428915
0.40933073520836155
0.8446457880385239
0.9082218540474678
0.6201807354717132
0.050316037483662
-0.5447509565175467
-0.9735311343764921
-1.0372139958823086
-0.7441475655535725
-0.17403809211269028
0.42484973741073656
0.8540634585209586
0.9205733584449702
0.6280339878255179
0.05990362698844808
-0.5384214545741206
-0.9664047869910077
-1.0323526535753669
-0.7392679613678118
-0.17060024687727923
0.4276197621569286
0.856098900278954
0.9213003035190388
0.6286566981932846
0.05858514035694509
-0.5392603651919585
-0.9698435790575041
-1.0347495751611682
-0.7449848275785292
-0.17471206461147556
0.41936468830461776
0.8500348474825853
0.9101115031080549
0.6202910810420278
0.04387690915772015
-0.5504401052025124
-0.9889392870314764
-1.0495054674316788
-0.7697787948493426
-0.1942075583656441
0.38682502916717926
0.8239509725819233
0.8664645800977631
0.5845124754022831
-0.016799088002118993
-0.6015522604327411
-1.0781892690787918
-1.1273849788641424
-0.913922349226403
-0.326354119498824
0.10830573924783148
0.5477118912341696
-0.06581857579553671
-0.5056844847797579
0.24929873315542245
0.7540817056241239
1.102954935883436
0.9782491576379048
0.588079280004953
-0.0573326289839203
-0.6059170551199667
-0.9433684239921626
-0.8678085725323721
-0.47433712354156465
0.1367279135209913
0.6873852136855224
0.9987788108633235
0.9254431446391153
0.5103146446646246
-0.09787465803023185
-0.6681622005689477
-0.9756536163779536
-0.9216553078953135
-0.5011085181652025
0.08642091374929743
0.6644570381789909
0.9480128854218631
0.9056318023241374
0.4549098249511421
-0.11381631891419647
-0.7336849707206343
-0.9825662311184065
-1.0053740870298933
-0.47201183905115296
-0.014067441490493195
1.0282206227019282
0.6154800512040579
-0.6740304190818948
-0.6331845510003994
-0.5854614254647242
0.06435793330386486
0.5357790301802493
1.042997967686514
1.0326167124352348
0.808984675140244
0.17617652217562596
-0.3759431770288687
-0.8727259556600961
-0.9095897357904187
-0.6792765919956643
-0.0780726168269897
0.47826055595842853
0.9519054755508305
0.9910888840090104
0.7425758818177504
0.1419175713768121
-0.42971283989525094
-0.9049400631415709
-0.9579260730552237
-0.7143242736723766
-0.12726372287177162
0.43265328203107895
0.8926263060160519
0.9144599349601521
0.648832698117063
-0.09251283342369249
-0.7243175071502135
-0.8822732120779253
-0.7046058176330527
-0.18508490269988853
0.4100123192170192
0.9142798044134828
1.0564414983089758
0.8829155118227935
0.3257279335863693
-0.21096957690396703
-0.7779814379608934
-0.752752627030498
-0.7076374448736626
0.6947619037241741
0.7586371643151185
-0.797019318286427
-0.6775820032505635
-0.8391572230959704
-0.11238895053406883
0.26373703339436977
0.9556997513925062
0.9405510774310378
0.9269514204063859
0.23349826683784478
-0.2094077182586732
-0.903177579037814
-0.913588091340181
-0.9314727510854743
-0.23964225768530814
0.13040903285742889
0.8426834728105204
0.6850700686165094
0.7458666178436765
-0.6556497471927452
-0.9474006470420687
-0.29224382275506333
0.35673841119589345
0.7545651200937845
1.214293087137762
0.6472989768543116
0.6792236722705997
-0.28700627581127747
-0.26919037578522825
0.942835311911924
0.5966292534651648
0.36371612892220656
-0.3406583159351045
-0.7534400905041871
-1.0033308376975583
-0.8059616978625959
-0.3106995673058535
0.29033083122743664
0.8659289357482336
1.0143742240470266
0.9726994566865599
0.33157085069421083
-0.044539126413106034
-1.0894268435093724
-0.5579665864004608
0.4720037674129212
0.5759805917195985
-0.40352228103795096
-0.5251618291787095
0.8950556348496764
0.5659874851242235
0.5622066933617992
-0.2479652797732428
-0.5962521742805905
-1.1217552004741551
-0.9311038126042293
-0.7022632205927035
0.03681117261981468
0.4952890191223483
0.9778497545359688
0.8522572348170184
0.5971054531944572
-0.10250246607697883
-0.5709864677392148
-1.037058646707341
-0.8603932568761242
-0.6546778393483234
-0.1711922354410301
0.39541977642473364
0.8967265178557609
0.9858651465696191
0.7867405131778703
0.21164936341858487
-0.36554391407913406
-0.8664908718985829
-1.0071545291526285
-0.7577114360621211
-0.0482728003733493
0.48491701610215276
0.9536954074616162
0.9333542293594801
0.6659741034661237
0.03521131668586384
-0.5051323196021863
-0.9535779838035917
-0.9373958095734742
-0.6590354110226476
-0.030880447090860116
0.5169619182271573
0.9638537308156809
0.9533778469003122
0.6743064996880823
0.05074997785776498
-0.49705289191008734
-0.9401136995595507
-0.928877593422546
-0.6465468631859687
-0.021496993623088826
0.5291202973074925
0.9744557659881491
0.9656802397435229
0.6864909242312475
0.06362084127391882
-0.48285784487552025
-0.9262283792616047
-0.9121264907348968
-0.6311193240245454
-0.0014582019699874139
0.5467707031503884
0.9988054047634513
0.9864912602913751
0.7166419012330661
0.08896060174325786
-0.444632437527015
-0.8942462600002988
-0.8621606704690807
-0.5890110208514822
0.06660586458266017
0.6052314218168559
1.097161969027346
1.0737308981929585
0.872542773946257
0.23429026569045094
-0.15114805058119363
-0.5976507545057109
0.06836525091694244
0.5248035135159989
0.04990348196662265
-0.4477896989322579
-0.9621022100727313
-1.1790707793663533
-1.0207226336154371
-0.5613138160635767
0.08962195264518931
0.6040635532652145
0.8981747575543579
0.7333040591692841
0.32504532162488853
-0.3397349295116474
-0.8131563171690547
-1.1305967212613632
-0.9268082586476583
-0.5572459246257515
0.15125331212804843
0.5547749824834634
0.9315622026529871
0.5701589669847212
0.30497262368085615
-1.1271802483599442
-1.1934022710817207
0.14131502200082402
0.5140564439057949
0.9668560921184618
0.7637072580488161
0.40891322602454483
-0.2599701050563393
-0.7503069039871011
-1.0530483358150136
-0.9105474259828943
-0.4829046869440731
0.14642128306013497
0.6842184198772334
0.9567728145274266
0.8516985096062688
0.39766741130640654
-0.19710552041805404
-0.761377893394389
-0.9969396364101504
-0.9229344905752396
-0.42279034345091204
0.12735475965925508
0.7602025820552976
0.9074345812613773
0.9655345242620261
0.06849816991262532
0.011833994210149072
0.5101739175014421
-0.12751173203093913
-0.5488367577259777
-1.0927012506734537
-1.136961156494425
-0.9531078201606397
-0.36606540645510194
0.21230462105108633
0.7177510749120126
0.8364400532462117
0.6154373518633074
0.07431918417231753
-0.5471303324684387
-1.0189323422076906
-1.196221901572344
-0.9463299198361281
-0.5002440272848575
0.1510004326745846
0.4213779855444052
0.6370905644636536
-0.4910779381733645
-0.8826567609348486
0.2890787984092346
0.5802300340875832
1.1011014728657529
0.8709671934372082
0.6072132585260558
-0.13324120730268618
-0.5839585637497944
-1.0243285983823307
-0.8576880202829913
-0.5682277810931196
0.16824300497643022
0.6106868697673762
1.2502792521404509
0.9300065998041048
-0.05200853750072059
-0.1776750852281918
-0.4758649409736553
-1.0921758544590667
-1.0305644210223703
-0.8059735409209787
-0.15561354885375556
0.35803786566762563
0.8245293486306953
0.7853809684635518
0.5192924973288853
-0.14143395740981196
-0.6930210002536062
-1.1900331393362293
-1.2076335085930872
-0.9979230896880733
-0.45846032734978714
-0.01832201490788117
-0.052735583965591956
-0.42394207585841676
0.2866329010061022
0.41612229480826296
0.9422806388032646
-0.14160308205098357
-0.2971868191420382
0.6613089683713813
1.044190865291088
1.2519753119893235
1.0686941039779674
0.5166038404230997
-0.011146456331451874
-0.6201596027871358
-0.582496888954051
-0.5846693760074172
0.8812896967921121
1.0213618216393638
-0.44913785248984917
-0.6438863580252998
-0.98515867779669
-0.5630664805365879
-0.15037015423443462
0.5539070569202025
0.8958433209295227
1.0569310938918777
0.7063452171670125
0.19869248272711038
-0.46300975695063384
-0.8789816203806172
-1.0126055434498134
-0.7517148366837592
-0.23072082908095268
0.16170172201078162
0.5179258016027004
1.0668985975980383
1.1796806371095983
1.0034924054799488
0.517302430936869
-0.08672132811386586
-0.2239530849177831
-0.4003935439752013
-1.0536015426173764
-0.8861285156066047
-0.6567989554883182
0.0471882641223807
0.526288136476655
0.9551880009689037
0.8667279058945496
0.7070525184941231
0.00658215972019849
-0.46950164563627655
-1.023906558102684
-0.9481948162625468
-0.8179289887491282
-0.09681189828209262
0.2108285797470738
0.8162540477807577
-0.08234597740642471
-0.09317946695224771
0.9544489642665975
1.158480848252376
1.171701852613921
0.8207746901961318
0.08914334916805677
0.03613067597636416
0.3674771597273334
-0.3180038820909613
-0.6907009963720779
-1.1159210846346708
-0.977860884673776
-0.6634972473109078
0.013761431567043752
0.5417081596647644
0.9552956409515839
0.8900179320263274
0.5660475897145617
-0.06898806210083251
-0.6042927495742296
-0.9906695183456671
-0.9308959052417614
-0.5883459142962975
0.04261251955632136
0.5909510283152557
0.9742543214598155
0.9235713572250375
0.5784016017989142
-0.04665177787821564
-0.598268443125426
-0.9788746385089411
-0.935794812446113
-0.5930135580384023
-0.00930596197095096
0.5155697411644613
0.9793918195845093
1.016097272562045
0.7694838285215588
0.1676562150134204
-0.38984405916810744
-0.8680849178320492
-0.8924619902159647
-0.6591447435595407
-0.025546857638800134
0.5090942724144512
1.0483323692799562
1.0169936510160356
0.9178678050034985
-0.014429446637191746
-0.0042822091860651315
0.4670265448518425
-0.1584441617318883
-0.5764138651705628
-1.0759984123892348
-1.0792722963843766
-0.8497323823000792
-0.23615200547023638
0.34000789328447856
0.8318612223003156
0.9066738575239942
0.6722606839505328
0.09943182875242082
-0.47981292623326155
-0.9454953826705069
-1.022206672893128
-0.7697018568732624
-0.1979243386499051
0.39445881028276364
0.8597440048231391
0.9463310738971027
0.6939757215787186
0.12980458639733336
-0.46193424274556893
-0.9212623518269532
-1.006721848205748
-0.7496535580360445
-0.18384947890841885
0.411631792907382
0.8731533465797088
0.9615736926213749
0.707351792380009
0.14385848677419308
-0.44798373041496337
-0.9077540093131757
-0.9915377782019195
-0.7360645897068278
-0.16663665419981527
0.425990902325838
0.8934428161160627
0.9775570275309595
0.7322045141271483
0.16264016336513776
-0.4163126647898396
-0.8844048980301586
-0.9493830479521073
-0.7052393445779569
-0.10753751519966102
0.46955156738491904
0.9821639508691349
1.0445739423889047
0.8797482830088847
0.2791493129382519
-0.12044021293664235
-0.6323457479019198
0.09567111343223
0.33325469934575486
-0.644374496409032
-0.9405986343898252
-1.2760313890286907
-0.9844240240158754
-0.5822035782928545
0.12331812769083911
0.5685563275126799
0.8526252035546761
0.6212713854053656
0.19489921982481478
-0.48814556359930034
-0.9511783001430685
-1.239258488985811
-1.0267214207998991
-0.6361410343555943
0.019036198640995053
0.37744133438661226
0.6014735680375254
-0.10000062426215581
-0.7281644887056165
-0.5361798181560838
-0.11474441185752801
0.48389682699368075
0.9196096148580087
1.0570414271017268
0.8112861609401796
0.2745293117766754
-0.3471936298784639
-0.8364714853320361
-0.9865761893429419
-0.7725245916794654
-0.24358947338297005
0.35646711635164796
0.8406350474245753
0.9742777404260032
0.756838311876107
0.21425373480697682
-0.3879768707908039
-0.8843518340283625
-1.0192264364390353
-0.8134538551486442
-0.2712962136415864
0.31911515606838736
0.8158218497092635
0.93809478172089
0.7334428363882325
0.17722223611031887
-0.4111657970663752
-0.9242442651100646
-1.0433613876782133
-0.8585818953935411
-0.2976483330897082
0.26551324669314547
0.7856713668279188
0.8710265456374566
0.6974050371779685
0.08802891393843237
-0.4555173153874963
-1.0528516451805392
-1.0941164717321135
-1.069691739425269
-0.2431942662780553
-0.22151527634815676
-0.36617797621172893
0.1391311407223037
0.6306185906869892
0.3895575021537676
0.4160720089764008
1.1888324799045877
0.9447645421699867
0.702763884858034
-0.02750210051416275
-0.5080939593688986
-0.9415303794650397
-0.8341697746540446
-0.5222922168546889
0.1359562275523358
0.64705506057923
1.0350483557250787
0.9447895223234437
0.6013584443155521
-0.04600330675118414
-0.5803842330970999
-0.960897158893683
-0.8885629001439384
-0.5397257541349564
0.09339433201536497
0.631824658863234
1.0007438250795497
0.9315266139001407
0.5730682519983257
-0.05759664838450408
-0.6041349786727807
-0.9710758929226714
-0.9087757680761661
-0.5486794008864383
0.07602842461033071
0.6239764988943507
0.9857538828700607
0.9247413783636993
0.5601578415426564
-0.06326235266195954
-0.6150947713544623
-0.9754087387502065
-0.9177008890451327
-0.5511597973608321
0.06959773599999375
0.6246210715550983
0.9831989276819115
0.9323579142025317
0.5662776642556413
-0.02483842781470867
-0.567419281930554
-0.9767709994465681
-0.9749690323253166
-0.6593244020822218
-0.054804948085863205
0.516982337383715
0.9273865627674108
0.9318578015236318
0.6156095102373924
0.013449642322828368
-0.5594211343546668
-0.9689581111462989
-0.9746812298277926
-0.6583410646145719
-0.05748864224146911
0.514988480781382
0.9232098293556349
0.9281920329708835
0.6105490468439424
0.008680797298797074
-0.5650774590646351
-0.974550230761547
-0.9807890674224166
-0.6646123233873688
-0.06397663217893466
0.508109815171235
0.9163718644956481
0.9207346449964655
0.6033657198633524
0.000644976195042375
-0.5726190422235561
-0.9831850594276568
-0.9887151262132363
-0.673883877657773
-0.07232470324611655
0.4981481217234669
0.9075535886350906
0.9100136046800724
0.5940181077165124
-0.010921752530013408
-0.5825671118028427
-0.9957034814153048
-0.9993485414393894
-0.6874835245937397
-0.08374467994735124
0.4833086475460392
0.8952260222559613
0.8937387929553131
0.5806374739978439
-0.028875480841360456
-0.597176854072437
-1.0156440098908606
-1.015402014595344
-0.7098074732327766
-0.10150550730676264
0.45807731713071487
0.8754319754067494
0.8648833265670433
0.5584062334531528
-0.06238784053413235
-0.6223433884471687
-1.0554346019365335
-1.0441027298680114
-0.7588667018555605
-0.13441208584772674
0.39192091200992085
0.8375912674191945
0.7266414467993978
0.5091584032230828
0.06720047186337536
-0.5408411761732665
-1.0728294239608123
-1.234746273888749
-1.1147324958731948
-0.59221673609189
-0.13785488452614675
0.34574011644099084
-0.07239110669868824
-0.5221685730718147
-0.15576936698861987
0.32955294250514566
0.8286360056194142
1.0303933188794872
0.8704194609817253
0.386036202159656
-0.27437806676264354
-0.8321818106702946
-1.1556546299626484
-1.0561462972907876
-0.7180508760139601
-0.16168365348950117
-0.009808835339051995
-0.09964272767223775
0.16406641737710498
0.6856764275237399
0.9138258022565606
0.9035657702647608
0.1316630811695433
-0.5434065279014196
-0.4968505585633565
-0.1485221967326645
0.4259404004256295
0.9419340872277012
1.182431166742931
1.0757006310261994
0.5925920933899066
-0.006312604920290312
-0.6119939117486405
-0.8597337810772058
-0.8426647589977266
-0.35183313832296675
0.10684941124131672
0.7443603201393582
0.46348789150219966
0.5693600282857381
1.1932720259115062
0.8889378484899968
0.5165240376646889
-0.18233725516654561
-0.6344487303957296
-0.9097644852669976
-0.6880513802144337
-0.27440242907565765
0.3134890306224541
0.8452549505792499
1.1212450891350687
1.0108019167102138
0.5685618725353597
-0.04128438593172524
-0.5947505724237995
-0.8575203487306626
-0.7678253913990502
-0.300142187960432
0.28533801652608576
0.8828863471470438
1.1040854808443572
1.1066664530845365
0.4566121835351253
