-0.1581072593965117
-1.0754519134909408
-1.1605633158204536
-1.2119345688935965
-0.6767568103961883
-0.2581759016941388
0.22718877640902854
-0.09601992870997322
-0.1146053992399718
0.3935957801464816
0.909648940554127
1.1813177726761392
1.1415512451057064
0.6973212687264431
0.12578066439613372
-0.49338606804260726
-0.7757654361506586
-0.781757681277401
-0.3215557464959785
0.22310532060561422
0.8839417019513752
1.1458758279796197
1.235662607100777
0.7399581104064146
0.43002839997050496
-0.09791255388617362
-0.3846263254532962
-0.6729108679233856
0.31101111441311596
0.7662735299484281
0.0963952436689703
-0.40134479571588827
-0.7834434898167734
-1.015213415749283
-0.05184046344607731
0.06805095681600058
-1.1168570514267535
-0.7353988504269322
-0.6094719914557543
0.2114710103357059
0.5739742714027408
1.0454945376249098
0.8096768919504381
0.539962623294395
-0.20693306529592953
-0.6224187946303594
-1.0511695295936656
-0.8320226559777701
-0.5380248205359683
0.2162504483136594
0.6419780569886586
1.1037370916032472
0.8806498447354725
0.6621804019426334
-0.11606769752719552
-0.3560092554806897
-0.8837353181572709
0.21054482238079647
0.1813716877986044
-0.9913841580273283
-0.943394459376852
-0.8895304506172059
-0.27470223507901315
0.2673110890317392
0.8081695993300959
0.9308559296314086
0.7500868703343527
0.20863445249618842
-0.38528667302437614
-0.8861073703004215
-1.0347423585685094
-0.8311289240145034
-0.3027638169757946
0.3023319005655195
0.7988431580689012
0.9478718821788193
0.7490314737221596
0.20695509365807363
-0.37802648030144786
-0.9141586338808491
-0.9998111607699878
-0.9093184571401506
0.002862656363608778
0.08206814851605725
-0.5785642776629227
0.13415414969123196
0.4476366694358053
1.138879924519543
1.080203835409437
1.1053763491823474
0.3352273273540909
0.04213404341370327
-1.0042642739626457
-0.37245282804981894
0.6072725074945606
0.7579991374010902
0.02124936861353828
-0.04721876862404531
0.6515978904831534
0.04306476769845517
-0.32664067574611994
-0.9588011620846235
-1.0743532489633745
-1.0136426039295623
-0.4536247697244409
0.12867816343775673
0.7180054747864034
0.8795670311540996
0.7534265184146932
0.22615060561898326
-0.3494621395355098
-0.8838747422077127
-1.0506656101418408
-0.8937740064027956
-0.37172189304780934
0.2255931237706941
0.7555975188440008
0.93869095688438
0.7781814233622849
0.2687707478540049
-0.33150348063002366
-0.8515372186746971
-1.0370580749616476
-0.8686436283664439
-0.361235395362184
0.24525170875013544
0.7636171861528487
0.9538735915554448
0.7840408358365942
0.27997671362424104
-0.3277701492562668
-0.8442262259612969
-1.0357046720767273
-0.8656047174258741
-0.3629172822706479
0.24298798413975442
0.7575581742921852
0.9441302712807146
0.7708980952330835
0.2581879049561552
-0.35383465077654236
-0.8886195552032466
-1.0891753695385082
-0.96315511621921
-0.49093916439301777
-0.07857402836796004
0.22449637984786375
0.660439303852721
1.1293701836110026
1.2209238651490122
1.045662737545728
0.4718792130025211
0.004182844704186948
-0.595451511846622
-0.11597198721457472
0.6324318127795664
0.2433854585789375
-0.13638181278042907
-0.787789728297952
-1.0607917717913573
-1.1428947312138587
-0.720909095355089
-0.1943891675609153
0.4693746470849042
0.8042273213717221
0.8931705603169944
0.5019452057473015
-0.0195405372562287
-0.6683163242093223
-0.9985668493659741
-1.082648183279829
-0.6865012293457747
-0.16830989592209694
0.4863865079642676
0.8050434731182498
0.897039475344787
0.4787234259751398
-0.027530541757099743
-0.7209823151865844
-1.0182510300055279
-1.1812917661770461
-0.7109385587861691
-0.3612854786690377
0.6237067158248071
0.2697290031778082
-0.6985652181011065
-0.26887354895467946
0.19779701598342872
0.806364643476783
1.0659086779598521
1.0555996264347887
0.6215211127433876
0.03836024709961612
-0.5671093192349368
-0.8965836700374277
-0.8822728898213518
-0.4906188949229905
0.09653804656347936
0.6735988840125723
1.0069436391098634
0.9721674131051871
0.5842880932382299
-0.018456718752224446
-0.5917817358118996
-0.9375468446575559
-0.8990161927737571
-0.5214221620222232
0.08514932772569096
0.649658348620162
0.9993731615462046
0.9530402839949377
0.579569067362094
-0.034121348869216035
-0.594282610910711
-0.9506884886821904
-0.8997267365343705
-0.532731058106919
0.08593273935873998
0.6396419835797972
1.0014398264295197
0.9438589293604897
0.5827630309509602
-0.04289555267048183
-0.5900867166395966
-0.9595051705328175
-0.8946474084191253
-0.5421245630948152
0.09175326441624271
0.6289584158423426
1.0077857727528607
0.9308296228061744
0.5892503081021994
-0.05998805843186722
-0.5842126325986808
-0.9837396432722139
-0.8909925002608133
-0.5797039291509509
0.08941857390888742
0.5632702753842548
0.9891391440664552
0.789959564277086
0.5165399503852081
-0.6090640149636259
-1.0225915468313098
-0.5108725426993526
-0.0024016972179687172
0.6272885735617547
1.0906229948050041
1.1553996477359751
0.9639212546868244
0.3482241364069496
-0.048818531115674774
-0.5951399680514352
0.16145050533255487
0.20730081448960397
-0.8567564480070157
-0.8231212188273188
-0.7959050457290461
-0.125169492627494
0.48209304792897983
1.007424924214161
1.1191602827940406
0.9154543263876543
0.44235993138988067
-0.08303548153684176
-0.10568427972743666
0.13557930174941488
-0.27913734711722465
-0.753231439715514
-1.161684591507897
-1.1827921750335084
-0.8854601292420748
-0.296794128536955
0.3188537021739589
0.7593178770072168
0.8577127020328968
0.5602171017860376
0.02778020446078483
-0.6073775648205055
-0.9978394149721047
-1.1375939948262022
-0.7865811719742253
-0.3346174215405148
0.3707373917500137
0.5744262967526494
0.8351182399479153
-0.3835809078628551
-0.44978560021536323
0.8939508092424558
0.7324009473653152
0.7289743244068546
0.011452079659474578
-0.4329922466297728
-0.9997526960719081
-0.9761420108009315
-0.8026776796163287
-0.15252684403552666
0.36961960719189735
0.8961951443797509
0.9180589553022553
0.7179265006849155
0.09800380347448356
-0.4430632749058626
-0.9479443446726518
-0.9838522676702981
-0.7673553939137757
-0.15819216528215646
0.39563646525400425
0.8920895693101271
0.9381693481750429
0.7149718281676852
0.11402143375288273
-0.44518034800932665
-0.934971268451223
-0.9853698870883163
-0.7567912019524738
-0.15929611862234094
0.40418257948602526
0.8912470362788428
0.9449278917172509
0.7142569260710085
0.11910548489634953
-0.44589585415294763
-0.9315470282057954
-0.9862211437621045
-0.7551079243530023
-0.16043914905412496
0.4039356318177299
0.8896173757088357
0.9424232827167741
0.7118812433096859
0.11382098515207423
-0.4493812759932715
-0.9404308388772302
-0.9913497881287696
-0.7688976592754866
-0.16802770814231596
0.38307053134221286
0.8782624298605256
0.9106263533867257
0.694571273735562
0.0633680691330618
-0.4764772016614819
-1.0314966539990829
-1.036235000592096
-0.9044765444963694
-0.14157036058621583
-0.04508031487320321
-0.090316176950532
0.5328112487060415
0.9513433485972919
1.1869102364404847
1.0044977330561362
0.5268508388648392
-0.09623128411285882
-0.6350253768397611
-0.8585741943683456
-0.7314119727053381
-0.23435177082860875
0.3562815819783403
0.9237744612221837
1.1249162861963224
1.0420237377243624
0.526706815532858
0.012375176884198652
-0.5736177010289294
-0.6093440235044199
-0.5512374139696039
0.6859146373075987
1.163281019636911
0.26107963845505316
-0.1525035109363544
-0.8048542551097385
-0.9158395371456821
-0.8429438317670738
-0.27610709231369635
0.2909551448807296
0.9048097903418775
1.1093584514899095
1.0621403449013191
0.5913643412884745
0.12941865434435829
-0.25228627956219857
0.05888444893207083
0.08271805261868247
-0.44181593209774817
-0.9209085188161217
-1.1994221204619966
-1.1109287836276476
-0.6779792753362791
-0.06161623551644249
0.5284516618337721
0.8506177153191122
0.8149104540215378
0.4082636372738429
-0.17591299094553575
-0.7481539734814062
-1.0472120102379259
-0.9985818730880788
-0.5727596448061066
0.021143046027704344
0.6119208218590282
0.9183383921646103
0.8910380705273878
0.47029891216457137
-0.0933115535385191
-0.6833819927741381
-0.9318438182838947
-0.9389109459196088
-0.2914842486203031
0.5155681700294549
0.7772921398159188
0.7374565144247788
0.2821417925850435
-0.29566209017318756
-0.8519478351392672
-1.1016475968395771
-1.0046150818433712
-0.5449443813298841
0.057321714890538486
0.6150544267941767
0.8760404401261674
0.778466984730011
0.32158305788432506
-0.28342914706607303
-0.8475596354981372
-1.1150015040478682
-1.042238986445746
-0.6015520473379175
-0.12022995495325373
0.36422072466561406
0.839473651711213
0.9856470657218014
0.7811195618926854
0.25690286354047975
-0.35943208220570155
-0.8634943791117486
-1.0395659528866055
-0.846195753438754
-0.33536215964210647
0.27340273481773975
0.7698426293812993
0.9392628833040123
0.7408786072329724
0.22319957267105092
-0.3892297973086774
-0.8934764909049202
-1.065789967725092
-0.8769847085050231
-0.3616750011081895
0.23825415660119814
0.7406725108038517
0.8956014584575028
0.7059640945620792
0.16446762721412533
-0.43354002125721613
-0.9803964439931813
-1.1226519779647535
-1.0269613481439699
-0.3759980073762378
-0.15951057837840177
-0.13817580561148815
0.5271189192126446
0.8639832439077934
1.0762277736170045
0.7652166170498501
0.29416855963947863
-0.40965399619412124
-0.8507273384008702
-1.1171156654504601
-0.8557152661978022
-0.4991113774863026
0.168671804213287
0.11356036658759099
0.28387632197203877
0.9804658423684963
1.0960499951635423
0.9995696431363704
0.4667966375680211
-0.12205385420191937
-0.6907786355445987
-0.9090192473235214
-0.7953694380623922
-0.3110420027271636
0.28333237406874323
0.8227063480132594
1.045920159045048
0.9043506277385226
0.43961060642709
-0.13036768402878404
-0.6974749433823298
-0.9500394161555314
-0.8635948324366692
-0.4037928214164922
0.1905894829983694
0.753102519066472
1.0096478166008485
0.9199663714533561
0.46085933698773185
-0.13563984820488087
-0.6986500932338795
-0.9563754174939026
-0.8677923326172371
-0.40904021866103585
0.18597702185703316
0.7494018370110521
1.005344222858642
0.9179368525060783
0.45711998632372275
-0.13592298408600367
-0.701713978835061
-0.9547945862148143
-0.870106386076885
-0.40538481369337964
0.18449966431226558
0.7554893162706953
1.0048395479574923
0.9270452917626271
0.45781912061538865
-0.12281856106130795
-0.6994045020519154
-0.9360218554600437
-0.8654388611461943
-0.377882008636877
0.19300338816162205
0.7979389785046921
1.0204504296862982
0.9993452443528436
0.4892009117873166
0.027675994878030453
-0.620544576798787
-0.3508954834008088
-0.4657954326645083
-1.056357597993194
-0.7363700145650104
-0.34316906372280415
0.345646777332119
0.7840221832062941
1.0185288364567884
0.784458599355761
0.3164644067325781
-0.3299070107953213
-0.801459574773673
-1.0099344872521523
-0.7948822282861508
-0.308837047194067
0.3250274076717056
0.8102042629141011
1.009693520681062
0.8056233614848423
0.3126985640505905
-0.3118123656163182
-0.8025234066334326
-0.9936503221136366
-0.7942177338652108
-0.2934800262446775
0.32700430053531865
0.8253185200109008
1.0128352363839146
0.8210892499136476
0.3170158980055529
-0.295412418327296
-0.7968991956311829
-0.9756762495069515
-0.7870352837641054
-0.2731549951827016
0.3361453535154602
0.8490180552534063
1.0245488216929803
0.8496093738391589
0.3322528090862312
-0.2598914136130975
-0.7766141073213058
-0.9296335916857297
-0.7591182021794405
-0.21042042324636218
0.37642866651675755
0.9405026207158868
1.0869043010471897
0.9975771023803672
0.44034149623233226
0.02978611815873717
-0.5441532259675763
0.0794341681701294
0.19862142309643094
-0.7905183700343971
-0.989351787866591
-1.1679704631008432
-0.7342284953931398
-0.24232868574336744
0.4430914557963935
0.7953198057763348
0.9160714157565791
0.5556521101332476
0.038787794524432116
-0.6031113529996786
-0.9699232251521898
-1.0616669298499082
-0.7114112505477032
-0.1737175480314427
0.4601596317485098
0.8427511167166695
0.927513848871078
0.5897295464375462
0.04544411665290943
-0.5782044315797412
-0.9674796777225113
-1.0435429564170218
-0.7129887329768593
-0.16100029096043952
0.4543288874360005
0.8507744856778733
0.9166411602969265
0.5932258792966412
0.027825091513531165
-0.5796928485734059
-0.9954169335394417
-1.0515096208134318
-0.7596205183709107
-0.1793729443349444
0.36302862585942003
0.8094977709319071
0.5973400779009063
0.4421926953542028
0.37896446824197677
-0.4393547012146307
-0.8409053789908209
-0.9463722944885865
-0.5598588487521168
-0.0389288744122342
0.5927468722831842
0.9198205093551949
0.9737607704026511
0.5808521944306437
0.033322223893203384
-0.5992200452513378
-0.9432247416214108
-0.9974241132876073
-0.6166412778209384
-0.06970150798847123
0.553401919403013
0.8962060254455564
0.9425393663113829
0.559792877041268
0.005877331919032074
-0.6201128754482045
-0.9694929682890515
-1.0198629710970453
-0.6437186522501129
-0.09534109237594413
0.5235621493575818
0.8653323745467202
0.9075214625879653
0.5207177958126589
-0.03790708822304306
-0.6723281401898504
-1.0282499790882287
-1.0945653898814387
-0.730029541571774
-0.21342701471700035
0.37759078730261547
0.641908409027579
0.5566758099480039
-0.20324465288388535
-0.6995347919262158
-0.5513485990388474
-0.10361794094901322
0.4812119352673787
0.9517281514850854
1.1001930471368435
0.8896161576968455
0.35654951780180466
-0.2560460570939327
-0.7671269692036963
-0.9313317370227053
-0.7449376802821381
-0.22202345142811367
0.3742184037546554
0.878100336298592
1.0302428071779395
0.8381549994267532
0.30571203892413423
-0.2959481140046746
-0.8077916231845259
-0.966995909611468
-0.7816662609359599
-0.2630373508736503
0.3349764554455611
0.8046366017539228
1.0076829175206499
0.524369921212617
-0.5477163363259897
0.07836409866589963
0.8182542217106155
0.6580006414514504
0.25975787080774515
-0.3525517348880679
-0.8404538397254973
-1.0461614302895315
-0.8730672566799363
-0.37687730439623485
0.23563289525784603
0.7623771130359457
0.9647004457832286
0.8118778531576827
0.3103393289213885
-0.28982441598292197
-0.8238592978700298
-1.017764754117939
-0.8750866706219314
-0.36705032225170686
0.2174956479980827
0.7582143046311526
0.9221188571088881
0.8018174960682414
0.180808342632835
-0.5171098666700583
-0.9013856193160651
-0.92057472874904
-0.5797464770626912
0.011150621920330365
0.5816509564485438
0.9636689567476754
0.9483526782383537
0.6088920657696787
-0.0022180566055022837
-0.5699323922033873
-0.9679964513549699
-0.9488257947250107
-0.624607069330334
-0.00842588819084574
0.5429311533685153
0.9477833818638645
0.9093263011853492
0.5946609167310402
-0.046287816582035166
-0.5830301900892741
-1.022832698402482
-0.9586918493411588
-0.7000946452125041
-0.0002467706056790462
0.4240249154316467
1.1569929944750852
0.663737488469914
-0.4956192458314601
-0.7371295027204455
-0.8122692135278407
-0.3582996937649471
0.1791137438428698
0.7607410267750295
1.0270563168179019
0.9638529417142884
0.5261338169663543
-0.082693581685872
-0.6514859409650591
-0.9703294253715319
-0.8950883193408352
-0.5132136463495053
0.10924498589192376
0.5416552340811281
0.8808548993377985
1.0105965723205437
0.6993907684827586
0.1316088480635744
-0.46857122206606755
-0.9235083129548526
-0.9781607842807135
-0.7377149823306588
-0.13601833750888143
0.3714749115546954
0.866700498615366
0.7378962229096052
0.5681103634256645
-0.8265049945835596
-1.1173931629344704
0.14330551262464214
0.5003680355761139
1.0777552486739903
0.9407496276491921
0.712353491251705
0.018231995041028116
-0.47665495354264614
-0.9367339889645179
-0.8670699988717265
-0.5882256980301994
0.06566320419898806
0.5879131782504728
1.0213638525885549
0.9681219645835035
0.6705921793959307
0.026866985628451575
-0.5089202727186262
-0.9363331059293473
-0.8930025440002626
-0.5925260029837804
0.044042042534436006
0.5801430865951953
1.0026601255549203
0.9570833134601873
0.653739484051597
0.012083290456604402
-0.5248620347980575
-0.9560537173729814
-0.909028928667787
-0.6194923143498069
0.02663341675181107
0.5413590681976481
0.9817853547675618
0.8961121463090272
0.6252415146247856
-0.10252515116674227
-0.572170088145714
-1.3436353800282774
-1.0399135398348371
-0.1820255653807422
0.031820783168827235
0.5377876419219753
0.9775509302285422
1.149048614526164
0.9420149439719298
0.42355423630737593
-0.18872669155278335
-0.713168175345528
-0.882468089996229
-0.7254666510250606
-0.18892073233989873
0.3801324116746254
0.9352508178850205
1.0513418207791496
0.9468948147143994
0.31039862088969505
-0.14977267438596437
-1.1477771748864147
-0.8476341413625553
0.44367669421910627
0.7334240870186804
0.987159729769297
0.59621500673912
0.13610587744643438
-0.5305476087515265
-0.8730152246424618
-0.9880764408493257
-0.6248889756426248
-0.10213023013701257
0.5473051105398331
0.925691675549254
1.029112234705467
0.6892662240431191
0.15823324996521784
-0.4747930511231269
-0.8592325581857081
-0.9504692192362849
-0.6151102802482964
-0.07465408108321928
0.5550484314423846
0.9470135969560095
1.0358295136992488
0.7066413698846501
0.1644930550972518
-0.46003438171153066
-0.8530826640889321
-0.9374713502344083
-0.6088401649744488
-0.06283511934418437
0.5616045987481155
0.9580701480770486
1.042802619984586
0.7172490377330765
0.17199651774169133
-0.44962691827738505
-0.8449415683704963
-0.9270555866015261
-0.5999521287975583
-0.05222567864909922
0.5713576261190999
0.9690482685313138
1.0535537785230127
0.7287710028771801
0.18390085353186345
-0.4373760083414485
-0.8316990153508301
-0.9138704816107125
-0.5851460294395908
-0.03786909426972957
0.5880066615358792
0.9848607147982484
1.0723983315382921
0.7463911782118519
0.2053941572934649
-0.41749971157318827
-0.8069623826900196
-0.8911499223403746
-0.5563677440907047
-0.011509289356371027
0.6219281355888493
1.0159704625870225
1.113033698069535
0.7838630787416423
0.2550759728962865
-0.37121516672231
-0.7445863489162436
-0.8321059431118437
-0.4751892436404604
0.06715494499085901
0.7331610773018881
1.127523849346433
1.2782765606036306
0.9585080141979424
0.5402966819909184
-0.04144525072679665
0.029801788160526373
0.27405020827060145
-0.004037631773153748
-0.5481839614819887
-0.9169888509794177
-1.0699338464429966
-0.728047415302605
-0.24104886851583218
0.627599159620975
1.0343670389780233
0.9905761309228402
0.5402966057113776
0.11603773330123994
-0.7172866604976907
-0.3251158647599399
0.5989421902446173
0.21338197258248132
-0.11195444499195441
-0.7807009444581177
-1.0636578243236618
-1.1816856285665496
-0.7839885563436033
-0.2631441171518374
0.40978577310450615
0.7880712060208868
0.9088894072396384
0.5707128893107363
0.05260361347791258
-0.5763867649478229
-0.9512442824920615
-1.0315664820106187
-0.6880310668449269
-0.09477199090209058
0.5663467957456566
0.8689289645538176
0.868311623454895
0.4461344718668023
-0.11928533187200432
-0.7143756832510771
-1.0105364608950855
-0.9873390748310961
-0.5617779540921781
0.017929978935819123
0.61540129524469
0.9222513570092632
0.9009911125006729
0.48403365076383736
-0.09395970217856627
-0.6842260751261258
-0.9894740335267127
-0.9620304115293921
-0.5435175795308776
0.03987053227753654
0.6316919797854101
0.9417012268828451
0.9158508359378771
0.5015741330057152
-0.0801459087677605
-0.6681788998153727
-0.9764060001476023
-0.9471593244871527
-0.5309406763347725
0.0538219569146616
0.6440133919643537
0.9549534375793678
0.9281553854113217
0.5143305351128316
-0.06759383715477878
-0.6557142972312656
-0.9632875031479645
-0.9347614355364968
-0.5168403112607272
0.06642803657350144
0.6596754999599129
0.9681388427790054
0.9462420514777766
0.5286455697999514
-0.04571460321653115
-0.6393788405444132
-0.935291396507955
-0.9148321732809136
-0.4784371790280643
0.09301139345582504
0.7173195920544942
1.0080933453988143
1.0445147310832748
0.5995217549131717
0.16213816895508593
-0.47541008156590153
-0.13119992067184133
