-0.8515932168202929
0.4389745115538715
0.6817314866947178
0.9369081010822078
0.4993911673300246
0.05683951019255685
-0.6128854784713391
-0.9088693044410597
-0.989741645845159
-0.5881308945252911
-0.03133595384660714
0.6038166031966393
1.0145280686234104
1.0385965353699427
0.8118504597263848
-0.012569101328949969
-0.06193413483416737
0.4714515894118438
-0.2235775236300569
-0.5567564083775105
-1.1047399917795169
-1.0071596853978564
-0.8200789142995196
-0.11203016940398378
0.4068207984948023
0.9806911397835364
0.990995614143709
0.8569547738706164
0.2501657988813322
-0.14420501273725075
-0.5086918156473293
0.03334832807921217
0.23873085956304482
-0.17164578019637544
-0.7268249922015156
-1.1223226159184092
-1.2708961026888559
-0.9730385162877647
-0.4700289723040906
0.2061510958274222
0.6471769994801275
0.8521778843205782
0.5825804045630981
0.11253241205100631
-0.5441033742878875
-0.9633329121354571
-1.1540671011598427
-0.868798572693498
-0.38810310228435996
0.28054709534911554
0.7076896183047757
0.9081472843378386
0.628545054455028
0.15611345893759962
-0.5088670328038797
-0.9286530808123028
-1.1273575368587216
-0.8409039313945091
-0.36870649994224947
0.30294667070227593
0.7202705612591104
0.9257692180024288
0.6341485300314994
0.16918226659666358
-0.5112124696210179
-0.9204946345192054
-1.1399471873101212
-0.8389955531820588
-0.3966658059389502
0.2949416612506344
0.663391226798627
0.8961563079001799
0.48033813753769095
0.04302682442287653
-0.6616433587122086
-0.9444773977310091
-0.9476154598392216
-0.35718497596883697
0.05623527577790914
1.1874255868343828
0.8896984707198367
-0.46295770428585137
-0.7052523910333597
-0.904230592646881
-0.4687061559711266
0.018648656825008745
0.6572887600387886
0.9604804608419795
0.9987465462074349
0.5951717606066422
0.034807518044934656
-0.5837432174865178
-0.9286469293886055
-0.9528951700269175
-0.5760832339145135
-0.005228875641808316
0.5949280889070457
0.9480941884237907
0.9591398590768457
0.5890973496954399
0.008507424884724855
-0.5859272714275946
-0.9463740746764521
-0.9524607671799702
-0.587870243420525
-0.002899440856091019
0.5875133969951539
0.9518819820787056
0.9551237745367159
0.5940641282210327
0.007274274017693934
-0.5799779095960607
-0.9452095740481964
-0.9456968746368903
-0.5845374242178638
0.004479995018131348
0.5928911231362941
0.9595507095295233
0.9624804974687934
0.6013618691139554
0.01651656285606964
-0.5745863848540403
-0.9344401274066709
-0.9463814308511755
-0.5737529294879748
-0.017251080046705624
0.5962479448212145
0.7971681242951217
0.8813337827541685
0.9151178902458957
0.3779110505495651
-0.16483971532372035
-0.7265204935882661
-0.8937335181369297
-0.7688077993815549
-0.23508456616284992
0.36153706540872144
0.9424709090740976
1.1667322094296981
1.0811990957777797
0.657506367060267
0.118702575312685
0.013619691172537871
0.21620959426626002
-0.5252923221455621
-0.6266585125283649
-1.0375940734692233
0.19962925256861172
0.30513961279641805
-0.9195084782544964
-1.0321264232880494
-1.1457897300103224
-0.6335976092581183
-0.11200467920228925
0.5347788451759589
0.8140417454013511
0.8225817608762832
0.3920789840614978
-0.17013768687588993
-0.7677884113735735
-1.0677308740055813
-1.0433115096771863
-0.6252426218775883
-0.039330171333083856
0.5498395452669117
0.8676611316448358
0.8368032612343377
0.43271620565741525
-0.15856535577447745
-0.7364945413686521
-1.0591699611876275
-1.019074212971412
-0.6196771505212151
-0.020665988505851714
0.5524865466682395
0.8817268094381112
0.8365646044306444
0.4428138708189681
-0.16174164303569794
-0.7299850739801559
-1.0654439442891708
-1.0159731392281186
-0.6293410616727938
-0.02097186397415504
0.5389736619242369
0.8778351053003409
0.8185223942993523
0.4349508878322955
-0.18530267103040557
-0.7424689707506755
-1.0959673061526147
-1.034097526531742
-0.6689717349024988
-0.046315249691820534
0.4869452829827068
0.8427883731646253
0.7488088975298133
0.3861354813140189
-0.28177411247321493
-0.8121342248191973
-1.2363208220587567
-1.1381739272405267
-0.8907303179831648
-0.2150096902723285
0.0756027028930003
0.5205720460681535
-0.5281770929947538
-0.6613535323017331
0.057308024792130256
-0.3915362833618378
0.21378076349765973
0.26482315434172304
0.7139735315243998
1.0779034419955207
1.3617562261985858
1.1232221307281325
0.7195204771217161
0.013266800024778747
-0.46885261855157784
-0.8063619946562447
-0.6230617411650035
-0.2387579565062548
0.4479865345841792
0.924583535658151
1.2772018494233428
1.0989118316680835
0.7942662865733492
0.1314727280897274
0.07715397958404845
-0.12909877317449933
-0.7515482530038139
-0.9956547812560814
-0.9552837729932122
-0.525979711621777
0.08206127009331829
0.6720563019107753
1.0173490487392272
0.9847704576033438
0.61324230122059
0.017955761683870607
-0.5170254285017372
-0.845368449120072
-0.7229086136118157
-0.3278501145767365
0.6258852117972963
1.2069866361005848
0.8111306145169692
0.5197954650041797
-0.20065250405688062
-0.4502492357930635
-0.7613714138138881
0.29880524524795476
0.7045424341392154
-0.2553554864514656
-0.6371822426621122
-1.1612020796183742
-1.08559810704055
-0.8434659881165424
-0.18273081276611738
0.35658850395026065
0.8325175723876064
0.8307658482936566
0.5712391453847948
-0.041917535783255404
-0.5922425555041136
-0.996126279224399
-1.0175980136325244
-0.8755240784231381
-0.26114487058632835
0.2724481646415038
0.8008530598053879
0.841839379413232
0.6613258101839747
0.029950729100960985
-0.4975220580890488
-1.0723643579101791
-1.0794288120350244
-1.0110561548359114
-0.17679134277095984
-0.12300156249829036
-0.30750206951369946
0.3178936369289987
0.7597348540177782
1.0909421162319335
0.9896970272693449
0.5868206397216781
-0.034160586638314894
-0.6110157979794311
-0.934221129705054
-0.8961742433747052
-0.48409061903481665
0.09847231389409968
0.6859550982426345
0.9816109061202537
0.9563368968456485
0.5216446632078323
-0.044858432020561625
-0.6534102729182782
-0.9278609694068903
-0.9249527132260837
-0.4605847064912515
0.0784737684151088
0.7319020363794649
0.9657961699899001
1.0392241579412516
0.49343091045691473
0.11565470959576225
-0.9116237575842396
-0.49839908953261547
0.6104048640870678
0.3763830492656524
0.11352548309061997
-0.565679615407017
-1.0137678992650991
-1.2973666338099956
-1.1473613809372583
-0.7128454324417172
-0.1912866586280495
0.2988157962444168
-0.05910592561110397
-0.4046220249722665
0.3498183036406287
0.7583819833280652
1.1289601871171975
0.9393393739634077
0.576207891591648
-0.11332558264417833
-0.6149231270130403
-0.9754320776017475
-0.8431718605625522
-0.4742328643344749
0.1798034018799947
0.6859122625275992
1.0224757484192704
0.8939096713418511
0.5078242125929335
-0.14317898441953764
-0.6620753926036639
-0.9961777667604889
-0.8774160073941394
-0.48937675318465973
0.15397269368270186
0.6743648647406171
1.0024325000058125
0.8847452657802376
0.491937419219968
-0.1507330138490563
-0.674868141620584
-1.0026367804692926
-0.8878329184180594
-0.49510046720259515
0.14543212794158786
0.6691130735249213
0.9954138281623675
0.8797618071567622
0.4861863231151835
-0.1556159657085071
-0.6795339396123758
-1.00756851769923
-0.8915414044670403
-0.5002257727113169
0.14259624859620132
0.6636404097040797
0.9934028488083868
0.8737632806566289
0.4849869228369855
-0.16236513719533235
-0.6799000840714807
-1.0153730555712142
-0.8910138368567515
-0.5095283568156521
0.14412372161220977
0.6521499920044608
0.9960913180048203
0.8589230280674653
0.489057780113303
-0.182708007604674
-0.6741912711994859
-1.045745979165589
-0.8835648375254391
-0.5614159049625076
0.1522047110669335
0.5383721369053638
0.9950875770123875
0.34938931691659514
0.339172499679072
0.8277788009009098
0.2957495941979421
-0.17496767914067732
-0.7897172562464827
-1.0226214104660054
-0.9748494821588437
-0.5181777250455698
0.07215902801165362
0.6433617293284795
0.932899673066367
0.8517206390724358
0.43141439150878985
-0.19081618324249947
-0.7321975066876427
-1.0589575826800184
-0.9450310074608403
-0.5783137850502815
0.09950753536123184
0.5387003053258147
1.1075500557070996
0.608410269036593
-0.5049812949749348
-0.751177928535819
-0.8484077007085362
-0.39072012446607096
0.12944892086755852
0.7404235087686017
1.0053142111518723
0.9863705057871079
0.5416203829752572
-0.03309293279419925
-0.6341617709710572
-0.9317305208147127
-0.9044935633485763
-0.4821676638204884
0.10004595991120621
0.6841877716719872
0.9890385856096447
0.9479547195335907
0.5332019194986377
-0.061278238118650054
-0.6369806180515598
-0.9537186740111372
-0.9025256863398409
-0.5006335263145026
0.10695906348623806
0.6666185429233407
1.002069708290301
0.9265337571451152
0.5550834480020794
-0.10305372415664772
-0.6008268372277632
-1.1695231023993413
-0.8579379016751363
0.1538770640196779
0.6037984533339942
0.9705513759793115
0.7754680634484347
0.38665153651263895
-0.27915240868743957
-0.7546798450721152
-1.045654658697556
-0.8631048630571905
-0.44177246478502036
0.21809479567403747
0.7094301183138022
1.0017579902314975
0.8229944689070173
0.3946222436505632
-0.2696425077762528
-0.748452930983721
-1.0966198365268884
-0.8579791083557964
-0.23506648151393558
0.3812855286009273
0.840782134620378
0.9685101136587139
0.7029038429338367
0.1741658072313017
-0.44896918346879944
-0.8891037827124894
-1.019558598363479
-0.7460912085226408
-0.21862268148153988
0.4084281734264904
0.84791522184488
0.9804878653610681
0.7066498932265849
0.1803449228745368
-0.4469632663161659
-0.8858447443947753
-1.0186465414391013
-0.7445526159404351
-0.21849585821102852
0.40883689534086287
0.8474233557811681
0.9800889644609702
0.7056359762682127
0.17932585593922135
-0.44844145358621873
-0.8873712278378841
-1.0205551547591667
-0.7465186546201243
-0.22081722489060404
0.4064701533149747
0.8446949848882345
0.9773402245518172
0.7024967814663601
0.17619872855821192
-0.452003622832028
-0.8908854051792061
-1.0245602710046575
-0.7504394097395902
-0.22529311084844067
0.40211284222587684
0.8397121747699924
0.972505553860553
0.6969616396563464
0.1708339682203995
-0.45814715908255654
-0.8968467788691954
-1.0313808972785172
-0.7570804867843725
-0.2328748672627877
0.39468847310238186
0.8312662126661123
0.9641683020526668
0.6875243191740558
0.16142052345065425
-0.4687340260788983
-0.9075443898831552
-1.0433162842337642
-0.7693306832165508
-0.24641245798660902
0.38053356064439203
0.8157976748232
0.9476376148862474
0.6696904832610935
0.14186905917861753
-0.48952044094930947
-0.9310248127424017
-1.067871539266013
-0.7980628503012848
-0.275909398653821
0.34454071170875966
0.7796043619187146
0.901167093445459
0.6240423131868111
0.07939820070925532
-0.5492299755204241
-1.0199358980210054
-1.1498749710662841
-0.9362368975686789
-0.395196033351991
0.09255496254436463
0.6371165219137798
0.16388882953197867
-0.6877572384146537
-0.3003407996273933
0.0019422022139260946
0.7177241153477572
0.963639584635074
1.1664218051472024
0.7055899345830676
0.29731966086683087
-0.49468121363751916
-0.6960536739702682
-1.029312433810401
-0.05567446454575662
-0.09663443023139064
-0.7818197417459455
-0.30053313809181265
0.1344718222974786
0.7454181564930302
1.0090416798739674
0.9828135547595775
0.5547660666595566
-0.04261737193524562
-0.6444815629371515
-0.9119916369882138
-0.9376188557622316
-0.9204650154987806
-0.3446238150084347
-0.09385554078789785
0.2213436966804432
0.5468502128406999
1.0819008089435458
0.8597837179743508
0.8951377123567579
0.4096785467104801
-0.4722054745087437
-0.66452079533773
-0.5559797362514398
-0.08753263637881077
0.5462917500697185
1.0096481092603407
1.2969095293608588
1.0440026419248092
0.7220734952948431
-0.025643016201679872
-0.07863963478686196
-0.5145336444858897
-0.009983408482284063
-0.05904457616932419
-0.7629954950100887
-0.5996864451754549
0.547561933468996
0.9046220106265764
-0.9262213605956092
-0.8735845716921858
-0.8261737539051413
-0.09937078929392215
0.3235864740584865
0.9668701169407392
0.9468020278432561
0.8658933771086447
0.18949999689523506
-0.28216989634047046
-0.8970707296441449
-0.897568086002198
-0.8088841579382765
-0.11387588415026287
0.3373365973191609
1.1573406812908777
1.0354896101990407
0.37046201799343603
-0.28838309503508935
-0.7765907481850125
-1.04825315007116
-0.8151715693661261
-0.422718258911192
0.2685851287768315
0.6085705701926117
0.9663516858431035
0.2740055923120498
-0.6017802655973781
-0.6328500154181894
-0.39696281816364803
0.19160737234942946
0.7370706245532517
1.2110142026266237
1.162870224769085
0.5453725682752868
-0.01773980874212117
-0.6274049101718863
-0.8258797147169158
-0.7648631562942406
-0.24458147665062432
0.29645730502761547
0.9074709196981134
1.065229453324683
1.0399425999375724
0.42644621524177
-0.01920273304360967
-1.0997189906721265
-0.8539303885903493
0.49956644623648244
0.7508970892865637
1.0947036492882571
0.521280738670887
0.3535151505186142
0.20730522055577455
-0.40955205337937267
-0.8431677456070193
-1.0494450787525629
-0.8367623902045976
-0.34926217472463333
0.29137654700845994
0.7938956531961952
1.0158971880951773
0.8316130091401345
0.3552235491754615
-0.27020284120522914
-0.7645169417889472
-0.9769198424659633
-0.7863802190542254
-0.3030948084336226
0.32720778893721797
0.8270787447782864
1.0433310396158157
0.8577567892472602
0.37751261642973466
-0.24793522016752742
-0.7454446261185157
-0.9565812154103343
-0.7692653887652854
-0.28329420619761103
0.34327324454703567
0.8475174403042574
1.0590827623455183
0.8800264502123331
0.39363737148186345
-0.22239811743219526
-0.7281924397744524
-0.9257782454590374
-0.7499063221988818
-0.24409001472198333
0.36622902500816595
0.9006314403240656
1.0882739336355862
0.9580669355178959
0.43457594639614494
-0.09304070510856463
-0.6612375446284313
-0.6587774408303375
-0.6045976105968252
0.8078419212072371
1.0513903841790944
-0.4478375607306683
-0.5940084538424075
-1.0527672450994774
-0.575687044862872
-0.2796491757030292
0.5620522150979798
0.8161220870824418
1.209313180057341
0.7169779861487036
0.5269568319885078
-0.6586308947220705
-0.2787150173921956
0.46935772380847257
0.13650803164777273
-0.6519208424881993
-1.2154572847887544
-0.8594158475385786
-0.4797691180600739
0.20372691159559406
0.7067629729697626
0.9845485298314095
0.8457769100424485
0.3928788168367475
-0.2161009645705954
-0.7555414232933374
-0.9889729684405482
-0.8734744590994394
-0.38880361960478216
0.20260933586714816
0.7676914504003062
0.9859780726761174
0.8932821662163825
0.3940006453864404
-0.17527301367324305
-0.755862436535419
-0.9507637118503458
-0.8759312531445184
-0.34975211554361363
0.19736521130543355
0.8118834258033495
0.9771901468219727
0.9501727014008283
0.3809074344610052
-0.0875901075950219
-0.7727995080506128
-0.7691370255800014
-0.8850062047934282
0.453748395561126
0.3959848620005266
-0.8510482241664203
-0.5720614976847375
-0.3895537276253999
0.3328330507358596
0.7608033531594363
1.1261529891318798
0.9598081348508701
0.5840557334960619
-0.0776396696155692
-0.5925548741798723
-0.9172900260147892
-0.8007605840394454
-0.3939187033882563
0.23537720421994232
0.7766117994253007
1.07854320045352
0.9862428035500778
0.5624628559946061
-0.04279593569816143
-0.5971031141068034
-0.8734385462967902
-0.7915001887657791
-0.3384440693772914
0.25847821463977455
0.8490097822218343
1.1186626563930677
1.0861007143693444
0.6279479213282735
0.10832147608781179
-0.4852249770934829
-0.6000187009600111
-0.5656411384272249
0.5245365652212768
1.0822922187530637
0.4455327858849904
0.3053352741752579
-0.14558126678925845
-0.6668339643160289
-1.0162284793985275
-1.001393358958553
-0.6233513345783336
-0.03513076040845988
0.5993678064187562
0.9587977479607441
1.0427155484028248
0.6517107066273611
0.1877243701824814
-0.4794515070566158
-0.6085855657755591
-0.7645545362910213
0.5795373811379512
0.8009134830285036
-0.6029734101409283
-0.7428562252980642
-1.066689743400622
-0.5883049749135341
-0.1770041912573746
0.5759588667538489
0.8975544527125603
1.1087262011975096
0.7364584674693843
0.3101370199117354
-0.3472429569258503
-0.6030886741810345
-0.6256138122459072
0.1566028477838929
0.6106275834165871
0.4518761316720266
-0.040529244899795404
-0.5940975169649166
-1.0531219540890397
-1.1311865713258318
-0.8934414756407648
-0.3148199210537505
0.27903331417986227
0.7758145189489466
0.8798849441693124
0.6625256754419281
0.10273157941989598
-0.47890904458675126
-0.9611276903946294
-1.0574569281131623
-0.828347721259549
-0.2635170715020822
0.32788224792321125
0.8133734410856575
0.9179774553599267
0.6909163746655768
0.13321065526034198
-0.4570392164520689
-0.9363246152453816
-1.0404749306230847
-0.8079621260506278
-0.2503707049500957
0.34469794957522265
0.8233799195933007
0.9318063868786374
0.6982460133967898
0.14445579637422173
-0.45208482938186934
-0.9273903022321922
-1.0377139238087587
-0.8011657477711019
-0.24971704138017498
0.349446271668751
0.8219284395767661
0.9345214146382232
0.6946107447590573
0.14507755328761276
-0.4580684777818871
-0.9290035501529221
-1.0463103755387593
-0.8052532368486817
-0.26131568554009926
0.34252013299099077
0.8067718578081897
0.9242212681831018
0.6751071362173882
0.13062161705413622
-0.48305160816531717
-0.9487709205998555
-1.078436068744007
-0.8320860187504038
-0.303112023601006
0.3058500210563641
0.7512725013215547
0.873073851410911
0.5990321564996487
0.056563220989750564
-0.5925758468033104
-1.0631193136369297
-1.249291878618872
-1.031451510603944
-0.6136972664712619
-0.19264371080681844
-0.1549875192513785
0.25040467939219685
0.2958406300805498
0.4716633558479563
1.0770117654066302
1.1939745340919579
1.0563674845783033
0.5355408724383591
-0.09686694873930828
-0.6411641176960502
-0.9210632232967987
-0.7644228517714414
-0.38125352744350677
0.2881953659953655
0.6200777857781036
0.9845212509580383
-0.007755538103532672
-0.08368584731539767
1.1194033442652365
0.8740374360252272
0.7933588076101771
0.03236526994254171
-0.3939883012001334
-0.9192596055225466
-0.8118209533513181
-0.589609858952927
0.1031645998642515
0.5906331607461682
1.0752031205975363
1.0013015277486048
0.7525368268901649
0.08050920253639407
-0.4250565970046422
-0.8958979585993002
-0.8344905445115631
-0.5763077593433881
0.08724439666823798
0.5993434511359772
1.0647905294197457
1.0078399572999017
0.7467717019142321
0.08607760852741732
-0.4267447493286584
-0.8906495466921998
-0.8324535965938462
-0.5710019878872192
0.09282836231150651
0.6049401803125768
1.0738935217886256
1.0138807796393665
0.7595093573595362
0.09266621484234162
-0.41010346633860423
-0.8834469856959076
-0.8114583380676808
-0.5631610275509707
0.1188622367039768
0.6133759683541363
1.1059761606787566
1.0227301510669062
0.7991322814093549
0.10143701013445451
-0.3606944608019744
-0.8760154499093278
-0.748765004852524
-0.5604675721533917
0.20054368644575243
0.6007713176952403
1.2164007327820603
0.9506959501910516
0.9543931241181816
-0.45601398125588244
-0.19374131529749264
0.9353520016989935
0.7584806433301143
0.42948592887338477
-0.053082220831399414
-0.5822210084393232
-0.1031296820389405
-0.10362292088218868
-1.0114271341544219
-0.8884078403377534
-0.7225305197114109
-0.05432601910102923
0.49287698332895197
0.9840183484715054
1.0375189354782648
0.7815321241447123
0.2202647650702233
-0.3664803838160801
-0.7745985075505667
-0.847977875451449
-0.5152125723623749
0.0384667334086417
0.7083438931096866
1.1210994532438687
1.3012837408826847
0.9927422933989519
0.6139953074214168
0.018977754275014264
0.14553541336590137
0.35464797109291796
0.18398274572634363
-0.3437899250088781
-0.17850486759055487
-0.20241321101804932
-0.6702277092922508
-1.1634145155559803
-1.1649392909621803
-1.1497874529108598
0.06335536953678254
0.04747380745113867
-0.9652178415570615
-0.4965002517511804
-0.16907272852082603
0.5450124362533694
0.8880313463345213
1.0288546250442359
0.728391598240304
0.1488640655647527
-0.3871838543132907
-1.169607825410365
