1.2864978565746106
-0.33743468256225323
-0.48894340760949023
-0.8691466555649906
-0.3851635414446876
-0.009902450492016214
0.7224555328105627
0.9929502609236727
1.1574727652665493
0.7341499739735923
0.25910568013122787
-0.4337774491005158
-0.759379995601335
-0.8937744011834489
-0.5015007683476083
-3.49135288843172e-05
0.6788000673661991
1.0312893398972665
1.1681722737978462
0.8088440609546258
0.3337866459334757
-0.29190459014009995
-0.5619630407528264
-0.5360845594226453
0.2299760799331474
0.7001199700317291
0.535714962664911
0.061639383706104854
-0.5099355278590277
-0.967822221051036
-1.0751401008769326
-0.8405244378982251
-0.2827318244534331
0.32264396046139476
0.8171765949121248
0.9455600725093846
0.7306012521539004
0.18786959837117753
-0.40587799278089925
-0.8886685511078085
-1.0098254356673455
-0.7851414324989389
-0.23785029672491434
0.36432659342205054
0.8499263403960392
0.978659411233004
0.7555454201239953
0.2152750950260221
-0.3862867611760595
-0.8652021047176607
-0.9941363841569922
-0.7644970415496615
-0.2252182833102415
0.3828698413417768
0.8599157650584007
0.9955394866498719
0.7629153271694018
0.23067502112891555
-0.38199997416757375
-0.8514183540375504
-0.9942101491921028
-0.753019563990131
-0.23265562898886635
0.39010504592148404
0.8375102773637809
0.9930387535021571
0.7007709637916397
0.19860085343583472
-0.6594416128258774
-1.0717020214840458
-0.7267518303428786
-0.32421188036244825
0.30062796699733674
0.7875992382220603
1.1843831107464935
1.1338383590327008
0.8304580373081899
0.3011251809082344
-0.011988657532790626
-0.43949508624347444
-0.8854114673614866
-1.0288217298300089
-0.7998225590861391
-0.275953193411713
0.36721742472088675
0.8778815922543419
1.0883991894682579
0.9100129607406087
0.4470239438926576
-0.13446631393715058
-0.5359691363394974
-0.622111763775874
0.024333039314157843
0.7071772665669305
0.4269971074390505
0.1275736536031378
-0.5866693921143383
-0.7775821633414867
-1.0990957897535363
0.044014398558355594
0.07695726405402491
-1.1055213437070763
-0.8366682887708717
-0.6932238502482815
0.05870805345843451
0.4862059062078883
0.9455824275781091
0.7930796237775865
0.5129204188467541
-0.21105855264595033
-0.6761373467155115
-1.2869078434771573
-1.0476602684606637
-0.22445335550119228
0.16858717463970932
0.5789095464833831
0.9790563766963967
0.845091167596119
0.47128076585366396
-0.17972573776479764
-0.6978036626082145
-1.034959333358839
-0.9198215291590821
-0.5333530462740739
0.10960813400752767
0.6345300662986556
0.9669217964228122
0.8568407372906961
0.46704479394584864
-0.1717331389025647
-0.6992199399670825
-1.0279873227777008
-0.9200238607097958
-0.5270158124508817
0.10991456181162003
0.6402882498044955
0.9673618734437495
0.8620221715164542
0.46738609763948236
-0.167132766569173
-0.6991455832900126
-1.0239733796088615
-0.9203605613160434
-0.523597354971931
0.10902084297623492
0.6430940080997327
0.9657410482158766
0.8641841684264746
0.4648183022335162
-0.16566752962235048
-0.7029667801014033
-1.0232929760403526
-0.9258889381183228
-0.523848623022137
0.10107316576287116
0.6416588309790631
0.9541812923188745
0.8611068828795154
0.44747766691294577
-0.17129330935945275
-0.7305041137623841
-1.033498360972118
-0.9743023152906768
-0.5441382844743822
-0.003335023764212167
0.5904883288775081
0.5295799823440883
0.5925022668478827
1.0070120135114309
0.5272575350211856
0.09302615543292683
-0.6132292870194299
-0.9009154543435314
-1.0305877499188496
-0.6057457696041894
-0.11799982701225636
0.5660810437862148
0.8711841877006193
0.9924792170966366
0.5710524583365512
0.0833423657471071
-0.6057343316216961
-0.9038525484680194
-1.0371980489439112
-0.6012535427100273
-0.1332835090829372
0.5805783922910389
0.848764124699711
1.0239485532721664
0.5422416845832316
0.15111038491892084
-0.6375872965289352
-0.7299009678645859
-1.0489087310664058
0.25251506864349493
0.17415994996245923
-1.0270058137225766
-0.907712859377126
-0.7182277139042397
-0.19032042184362616
0.3299014686158949
0.07504340100201393
-6.86960107246648e-05
0.9042407051254516
1.0335012109489459
1.1487601851921496
0.6423437771823138
0.13679975823621832
-0.5437279052998688
-0.833474749264719
-0.8972852302048471
-0.472758808589157
0.058982321625838496
0.6887506749045191
0.9954173365585697
1.0244584392590037
0.6121195224275139
0.05504626127303689
-0.5653785087720068
-0.8912942394713623
-0.9128701276987183
-0.5156098513624682
0.0476121273914944
0.6559523685671752
0.9870575713351598
0.9987780656508988
0.6059908334255465
0.034623660836506975
-0.5697853778062607
-0.9076889610140358
-0.9158875423139213
-0.5288120248379794
0.04577473424286066
0.6453705059511893
0.986284490478562
0.9904331659125871
0.6062483910114344
0.028282733943806704
-0.568444597804113
-0.9121194311953414
-0.9133000541516144
-0.5312664141233839
0.04994376896453324
0.6451867839863511
0.9926801225503584
0.9932255495865361
0.6161714158578232
0.03567037316376849
-0.5520120388367895
-0.8958482117277735
-0.8814604850753219
-0.48733025466834784
0.1536348348673346
0.7448724393880085
0.9812070597438312
0.8619676604921409
0.3876156882888119
-0.21408861227103018
-0.7505622490171903
-0.9793413892158938
-0.8463361695744154
-0.36910501922520306
0.2393503655737568
0.7771566487162322
1.0100752599277618
0.8777287451945801
0.4033453924766139
-0.2047871934688528
-0.7404960703042375
-0.9732710431980486
-0.839313257505125
-0.3648841078761594
0.24451782357364496
0.7802200921426735
1.0140072731344574
0.8800171357582433
0.40639535731789217
-0.2030485571049634
-0.7381152576729947
-0.9719442121390887
-0.8374695705346226
-0.3638834240256506
0.245906232957246
0.7809468302546596
1.014988805962661
0.8804992423177318
0.4069943669800691
-0.202798627002326
-0.7378932399886116
-0.9719275291257485
-0.8376352113870458
-0.36411300536904967
0.24532687205678697
0.7804463075425422
1.0139535839460494
0.8796906117911628
0.4054429286526963
-0.20396700059911382
-0.7400432666574218
-0.9735251111780717
-0.8404941961764507
-0.3662323142556314
0.24161147891090387
0.7776817674496196
1.009183476798946
0.876114245278774
0.3993477257896468
-0.20858370958360528
-0.7478395940986855
-0.9795027637837612
-0.8505283591646806
-0.37403380087737687
0.2285477158161426
0.7673636185790805
0.9918721017191942
0.8621942428689923
0.3758109059723949
-0.2279078018711609
-0.7810533772086524
-1.007467061825497
-0.900082899288094
-0.4171234719738609
0.14763816768297858
0.6937725081980122
0.8349815641343865
0.7088307560316596
-0.14171682396960783
-0.8180872189088136
-0.6927249274433765
-0.38749527570778003
0.24129002116292003
0.7616733613521074
1.10429445598426
1.022726935056628
0.6372219991917375
0.011989404563942742
-0.5455961454614763
-0.8876493288423651
-0.8274549340950986
-0.44177570978835445
0.16975429135616724
0.7275356123891461
1.0602147101936004
1.000315688136917
0.6079595793046724
-0.0031674490216738603
-0.5658210104636872
-0.8979965926047774
-0.8416944883700055
-0.44874311763553204
0.1597291524451511
0.7230624416740881
1.0533060739018734
0.9977629890005912
0.603453065272319
-0.004184064778900563
-0.5684068260520335
-0.8977405963672065
-0.8426918907452654
-0.44739721031089846
0.16008785440263534
0.7253718825636923
1.054858541312158
1.0009506181873544
0.6060880997389132
-0.0001722481743370281
-0.5647612541375147
-0.8929333299084398
-0.838076180538795
-0.44180158466632485
0.16566044416385786
0.7317686275399352
1.0613996736098428
1.0081807877115856
0.6136340230402013
0.0079442751489255
-0.5561482654106131
-0.8838543494738399
-0.8283044639896716
-0.4316565583357084
0.1767176444101909
0.743117399955955
1.0739130480670602
1.0209149987279678
0.6278315281418124
0.02230430747904711
-0.5399613050259409
-0.8675472887803294
-0.809714583390556
-0.41296635953001487
0.19828036448949474
0.7647958199671839
1.0992534682039432
1.0464448039839138
0.6581225766883402
0.05296063873700445
-0.5029402953065387
-0.8297955864602011
-0.7631209361602014
-0.36490149255372833
0.25931070241158555
0.8288460300871422
1.1838770602970519
1.1375974102598743
0.7862531801408554
0.19683545832053603
-0.27535765341346946
-0.5542771388735732
-0.11746884866913826
0.5794851715378682
0.6278855497003322
0.27235360355159893
-0.3026464334390661
-0.798928821681103
-1.0421964546017604
-0.8983391565307098
-0.4356064659793066
0.1940279581367946
0.7414695980087945
1.0128835519013684
0.9002738100030511
0.4554857057688285
-0.1522031440202311
-0.6867051494329465
-0.9411539412212162
-0.8183866141412912
-0.3594817221388088
0.2567115365290043
0.8036916830703049
1.0656401660474228
0.9544891990630352
0.50249294667011
-0.10237823581279122
-0.6427477419222686
-0.893189552296831
-0.7754924134325856
-0.31133283781863336
0.30023320411324633
0.8539635344663338
1.1114744356215127
1.009042101261848
0.5526019953118917
-0.04076468685157886
-0.5857385888548915
-0.8204547943094824
-0.7076166111258796
-0.22081698470244904
0.3857056471630918
0.974637737982584
1.2275569895383942
1.187016809710613
0.729375472802833
0.2731417886933825
-0.25399092825095737
0.11256170527481936
0.4449794530800224
-0.13939860229770554
-0.5757823008507152
-1.0222654770658772
-1.0071992925323494
-0.7325962146575185
-0.10807343253916199
0.4786497923647276
0.9557045946964545
1.0152418244659505
0.7655351966790799
0.1887857697155414
-0.37381596354534297
-0.81508271380871
-0.8479302274346249
-0.5679226260014711
0.04183545209941434
0.6331439222541214
1.1200984661701063
1.1835574482877929
0.9765628690860335
0.40430545676043983
-0.0383182974478641
-0.47820757156371024
0.05916139163326716
0.6614681173547295
0.2751154139221904
-0.14511962387914315
-0.7361179845501249
-0.9637673493342734
-0.9490508380492878
-0.4684523202537787
0.10421897982046283
0.7771766642468328
1.0742093747849948
1.1781890843511136
0.6552603265075884
0.4286019704186496
0.29665839523530285
-0.22753507182093108
-0.3510406303606003
0.025207549974885866
0.1602916284548057
-0.37348623028460437
-0.8252943055576686
-1.1978594943943175
-1.1390211657370308
-0.7966468102354137
-0.1598562873592357
0.426355805045107
0.8503631137096382
0.8619065075257744
0.5530047266815837
-0.03842366627099329
-0.5993661981011883
-0.9905905485963516
-0.9810094703062034
-0.6465044211694697
-0.03595159220987759
0.5462235940742624
0.9559925915700094
0.9649525183905804
0.6496177660135134
0.05606783953998672
-0.5049862324670891
-0.898345662126067
-0.8824020610819814
-0.5502728767602885
0.07501314934541095
0.6545838512982632
1.0925336375842565
1.09925543560649
0.8391356267849024
0.24655786897618534
-0.18465538086019279
-0.5586058658434633
0.04484040383683424
0.5931387265569135
0.15659887332564096
-0.2843941628047212
-0.8668862900074547
-1.0869760315999382
-1.0401984143901788
-0.5647508524379525
0.021605774653326647
0.6353055044150653
0.9253402726178773
0.9040367825321256
0.4709228330502914
-0.09128034584335029
-0.6761069437140624
-0.9404782733824354
-0.89811244281256
-0.4350350534069039
0.14293964403137052
0.7660970812310723
1.0418673000877914
1.0540077339617582
0.5974977635706239
0.10935919656338951
-0.5148909680419136
-0.5987730597793071
-0.6297234166577228
0.6790315132513167
1.0771120386298825
-0.18003785528411942
-0.44572827403517506
-1.204704841350302
-0.8356462065700548
-0.07330175593600745
0.599192455243835
0.9969488887207868
1.1248973564820794
0.7864880291810218
0.36379556609916913
-0.20464770572527227
-0.07352939671951347
0.19131348676921814
-0.18610480770565493
-0.6850773156364873
-1.091748901776285
-1.1626088099243095
-0.8775491318229691
-0.3092029615285985
0.324914314189457
0.8008908355339629
0.9395404903052121
0.7000736219766179
0.1761991074601734
-0.41963834731269667
-0.860977831881899
-0.9616970889926933
-0.6911933606050994
-0.12393353476562169
0.5037223919706083
1.0030712811078857
1.1416720763252424
0.9689419822381494
0.4554899786522269
0.13889185845876414
-0.16348265678937451
-0.6407463699633412
-0.773413539011892
-0.3933936019614178
0.40572644224757654
0.654231542568026
0.44628471292440225
-0.059202563070974296
-0.5621893518680294
-0.8642390685438268
-0.7113601565507736
0.010267613966590431
0.5378132406961279
0.32162115874794067
-0.08732146902848191
-0.7062914213109566
-1.0961576390370384
-1.245849558668155
-0.9451578623741745
-0.43142890581840093
0.2317979211372441
0.676956109313005
0.8561069946170838
0.5913476224022786
0.09992773511978163
-0.5372733916352351
-0.9640084802434983
-1.1229603829604353
-0.8419294074018308
-0.3340207125596924
0.31840968578064077
0.7591762469958089
0.9331767458369972
0.6645545966747741
0.17234383910254047
-0.46866409362660333
-0.8920922552131625
-1.0550771756427226
-0.7660473734803671
-0.26256426847705483
0.40434024300493243
0.8402785857041473
1.039450154024756
0.7660354287373121
0.3206493743327826
-0.32288928812429113
-0.6398047156374732
-0.7909347952811085
-0.03040347546831748
0.6418526775806607
0.46706237622203045
0.08343148584762543
-0.527435578129898
-0.9889264678303736
-1.184826644392263
-0.9839220648424388
-0.48189233570420764
0.14709400055490032
0.6680134411355331
0.8757353622650459
0.714378701978247
0.22067030018344552
-0.37503294790886954
-0.890864398132718
-1.0593990165961582
-0.909038225425847
-0.310038762804027
0.3925754998538179
0.783947441869043
0.8389754794136683
0.504762975019885
-0.06242367093085192
-0.6538918026297929
-1.036127766873937
-1.0608045142315272
-0.7199527153846875
-0.13632097232758786
0.4614860460412749
0.8546705548186613
0.8862359357901766
0.553257789352665
-0.022167561686747946
-0.6143710211128491
-0.9968913347945081
-1.0251818194910274
-0.6768924963351286
-0.10185409498658618
0.5155255808310865
0.8877908699365455
0.9682770675680181
0.537668045537435
0.17140405856081012
-0.11232985293461267
-0.75403816261366
-1.052976906465647
-1.128418189597442
-0.7349114046368793
-0.19593792077837993
0.4498801558817533
0.8063937343966668
0.8846002572292186
0.5165189644142428
-0.019773269311197255
-0.6519826175791095
-1.0057704715136049
-1.0763675708759712
-0.7055287595577099
-0.16544796616272073
0.46952050764642184
0.8240457365378506
0.8973860328496351
0.5240892412628951
-0.013201093732140975
-0.655297139767258
-1.0063709608149038
-1.097337313505769
-0.7106317333867594
-0.24761898191642961
0.31879897214891983
0.7770559718437056
0.963892253793045
0.7246564890347547
0.23527406318731062
-0.41758882989695034
-0.8896070908442736
-1.1030241174709263
-0.894754296487588
-0.4293513379196236
0.06973321215348253
0.4697144106797602
0.9820524645069352
0.9825217308826061
0.771280231163622
0.1395429605820432
-0.3977018314070195
-0.9147748339892159
-0.9317060272240587
-0.7347550406519621
-0.09378634540897611
0.4266194943623431
0.9696224998329072
0.9657269567439042
0.8147546408033913
0.14619292854372629
-0.2924808954427333
-0.8753295759428994
-0.6963875807480683
-0.6115343734075189
0.7978782182838817
1.079153372430161
0.13737318206655233
-0.3981798098285371
-0.8924284588126411
-1.0936316237189758
-0.7286831974121087
-0.3769964469735813
0.9732061704291944
0.8438643119872844
-0.673346053528971
-0.7275172683914461
-0.8986596337479803
-0.3127350877462318
0.14224588439260843
0.7912859761019961
0.9543376783837227
0.9270882484602014
0.4016514911638703
-0.1461208513238422
-0.7552183970717095
-0.97364053246052
-0.9174899328920606
-0.4299565702783564
0.13981046569344385
0.7200861853471512
0.9554218930823951
0.874830010754144
0.399325976094114
-0.1944546408271589
-0.769965594181643
-1.0349699514107604
-0.9682512525172454
-0.5462947505934929
-0.08080543034209665
0.2688399014998141
0.7445405450760686
1.1714003257823207
1.3028072738022902
1.045454650951658
0.6126027181221786
0.0520898186411668
0.12109535625643622
0.15799332183673823
-0.30343189032479334
-0.6140227935427451
-1.125007030516894
-1.182491733950385
-1.0083528627921337
-0.4245731233695601
0.16309371277340984
0.7108834827168783
0.8600828231950232
0.7009146747613705
0.16618343726193263
-0.4140365752711493
-0.9307764657679786
-1.0760160507640448
-0.8952604616467748
-0.35842423772614834
0.23773742755568572
0.7555067764059191
0.9130172202604434
0.732628296541369
0.2055179847946279
-0.3907050317131603
-0.9006060263480894
-1.058465368860468
-0.8716245561427387
-0.34506365893849
0.25648787924699534
0.7656940043477193
0.9279573572650374
0.7403112289249828
0.21736530537000895
-0.385080140291141
-0.8913699738663216
-1.054603026576807
-0.8646832040534346
-0.342776575662827
0.26132792251558384
0.7665098770742006
0.930789986568537
0.7396902344414966
0.21819610769913414
-0.38716816447473057
-0.8926225060367312
-1.0582547264668944
-0.8681961030016958
-0.34816458989300364
0.2552623029759029
0.7591178868887392
0.9217284228615422
0.7298986891463273
0.2054844816067462
-0.3999379361080776
-0.9099505451872234
-1.0748582353472325
-0.8915952464982282
-0.3698993610350691
0.2235276609836701
0.7302050499705147
0.8779565003680113
0.6903966618329339
0.14319185194294778
-0.4561627851241902
-1.003302462754618
-1.160100118134998
-1.0442685473470061
-0.5132923815709897
-0.07241474685690298
0.43539964699757444
-0.09564227191938357
-0.4305276048825495
0.29410922465522793
0.6992040589957924
1.1460940923904341
1.0681625503061838
0.7757967864296345
0.1226554105098959
-0.43166559179500813
-0.8770172883293019
-0.8670070075464085
-0.5780294326157138
0.037216069335692256
0.5874268771124324
1.0096048563696467
0.9953002579099038
0.6916565713717794
0.07192706703379279
-0.48741171011520135
-0.914387927352787
-0.9052172725989909
-0.6068584142583981
0.010922027911921874
0.5642693043975455
0.9921196535235852
0.9759585220868722
0.6812735969172493
0.05509310066889087
-0.49146606948474747
-0.9297363763138231
-0.9029108954291593
-0.6216276335344882
0.02060024363486147
0.5491567225561065
1.0118414302666452
0.9594527975262788
0.717407606736926
0.03601289002631097
-0.4218614159856018
-0.9518868506392065
-0.7379027392076103
-0.6384622054300146
0.808902469982225
0.713949404580432
-0.732293813854268
-0.5852735357274185
-0.5723716009269745
0.145814571694075
0.5872489728087582
1.1532473114592832
1.1045501680506893
0.974966207744493
0.30074147311946253
0.03645367366713686
-0.5009564770087862
-0.19574658496888117
-0.2503891918141617
-1.0918614210091528
-0.9175227935179436
-0.7588910983129755
-0.025357444791250145
0.37714358073368404
0.9391343160230357
0.4312970293416272
0.4606184488939695
0.868136812735035
0.36193219051652203
-0.12952503895326795
-0.7359459784933389
-0.9829686639264706
-0.9372639278802678
-0.4854972972816156
0.10415013097517095
0.6858185340021548
0.9782837516963656
0.9185928733505082
0.4947514557380753
-0.10382765918639564
-0.6651700609487251
-0.9637872170666606
-0.8873872417406842
-0.46796578038444747
0.14574876443761445
0.7038897641064779
1.0174075344720201
0.938789699456632
0.5352039163923412
-0.07979656740888243
-0.6197807638030188
-0.9335356004825022
-0.8323012508820168
-0.42756795304807726
0.21861929693573667
0.7618058874173601
1.1252550451731458
1.030079739596857
0.7274608944971513
0.07446714427711913
-0.038348943156182716
-0.06301157750386278
-0.8064238955247534
-1.1560087404312742
-1.0555127072554396
-0.665279096067513
-0.03919985699906741
0.5412182510705712
0.9182649473688806
0.8877190024783588
0.5453640755106685
-0.06681546347541768
-0.5951910599176028
-0.9688745749807097
-0.8562062857210228
-0.5141568331093679
0.3972958471112711
0.9447728789609396
0.7623715609344762
0.404382883101227
-0.220968244392596
-0.7626477827626205
-1.0693597956323626
-0.9971531141583391
-0.571983893747056
0.024557321014971024
0.6033995513173603
0.8894123211240824
0.8437328544503017
0.39742593412363125
-0.17697073342779265
-0.7810831855904234
-1.046228140016355
-1.0339228194821966
-0.5655249481381583
-0.039996612692534315
0.5917440039592406
0.7716550439960086
0.8237311453845243
0.09268959464432316
-0.6166291540073653
-1.009525508261095
-0.8434634680811426
-0.6076913705540635
0.18511461411800048
0.13733111314727423
1.214235633508219
