0.5436059509537591
-0.5925596200131069
-0.8205041194741278
-1.0333212181890468
-0.6491706478683142
-0.13829435374802604
0.5215879298606608
0.9603566607253379
1.0684464016714548
0.8427303746648677
0.27156612194614893
-0.16581006892274822
-0.6684303557478231
0.04334481045886401
0.13265167158183158
-0.9825477508679477
-0.9165418652227156
-0.9407458535440376
-0.2713461687206716
0.20647776711473423
0.8474197307360067
0.9315318757758553
0.8656037780547721
0.26894966284298966
-0.24037387573843008
-0.8394690028672751
-0.9320541690615064
-0.8412033626989976
-0.23795258944893385
0.28441622493853613
0.9058305771489114
1.000448151501721
0.9573014870641668
0.34165602879481166
-0.06850832769305357
-0.7312701593469773
-0.3148888239018721
-0.43868181954429336
-0.9815930093166025
-0.6523067252578548
-0.1929431179316746
0.4527180639764383
0.9058833456501801
1.0474543228406545
0.8189719974661261
0.2758259059786723
-0.30643888521593304
-0.7980494551148711
-0.8839657174171599
-0.6812147488483609
-0.07612303007718663
0.48124838391507196
1.0574561144169288
1.1052980317929948
1.0504699801910797
0.3018693733696646
0.22319444551413425
0.09442097167057124
-0.36763332266069393
-1.1607737688970443
-0.7383017820300938
0.5834489720238226
0.5530568642037874
0.5456595405798277
-0.10142082745268562
-0.5556208212329921
-1.0755419061605902
-1.0654906865349
-0.8556533096103918
-0.21910560873967422
0.33591968301147546
0.8507767643781585
0.904115367621609
0.6929067162972256
0.10221790414657034
-0.45104002512667646
-0.9285502184794266
-0.9766849809310086
-0.7308297354485419
-0.13009180756914748
0.461210006240195
0.9575244478226598
1.058389270774878
0.8527925907701025
0.3554653993224647
-0.09005438664108599
-0.14277959462827175
-0.2240386915095419
-0.8743222587290784
-1.18132950438688
-1.393876169263752
-1.0414573863329573
-0.6691087622752324
0.013404886620087497
-0.11739337191220818
-0.06653360232160165
0.6155165050950954
0.9612290127845001
1.0977828005437995
0.7930696608370864
0.264988120765458
-0.37180078835935526
-0.8123744275337283
-0.9461468350421818
-0.6698516947830533
-0.1423060492004381
0.49639009417597374
0.9346442804654036
1.0989936279771573
0.8175537820660619
0.37917029345517406
-0.2704136935605605
-0.28000248533139566
-0.4636700457934395
-1.0917116519485772
-0.9272864580639889
-0.6478690842192503
0.04011611341726699
0.5478682289536566
0.96768330692237
0.8830598489474979
0.5681581527206391
-0.08361883065839161
-0.6015807410979302
-1.0021927798070245
-0.9181593594908235
-0.59357422555246
0.06376810510128528
0.5837568729784826
0.9961683323175511
0.9042855101759845
0.6009567702004401
-0.08700868745370383
-0.5643756697420951
-1.1486918993593263
-0.9086465233289865
-0.13898245183955527
0.46970571995493515
0.9077719336977939
1.0103595900342162
0.6676552398867183
0.22968902421730433
-0.2593668815091409
-0.7900767297119404
-1.0251404476663284
-0.8908369019474965
-0.4333166713974362
0.19791950375547585
0.7312889082746049
1.0107155914657693
0.8789787860211586
0.4500580935861321
-0.17731422536230548
-0.6860318600171104
-0.9596030134855752
-0.8019288481404743
-0.36399179463733733
0.29585072477574603
0.8194551701146348
1.1420927272492458
1.0132758687323435
0.6729741027822953
0.10348974338052518
-0.02350375162127972
-0.2449120304274557
-0.8006166638558964
-1.110568329407818
-1.1180179769837297
-0.7499303473505916
-0.15425717160344166
0.4524985557513286
0.8555946191413468
0.8861653804053087
0.5638754305106723
-0.018017199983208165
-0.5962090305369839
-0.9896444710411855
-0.9998487615520818
-0.6699183026855435
-0.07210929623858624
0.5127774024030282
0.9195679692282461
0.936212517070873
0.618187694456987
0.027140503500672708
-0.5465209601619674
-0.945596421183823
-0.9510449311215715
-0.6234728963358958
-0.02055019508694997
0.5659645682436207
0.9786042163445962
1.0031326342773559
0.6926705809304579
0.12211059215371012
-0.4392911626212669
-0.7827405358678384
-0.7585927400073115
-0.15955162673492657
0.6172787644488121
0.7305710252950384
0.5544460831963147
-0.026822644291153438
-0.5591376257679087
-1.0267681841783547
-1.0489301505035686
-0.8024210551560244
-0.1856985584060128
0.3771988124841282
0.8697273376861236
0.9075531563292139
0.6834052370583663
0.07457099579931668
-0.46494115353287374
-0.9547316705570251
-0.9651875212210012
-0.7426008990465814
-0.0983749311925664
0.4350177575104797
0.9757948963397027
0.9740260317181988
0.8363699388914982
0.16967199729096494
-0.18173611273066934
-0.7672829908372559
0.033870948090016985
0.04670082833506783
-0.9992048044032615
-1.0227688108265485
-0.9830438941984849
-0.39935472487641893
0.15343232832630116
0.721344298306207
0.8928719266378681
0.7561372826273619
0.2452288110517879
-0.3496704292902204
-0.8731432214335152
-1.0684982397607945
-0.9012192669468064
-0.40590841057543553
0.21167716216082613
0.7238935052934983
0.9370728111294778
0.7610527122624512
0.28037145307154265
-0.34441594990475294
-0.8441876770404445
-1.0636046467746618
-0.8766707165855563
-0.4016306822359883
0.23298923822326914
0.7274623637411326
0.9559569887919559
0.7638774754631231
0.29741127453323
-0.3423556156715461
-0.8285532404411442
-1.0623343420612084
-0.862097271248272
-0.40119317603465754
0.24678436374693638
0.7269971101534789
0.969217762071427
0.7624003977701272
0.3103604193181836
-0.34501002810215076
-0.8156996245032135
-1.066415916372267
-0.849116046266965
-0.40708362821524824
0.2601374053901385
0.7186983560881951
0.9832227887407289
0.7507112051163245
0.3253472132423004
-0.36179813491273727
-0.7993509303857914
-1.0915322042297713
-0.831036927500061
-0.4473989300972801
0.27995901065393736
0.6456606538370909
1.0026555689168628
0.5833185027024893
0.32814384074401165
-1.1312269112991533
-1.034929613182283
0.4260654382865666
0.647134765257897
0.9046440287427491
0.4762149733932582
0.010351040723493611
-0.6504383470950499
-0.9795682964050604
-1.0598585583969393
-0.6875537955683005
-0.14008730780059692
0.48475526837549965
0.8623529219354099
0.9165616452028881
0.5774020221368266
0.009234837965201734
-0.5906766406407983
-0.9859300531485078
-1.0199674323709165
-0.6968253786506241
-0.11130611207296578
0.47324670016212206
0.8842793154382017
0.9028143947648203
0.5948109492972529
-0.007141476315945681
-0.5763542251459324
-1.0056715453666043
-1.007720391841622
-0.7211071785240647
-0.10020933438753682
0.4425669457223189
0.8955002619581766
0.8626860331452254
0.608838931670882
-0.06206636672835145
-0.551598142439849
-1.085668463086709
-0.9382591352388298
-0.8483967767967556
0.36120646347877766
0.22616011773388073
-0.7691610604242192
-0.317956194010479
0.010012469090348461
0.6959977320028299
0.9812222744100417
1.0925122050753397
0.7017889694387682
0.17271410268711343
-0.47629762051835167
-0.8550320172942738
-0.9387651158903692
-0.6035217974525258
-0.05088422254735083
0.5607897589976338
0.9620573849500956
1.0178007849907875
0.7061155642489094
0.16476280742887206
-0.4025126205798324
-0.8677658263445421
-0.9422209491949108
-0.7043285581855555
-0.10978099439315682
0.4599389656254824
0.9836702113423623
1.024022469969222
0.8873795856553061
0.3076246647510361
-0.09466008086656573
-0.6720678566410488
0.015874418906676853
0.04733074751487942
-0.9866216991917066
-1.01147326963207
-1.002019666522506
-0.4151307423604577
0.12255320191180465
0.7142652981650063
0.8912857736332747
0.7832112857128987
0.2745596226692676
-0.3139774871703155
-0.8541758439444813
-1.0679211248340972
-0.9198818805760157
-0.4439583384936826
0.1803394628859548
0.686464117599623
0.9372428066587457
0.7487987915839495
0.31813500891198915
-0.3605231400298326
-0.7985543439043535
-1.1342807324966082
-0.8052074827386918
-0.5423769045411401
0.780375875419152
0.5922860006136587
-0.8153615944071638
-0.6211277453383716
-0.5628310635451803
0.16261563478030333
0.5791690541821464
1.0569993059602725
0.9399162462894235
0.6723319588041649
-0.011399115233752583
-0.5242517788843208
-0.9752735261771557
-0.9146345723741659
-0.6280810991161364
0.018036947154872054
0.5451644762004014
0.9690043975425604
0.9195722789513886
0.6122299535687985
-0.02481864199557964
-0.5685341076652033
-0.9848687964681133
-0.9491220863140853
-0.6354655877372271
-0.010022149273276113
0.5390700222212869
0.9453299689867942
0.9142006615966063
0.59161455668813
-0.029842409585339
-0.5870009005615605
-0.9898111414855864
-0.9661000188810371
-0.6405311975815795
-0.02601610315311814
0.5337098613036165
0.9299102260464456
0.9083892292205347
0.5764141152468748
-0.03626141431098611
-0.6023120440805018
-0.9970059873073812
-0.9818523410159176
-0.6486949220751932
-0.04256565527230565
0.5243441291824853
0.9121528170381165
0.8975277636689912
0.5569454450562777
-0.04900267245394619
-0.6241437742941626
-1.0121473050208158
-1.0069348035634005
-0.6669675469481554
-0.07216953152560757
0.5018689985216178
0.8761090292253239
0.8692016785806032
0.5113804006627978
-0.08587794143252024
-0.6845784697771262
-1.062361866182148
-1.0925565602214518
-0.7400465505240833
-0.20631363813542772
0.38341048943567113
0.6233628421979396
0.6329558853126342
-0.3176357721338183
-0.9720498998893009
-0.41850585005101965
-0.05396137310746576
0.6548043366205182
0.9272618035786702
1.071696594179473
0.6411092531935089
0.15624409760068675
-0.560973190347381
-0.8842427063843921
-1.0728784210923328
-0.6636227966768496
-0.287225425481788
0.4303120236752104
0.2674237146412373
0.4860666451641403
1.0911918152636133
0.9946866381452273
0.6560993873657476
0.04159300196440267
-0.5443590109758113
-0.8882180377693222
-0.8974499182370473
-0.49218884772506843
0.05516233723228498
0.6940259956256742
0.9696360009537316
1.0525365557968196
0.5323740975645309
0.1354686994991032
-0.9946869433119178
-0.663090551799814
0.6576682048750179
0.5167523518659434
0.43410163278723884
-0.2765136839784515
-0.7288365886047962
-1.2321060927193752
-1.1670826128250242
-0.9532862808067857
-0.33553088424294514
0.07795436268383099
0.29837990740459913
-0.24060362223525966
-0.2726851278257935
0.1457532896376806
0.7323800130789355
1.05562904571719
1.1698145048050879
0.7779622173431985
0.2853720500264759
-0.42592216279923956
-0.7484953672170436
-0.9580073134616425
-0.48336997046269964
-0.1303444587979158
1.11578068380057
0.9186796206930635
-0.6674755958934218
-0.12700819621813986
0.7901266106896772
0.1878376976452368
-0.7157927853530148
-0.7311245400102532
-0.5454113647547608
0.05742603348248224
0.5961488535924683
1.0379516247331937
1.059089803603437
0.7714618359734623
0.1761227052106268
-0.411409465370942
-0.8470871226071105
-0.8981228601494818
-0.6056110102342216
-0.03096592062742158
0.5605637548435268
0.9808142823548971
1.0352441522465514
0.7306309578389251
0.1589789470622244
-0.4424103568907188
-0.8599248817278826
-0.9226330689236046
-0.6154358474975101
-0.05091022540929679
0.5529910284522724
0.9642370237830961
1.0294491173183524
0.7166307084972375
0.1546556798515888
-0.45437636658006214
-0.8629747187453716
-0.932949032684239
-0.6173358075726594
-0.05985316841023087
0.5521747268365141
0.956466437364304
1.0296996831296101
0.7098896858438223
0.15600501842225475
-0.4601830600273295
-0.8604397506682853
-0.9378729883078002
-0.6134582910999525
-0.06389985099105251
0.5576505995953288
0.9533486370656276
1.0371817209517185
0.7078345099949456
0.1661536880426911
-0.4609069992026752
-0.8465081459441927
-0.9367478426349847
-0.593720913477355
-0.05988822892712375
0.5872677856115038
0.9625365573260101
1.0863713711610112
0.7281976042117643
0.2660875448474204
-0.40776960337147494
-0.4687186384456566
-0.6685050292712094
-0.9969632532800162
-0.6472120080362723
-0.15105372129260672
0.4922358161337356
0.9052340895791687
1.0184157088843764
0.7269308028584512
0.1836039114753798
-0.4293871402599765
-0.8650403904264219
-0.9582689800641188
-0.6813226125172817
-0.12287038272610994
0.47910079506447095
0.9274261878154384
1.0113048913615394
0.7458351794258143
0.17876015987129062
-0.4121272319925872
-0.868944951254994
-0.9415039085242911
-0.68487292100645
-0.10562181822716406
0.47559294767178206
0.9462141571649781
1.0076424793592773
0.7676234082507246
0.17481956073989743
-0.3847704912843602
-0.8731332982846526
-0.90273763610681
-0.6885963396362875
-0.03623046473876718
0.47730750071624833
1.1993346513242489
1.081207315384509
0.3402358730328044
-0.2635444153030247
-0.7539749284483795
-0.924884071140328
-0.6640899814250713
-0.1843632670623349
0.4994624904079129
0.9023644465000749
1.1698905106023527
0.8122369849659803
0.5096139149679572
-0.5290854683211684
-0.2617964292083018
0.5802257445121911
0.12361358212232461
-0.27605590415666614
-0.9084128003901457
-1.1966443221789946
-1.2103799211040691
-0.8664879440297039
-0.3063915787920113
-0.021590669106024394
0.090337030773962
0.32552124174874714
1.413269489754503
1.342347140020108
-0.000245943266853601
-0.3728600039695402
-0.8752217450468154
-0.6413000316231741
-0.3395418800726888
0.3731005025436004
0.8079607372118679
1.1628795894838302
0.962332407650366
0.5960572522180746
-0.09403514917094506
-0.5572770744195212
-0.894926049064316
-0.6906989533027834
-0.30930983103355403
0.4973874793559566
0.9876504878045528
1.0507236944490757
0.7372641333836377
0.20585109793440587
-0.42178120161406935
-0.8013982394609463
-0.8975459530868755
-0.5501018622920315
-0.01604542277076189
0.6401346303603558
1.0273625261380166
1.161621415739909
0.8242642824624805
0.35599071819891015
-0.28673461156669483
-0.5259278529581654
-0.6364121668816183
0.3655126250544094
0.9533666831062988
0.28876139500790127
-0.11047686736999293
-0.7837398713438499
-0.9791729222116796
-1.0137740811070322
-0.505137991821026
0.0154666446269855
0.6957952630995324
0.9322974344241477
1.0104795246064955
0.504278704214441
0.07075964847708678
-0.6430582677036698
-0.6816520223939566
-0.8585382815673478
0.5501012867209883
0.5913940200252105
-0.8176701325075942
-0.7762288049644663
-0.8325998446942233
-0.1938089626018318
0.2936977800587686
0.8954081016094004
1.0054460796373743
0.8937449898344708
0.33680095118257397
-0.22198675765276676
-0.7659490249128779
-0.9132905511875915
-0.7516473360819553
-0.2149387685464062
0.39663777204424616
0.9323204655252456
1.1498746193722509
0.9934601703140147
0.5852408733527424
0.008539154762365855
-0.030712961204520297
-0.0221517579867014
-0.6758210036951598
-1.004533957586219
-1.208773324475558
-0.9024968222581702
-0.4243811553565584
0.2565187422299148
0.706276760923291
0.920042033106047
0.6734430854049933
0.19646991962041768
-0.44711734262722314
-0.9006563751543081
-1.0876899637613786
-0.8489509796958716
-0.3507516664049223
0.2804004313719305
0.752602198888472
0.9207642596437889
0.7007503686560477
0.1728832514609191
-0.435089526797824
-0.9587191389882873
-1.0847431196416935
-0.9744565982372796
-0.2493214783811988
-0.08596506809040194
-0.267875965863804
0.43171469195265355
0.7986847705289379
1.1611787564432106
0.9561486229231164
0.5911324798625704
-0.10403147473979431
-0.5946199165293415
-0.9510497913849838
-0.8012176430395689
-0.430873962068769
0.23386635926702623
0.7288524932708405
1.0670358109843976
0.9206648679121044
0.5393380103134352
-0.12295950540183685
-0.6238056926524305
-0.9608223430856437
-0.8159808878918521
-0.43536646269430834
0.22992310843343614
0.7267707314773638
1.072769540987365
0.9168698430223358
0.5555619975968409
-0.14172097961446475
-0.5942095670455494
-1.1158729314842175
-0.7831233494411813
0.08479353466745915
0.6303074731775393
0.9994256846900579
0.9351888897848956
0.5479973485200806
-0.05239645286398286
-0.6073270046227521
-0.9130044693351901
-0.8445664156328583
-0.42296192835313495
0.1923912713949038
0.7765215239406457
1.1132035347673062
1.0837349647145762
0.7330452577399658
0.22739536802247318
-0.04863753175318718
-0.36787476649704115
-0.9037100815485014
-1.0913877517569268
-0.9948117018718954
-0.5012443180918309
0.09635394200848328
0.6807996513485933
0.9375272988521591
0.8639426826350207
0.4040763090586238
-0.17932683397564797
-0.7428311325672837
-0.9893333894884896
-0.9007579062750117
-0.43265191869224123
0.1626366422405779
0.7334326349371479
0.9901796671274987
0.9086291065359078
0.45003680726949064
-0.13791717478275298
-0.6992286120023977
-0.9476940869438968
-0.8559829257303779
-0.38727072829061654
0.21245447015891342
0.7872287459865934
1.050670041903373
0.9787740910854789
0.5317125609877139
-0.03447345944348547
-0.5704600637214874
-0.7615294284305187
-0.5645989684587149
0.19527077006734314
0.7514335674573216
0.699411708759342
0.33262337860964225
-0.26357824699757704
-0.7852250117360859
-1.0696259731776212
-0.9564789611498478
-0.5293980098452853
0.10597140540031416
0.6437969580396614
0.9713247712922739
0.8046267375928325
0.4869867155824124
0.07107308772979025
-0.5478648574755811
-0.9413865325103525
-1.0270881067214797
-0.7225762005453152
-0.15691912409383402
0.4528415851712109
0.9050469119372976
0.9792903344785655
0.7329264148545939
0.14948811629379538
-0.3745378648953567
-0.8578149254006934
-0.753268377161042
-0.5709856010876989
0.8062688065292094
1.1175801795826439
-0.17564988835064305
-0.5036693532691711
-1.1018939524164375
-0.9282256462278305
-0.722387719029803
0.004534925892058937
0.4646966658557572
0.950262647531379
0.836888388804988
0.5862660670630071
-0.10876945073845656
-0.5898077217336136
-1.0586437938615798
-0.9542142377689415
-0.6968220741546336
-0.0031320085730225174
0.4767722366530527
0.9502988897288579
0.8371469783229094
0.5903839815803819
-0.12087462455264011
-0.5830177942238657
-1.0867103304193155
-0.945503330967584
-0.751516528862931
0.0058364568474002
0.35772806225381876
0.9493249060557567
0.34970171635641345
0.442340523431106
0.7240848888735406
0.30597748545262626
-0.322702723491886
-0.7623092900111867
-1.1669611622982266
-0.8348441749979609
-0.6568244460501437
0.7775974265241475
0.5615141287433644
-0.8374256305469068
-0.7988599820092588
-0.7197549746229762
-0.16169468391564773
0.3763299964552086
0.6449225008100015
0.7441539261585104
-0.42860788291084795
-0.8455108331165839
0.3919879744949521
0.6576500973849666
1.1895844630593522
0.9406601065893151
0.6739032875989015
-0.06873316166576
-0.5246520308311561
-0.9482129792403649
-0.7968365454674139
-0.4789174706612316
0.2028918956067376
0.6898855750208013
1.0715273341977307
0.9415381245381051
0.5929143209471683
-0.07305046625880227
-0.5834726430652173
-0.9527973282951586
-0.8412105854853811
-0.4826829487908335
0.16851635272968854
0.687103266247809
1.044391353941515
0.9396660081697854
0.5712101849513844
-0.07413483267998487
-0.6009805265231226
-0.953211964157854
-0.8553954172816898
-0.4825276968846355
0.15702077043737592
0.6877480729026368
1.0351150284798076
0.940737313291673
0.5637986522410902
-0.07268570117275236
-0.6067980415158278
-0.9514219334455272
-0.8598275610558965
-0.4804241067514845
0.15381256176687186
0.6901457952911323
1.0330060336813989
0.9434163974540773
0.562693398666734
-0.069732277616425
-0.6069711096017544
-0.9481960665245295
-0.8591198627386455
-0.47692294595473733
0.15536713302313374
0.6939296799868641
1.0353894211449013
0.9474950470821006
0.5659024641360341
-0.06534198068196324
-0.6029248117661936
-0.9434719537339142
-0.8542096358836981
-0.4718368697473003
0.16118429680639895
0.6994128431490001
1.0421748398263875
0.9534187847732646
0.5737387896780415
-0.05892390641630948
-0.593929232001751
-0.9364928759519056
-0.8439145753158936
-0.4642135659274661
0.17295970170293448
0.7077852860523899
1.0556646004125123
0.9626743228252568
0.5892482197000761
-0.04861151338353676
-0.5759966012832266
-0.9248938994481914
-0.8230160019613931
-0.45101726818058524
0.1975706892243656
0.7230108728246123
1.0850438640250568
0.9805498416634458
0.6249426187476322
-0.02715762764460402
-0.5316178624460096
-0.8984012209473288
-0.7661093822290173
-0.417036181690229
0.2737393876460692
0.7689542584776651
1.1936253849579763
1.047658518762522
0.7962625516898697
0.08379450517223422
-0.2033834004759239
-0.6666889208484306
0.37473941041499725
