0.00925971576124215
0.7940804193837981
0.7625013401942534
0.4964552796965123
-0.11363793267052764
-0.6277267843110408
-0.9836994737961215
-0.9114230790239578
-0.5406121767983526
0.09091385375997572
0.6567488018924532
1.0289901455262451
0.9899332549740436
0.6344345851203085
0.028087367167082
-0.5211596169280627
-0.8715627838362809
-0.812591679296967
-0.4355671584509132
0.19692528371635457
0.7704933603382726
1.1587348808060007
1.1321573443984903
0.8177294561519652
0.24011177639666323
-0.20216356759065793
-0.4249216751973396
0.15068751391869545
0.5437518073280989
0.143210846404182
-0.34420094902580645
-0.8762565935557799
-1.0850881022997265
-0.9714557999929606
-0.48787283824816535
0.12835903641346896
0.7013807977354395
0.9766833148590394
0.8901465363424274
0.4522570487522581
-0.14253258775481573
-0.6770279279227622
-0.9328379303414931
-0.8074042565752606
-0.34933567409091476
0.2921982783668285
0.8509820287563712
1.1744185456930432
1.0857372672442371
0.7533559479670441
0.20988088949364472
0.09189532233606448
-0.1472612382903514
-0.5729073858556398
-0.8889384109967087
-0.1422074716227686
0.07814550271927356
-1.1687985031624042
-0.7434200833405039
-0.8981993765688924
0.7256003587267371
0.5260989159458365
-0.7974451706846057
-0.7718218585314455
-0.6623096420952115
-0.052377312559685155
0.49943500317314576
0.971923861055399
1.054312180832818
0.8089973141149591
0.2890508379945452
-0.19091421030498726
-0.6288603381299507
-1.0198557489981144
-0.9336984301515456
-0.5955814926196162
0.0676731149264379
0.6029763232615651
1.0394986587106971
0.9638104532220941
0.7050509518852038
0.03711849850928428
-0.3578413589085023
-0.796445410683706
-0.2644763281953118
0.16770015971955252
0.4322335355407141
-0.880380909913556
-0.8507211142660637
0.6022830223858592
0.4337969358539211
0.4362186069634618
-0.4984880654775165
-0.9975141316603773
-0.9415595920918753
-0.5166344046474253
0.26700770500989995
-0.10608754531038278
-0.08105052359878596
0.9284233920366869
0.8023488588971512
0.7355233612548925
0.03270852428568628
-0.42880036194949395
-0.9889122114202744
-0.9632573398194112
-0.7901116141574422
-0.13027610080582952
0.3823932894531024
0.9219930132233974
0.9264915117259792
0.7454535098033295
0.10452764380570716
-0.4066285938725836
-0.934833152358079
-0.9286380724587352
-0.7422805940630776
-0.07911826512869789
0.43143228859912364
1.0001185094845426
0.9863411255284925
0.8768598522808696
0.1962172871474461
-0.13675875130828796
-0.7398099639712467
0.08382187989051704
0.13225913106625212
-0.9006638787313387
-1.1116210006402047
-1.2065863193062194
-0.8097678178509293
-0.26925387044374943
0.2348137901566475
0.5434374707978951
0.009639537645331472
-0.6062097468554997
-0.2416259363072568
0.1783973384135906
0.8072917009387927
1.099912716964184
1.1548562982026098
0.7514620427528307
0.20572324236291395
-0.42626395141633056
-0.7672803591185124
-0.8138267386218658
-0.4254781285328985
0.1363640457853236
0.7772865536327026
1.144032559552429
1.2286459493674702
0.8843709897174472
0.42266114453375453
-0.12312200088968071
-0.05893577766782252
0.2801580701891027
0.045222422363980413
-0.47252918043161146
-0.9298880767421818
-1.1233676832357269
-0.9328966546682005
-0.4421106011064982
0.2125239806939736
0.7448919869540064
1.022502014408969
0.8758745926688982
0.4699077394138776
-0.14692360931963142
-0.5409079227276984
-0.7709201706418899
-0.10646508182010057
0.5983852451577488
0.388930052501771
0.014064019027360942
-0.6208183283957609
-1.0467856838468403
-1.2412663838988582
-1.016962787380179
-0.540889393780197
-0.061911260882712524
0.3450079007322946
0.8793813700045536
0.9895811778918451
0.8346120487225246
0.2810361161975685
-0.2897680421905186
-0.8229959936379205
-0.9544333659253367
-0.789070354894609
-0.22736088576734415
0.3578171234417702
0.9197161982257092
1.0706904056950284
0.9644526339989606
0.4336496099654412
-0.015807255947570126
-0.5116196160009798
-0.07491487828813018
0.3466889724338688
-0.11134742487281053
-0.5879609507279863
-1.0980330503555107
-1.2413688713785667
-1.075345705678619
-0.5479288725133125
0.0589973760344667
0.596881255686307
0.7902198638094522
0.6383875960933599
0.12561126636006578
-0.47425486309557174
-1.0252344670961948
-1.2171350085344166
-1.116859240611339
-0.6102280016161089
-0.15417202676473238
0.3707409114001308
-0.12666456770123138
-0.40699658776019293
0.41958431346510416
0.7670883431865683
1.1771735251107072
0.9758969647539597
0.6490076211144865
-0.06071950140526798
-0.5363920927675402
-0.9354528837443116
-0.7748667835161541
-0.44854671575134397
0.2617716554130891
0.7329666084789449
1.1702905199739517
1.0023740960088585
0.7835762459290776
0.04692190011267854
0.03508933196340104
-0.11107863113026406
-0.6209277893632684
-1.1126930665200399
-1.1110960555214788
-1.0438453331178466
-0.03828035566666978
-0.036178613172040915
-0.5978923010939743
0.010816659510797706
0.457984912584292
1.0129884799611082
1.1371352171827735
0.9725206778000347
0.4781910817998443
-0.11907428914484235
-0.5011788568244099
-0.6619566813251238
0.1388705527067417
0.8272140047583405
0.19518009539900993
-0.42632794327333184
-0.9008949513223309
-1.0497078185234505
-0.733519514460007
-0.25987676040211316
0.9164899225506357
1.168828238612373
0.03246728349305784
-0.3580089352383933
-1.0274712765907807
-0.9902333544099597
-0.8843136944228216
-0.2118946823893041
0.2744807239302341
0.8529507594972401
0.8569001155493748
0.7192651067697435
0.06170515340871305
-0.43210868836438593
-1.015872643050118
-1.0104978269542704
-0.9016761824689125
-0.21658513648750027
0.207773833856619
0.8481294243834716
0.6658365171219631
0.6811229791516415
-0.8646827927416006
-0.834991002942913
0.6329260256238418
0.7364847716223922
0.8694281442841423
0.3636423962252816
-0.14418692902021354
-0.6076592021564766
-0.8518146954530539
-1.140843981063002
-0.7888417169493622
-0.330091739150982
0.35435213230919166
0.7578951679995266
0.9406404653567273
0.644040505803843
0.15316241853503723
-0.5006425039726051
-0.9224898991094135
-1.0862233292378836
-0.8019799485815841
-0.29898660044921904
0.34577144888125194
0.7749995198575562
0.9317477044961391
0.6512035244422525
0.14257556249816714
-0.5017268155636914
-0.9357016262025368
-1.0952509771511818
-0.8189101417073531
-0.31681809824163226
0.32351834532978024
0.7460812435627261
0.9015561161570153
0.6065691526403478
0.09977499163449374
-0.5715345911792229
-1.0004597934924566
-1.2120301667478912
-0.9278106183806227
-0.5460403150853058
0.09921358845171056
-0.01670610001278641
0.043154979954336856
0.7676400573385835
1.0214214851138599
1.0994206366664925
0.6946415380093299
0.14622161523191285
-0.4984620580174879
-0.8704072803880843
-0.9410044839296798
-0.5914766314167709
-0.04219769472113168
0.5702168615251274
0.941642277224662
0.9909601311916362
0.6405263679141247
0.07601481212390002
-0.5374349558837058
-0.9204979714918297
-0.9709129415312996
-0.629918022672025
-0.06656090265026415
0.538738907730641
0.9205659539588946
0.9634172836349864
0.6210574348350392
0.05003780904890311
-0.5568369836732812
-0.9473138133306589
-0.9920993718719097
-0.660912679099008
-0.09250504903160066
0.49714821321453906
0.883485278539883
0.8933051398303101
0.5531541886987049
-0.1607226713817346
-0.7965799822825544
-0.9206319226786251
-0.7553861908264315
-0.2170431943453774
0.3669560165265559
0.8712281534893773
1.0095657988197833
0.8129193191467049
0.2735370204791227
-0.3245226481306206
-0.8311248351153167
-0.9768167475466738
-0.7828200583696466
-0.2471062433144918
0.3483043790932539
0.8540593372570606
0.9979883229219643
0.8067868037690971
0.27782385038800517
-0.30000222293945955
-0.827403414608746
-1.0069682476947432
-0.8631072226795032
-0.3439037603191111
0.23781752507907675
0.7830700513218769
0.9470603666003071
0.8155626544926134
0.2682509148473861
-0.2945689603609177
-0.8900993080363753
-1.01094036491599
-0.9878165540360326
-0.21535078701351512
-0.09172659931015179
-0.2713042546753907
0.39278325855488766
0.8061213921895549
1.1628615940780083
1.0228233074196822
0.6468549569990171
-0.007599160630554934
-0.5447270932419565
-0.8928364130637965
-0.8068404786147908
-0.42321511219482044
0.2026972714629791
0.7472101322863112
1.0796751355762113
1.00140906424515
0.6103287591876336
-0.006886829072319245
-0.5523931196759859
-0.8744004046291053
-0.7907081392544915
-0.38616311461722136
0.24452372824768237
0.8088346170843933
1.1568820380276603
1.1026326835437787
0.7488181070381326
0.17440325009853502
-0.27223535019864664
-0.43115545279853745
0.14778490575484976
0.5110083637507955
0.10114651649433325
-0.3876595842853677
-0.9277968966089204
-1.1266859558536253
-1.0224351909060816
-0.5260825074073527
0.07194822616850115
0.6553630823930138
0.9017885483642536
0.8273088627933626
0.35502444261772487
-0.21774020817539985
-0.7894831917875784
-1.0106794284666656
-0.932949962443012
-0.43185101625700384
0.1367781420046897
0.7455951939318965
0.9542182550543535
0.9303182875212235
0.40424705625789303
-0.07343912160695519
-0.7304798431501611
-0.7409850126127194
-0.8246909184833251
0.591906400868091
0.6484198148152991
-0.7838616268434125
-0.6372315671254253
-0.600713505065133
0.3096718232778394
0.6748974253912517
0.8013598177958553
0.33757428066590167
-0.14582649101846432
-0.8089346111063701
-1.0581331781154608
-1.114145661512715
-0.6480768517922423
-0.13352619526194848
0.5217389138766696
0.781738178176454
0.827994506844704
0.35663462587291545
-0.16926027011714467
-0.8483554811507488
-1.1234503173431671
-1.2242251005017686
-0.7779062768863108
-0.3828020554009902
0.23857068813567794
-0.05796563950644407
-0.25224500998761273
0.25856598281234777
0.7620199474864249
1.1008878072746169
1.1144564649172233
0.7271320801715833
0.16585018452459827
-0.4845443118078565
-0.8329407588137011
-0.9268675627155634
-0.529588845557135
-0.03328552629734494
0.6462089775270965
0.9193810902198
1.0739361865251689
0.5437631717356587
0.1876704650471999
-1.0461629468243048
-0.7314904395228331
0.5766545698659669
0.46070849435923716
0.23418797987367296
-0.6101860173381252
-0.871353713313021
-0.8731968400159831
-0.3671673303839133
0.170416250470897
0.7652661137289528
0.9744459217059519
0.9056515134038349
0.4107225880424164
-0.16528190492776806
-0.748878296784922
-0.9841184004863929
-0.907669856220574
-0.43305177176007864
0.14687753352803248
0.7125742538077506
0.947947259304483
0.853513191183107
0.3745927381618293
-0.2263070167276234
-0.8025806852857512
-1.0669037669835428
-0.9941070158177083
-0.5639623534562113
-0.010942429171660762
0.4560844783782576
0.5470294721634378
-0.02557796800221789
-0.47520974858786225
-0.05164765548066316
0.3880722286358313
1.0255695481858285
1.2261821509771047
1.2858947875279279
0.7494545075823544
0.35722857959804877
-0.545084794132294
-0.14188302685750492
0.7395954783097848
0.362166973407539
0.004829584766049152
-0.6538877534116598
-0.9564246682364683
-1.0636645979002814
-0.6791950832532159
-0.15302860994714604
0.5067188924889096
0.8821012879299445
0.9905696110423293
0.6453378730843261
0.121651667532175
-0.5145667914750892
-0.8858936374440893
-0.9795187775635859
-0.6283882355169659
-0.0953118243637918
0.5490428969987763
0.925889185568589
1.0305284424448646
0.681739788142175
0.1636180432659264
-0.4815345468660346
-0.8376551542348529
-0.9469707712999582
-0.5683145507032162
-0.060985596353016376
0.6300768615691384
0.9627741210460571
1.1507696583624933
0.71076578214417
0.36995635930665616
-0.6600920174205418
-0.3250042476265466
0.6694413650802588
0.2904579909987715
-0.023994104725840827
-0.704608681940327
-1.0118865648946735
-1.1601891070584565
-0.7912633532490811
-0.28477602531306784
0.38812329901475534
0.7826349391999347
0.9256109232278318
0.6065469485164169
0.09630889527724805
-0.5445114926432656
-0.9417379540201835
-1.0625522632582458
-0.7454965620514372
-0.2192316206567566
0.42008316281010905
0.8292447832340073
0.9489267233331448
0.6409099610624326
0.11380225668473486
-0.5186299882151021
-0.9283988054057825
-1.042879703556143
-0.7352683428321439
-0.20433103764939126
0.42787877105525546
0.8403061679510063
0.9547408595820279
0.6487389675264135
0.11793591861079247
-0.5136531472195658
-0.9257503395783458
-1.0405465266169622
-0.7339900418093835
-0.20457790977920864
0.4278349750433689
0.8374038000342323
0.9533601912563253
0.6429524627404025
0.11513621471857928
-0.5227443838878278
-0.9301338589409651
-1.0536313207513104
-0.7402365049019095
-0.2227556349420828
0.419270465378798
0.812351493126864
0.941723949509669
0.6080095228038713
0.0991144885599806
-0.5730626023928154
-0.9530347381385489
-1.13044378124602
-0.7753968950319278
-0.35281125787379103
0.35771740397950774
0.5414572470814643
0.8015389358063449
-0.4614175455267612
-0.5831624424972399
0.8087855993372848
0.7628274222655159
0.8951408111932241
0.22789325222536344
-0.20521114290683648
-0.9127771362813332
-0.9897651896235984
-1.042691518510013
-0.3809658690568543
-0.035526709763033695
0.9826742049389361
0.48216040775394947
-0.6625141718456005
-0.5768247900981328
-0.37558391150342935
0.2544809040330459
0.7468372848829231
1.1065554031970442
1.0274322518203152
0.6542563676750829
0.026798370053766122
-0.5412587844340487
-0.900440369401052
-0.8636001238221113
-0.49086114775162315
0.10969722657524483
0.6768583502733592
1.0173669366438383
0.9794066428890763
0.592805875663449
-0.009000477306096002
-0.5870651229346601
-0.9289319102533576
-0.9000365955698262
-0.5149421003594367
0.07887879940569582
0.6551961134352154
0.9895582690996028
0.9585055770485336
0.565803240273313
-0.030885404529361723
-0.6156562538866139
-0.9541622681461215
-0.9336533867213739
-0.547561506717889
0.033738889807826807
0.6064345994347216
0.9159795047426745
0.8674821761200474
0.37462775599905557
-0.3371306240650337
-0.7949364440079686
-0.8156027381883739
-0.48113762793469733
0.10340319977255565
0.6742977751205653
1.042369595280082
1.029367658292702
0.6746224633862166
0.07331848804946799
-0.5047645643187472
-0.8837901086669259
-0.8724639060099405
-0.5261615315334927
0.07681025933998552
0.6475366687625718
1.030884486312475
1.012470878599475
0.6731005335903477
0.06268742306796753
-0.49808891662843324
-0.8898629746520004
-0.8575568569121985
-0.5284050753596804
0.1015920465210923
0.6491336477609998
1.0695533166533995
1.018881131069155
0.7345935032298847
0.07693703823524521
-0.3913860591019388
-0.8584510667701807
-0.6304258184911684
-0.4417097303173897
1.028972813179962
1.15711441101344
-0.28607764050950824
-0.5477973283467906
-0.9839736107407382
-0.6399014316612788
-0.2874839042001245
0.45063765856203203
0.8422947812665499
1.1381488522987262
0.8574554112274504
0.45323995786294113
-0.24752872897228395
-0.6563267280551537
-0.9285033737723349
-0.642771739644676
-0.22432271314475163
0.5039510140812863
0.9167686396806555
1.2515510637859992
0.9467928655483776
0.675740677566713
-0.24161732281512513
-0.034474087098298585
0.5060747507597323
-0.03496403398293808
-0.46989265781270834
-0.9727058977670313
-1.0512895966187465
-0.8433925526979387
-0.27299306184031524
0.3513855835602027
0.8810919280964272
1.0764979804120474
0.9116571518382824
0.4788210511912969
-0.015453863100000888
-0.094109561360344
-0.2269231022706341
-0.8285783144976293
-1.130234655978436
-1.2342718540236872
-0.8650231648962895
-0.3395746984244906
0.3293725855682976
0.7173058813496028
0.8566305613897456
0.5148772878056523
0.015646527906617736
-0.6560115564469505
-1.019108770703247
-1.189864095294188
-0.8193254665284878
-0.39724245656750834
0.31481642486684336
0.4835519612735903
0.7257065522557257
-0.5656680675427358
-0.7826452974960876
0.5623085565651247
0.7483395548638023
1.0770986982473578
0.6502131853868126
0.23941462259002355
-0.4878051813194601
-0.8328233031934226
-1.0342458378815418
-0.6815556638953387
-0.21563808471124316
0.46930454729844995
0.8447118911037542
1.019478495374985
0.6855812207371538
0.20186131256624554
-0.4708006416745637
-0.8584724094382836
-1.025110614987474
-0.6997438795654778
-0.210834280005962
0.45598016249699935
0.8465497598851158
1.0093872995305082
0.6849466895182663
0.19389716207091232
-0.47387053134430107
-0.8651382089170332
-1.0309212780205448
-0.7058268945179345
-0.2200754843490007
0.4497295750984753
0.8326007158374978
1.0019842759165138
0.6639148319902395
0.1837367031440498
-0.5067797327742425
-0.8812497565106645
-1.0870252931508682
-0.7358075247346786
-0.3352490762253069
0.37843053531388127
0.4028674029070935
0.6661554529595742
1.0595230366520552
0.830748267102043
0.35464295170603555
-0.2649602716281497
-0.7804079634163752
-0.9589076987418651
-0.8011253575190129
-0.2733761788744634
0.3057751924045787
0.8515988839827526
0.9987038480549488
0.8669251887949406
0.30883174717966266
-0.24260068668324017
-0.8235088698934093
-0.9363786249194571
-0.8523719255693918
-0.24649215392293714
0.22690867722052985
0.8843315777159318
0.8288129811016807
0.8970435364494295
-0.4775346319216612
-0.3968570546379835
0.8484013113719557
0.6079651607017542
0.5305066727357801
-0.19114993201961386
-0.6231473898916305
-1.05700029691359
-0.9405082193474646
-0.6250393988113276
0.036681131315875345
0.568614964254007
0.9651754251811391
0.9065902595808139
0.5647023672758086
-0.05776214145277243
-0.61028868209624
-0.977033237468744
-0.9359234175495126
-0.5689188804533057
0.03737877144224433
0.6135524770361024
0.9638476275377539
0.9481239796220231
0.5624453853353233
-0.011823935722799092
-0.6121431875156749
-0.9126856629035178
-0.9337798477029335
-0.4424619863241898
0.05987793385230833
1.1462667587000086
1.1857754683388468
0.007650324291591062
-0.40339683799172815
-0.983739811873951
-0.8543947501150079
-0.6578517518671356
0.08284536402617948
0.5058422856841384
1.2479280214282955
0.9104422306350127
-0.06625289167668451
-0.583321963084142
-0.9240220457778346
-0.8067189451387604
-0.38647119895447724
0.2269636230846904
0.7626897375293897
1.0303631913451186
0.9194860507326149
0.47015942892125867
-0.14096922963108413
-0.6909229177919375
-0.9579006995872371
-0.8544907897994242
-0.40502851375819166
0.2023646947596818
0.7525029310760397
1.0182584703489728
0.9156755199083093
0.46725571935449667
-0.1376063404760111
-0.6835769499907333
-0.9418790886597495
-0.8277712882114825
-0.34359751078797046
0.31695868601003063
0.8226826460182827
0.961400262145932
0.7260516168579522
0.1931157652529428
-0.41674287996430076
-0.8813288370932885
-1.0124062787285677
-0.7681929283155847
-0.23527737576366656
0.3771369960786544
0.8379065883953438
0.9684102730447712
0.7170677439744029
0.18094602579654406
-0.4427974803937253
-0.9100274721302581
-1.0586454062090955
-0.819030560594938
-0.3145389173194839
0.286697067726605
0.686107954912406
0.7816846028254428
0.2645786725217266
-0.49115181429543053
-0.7080678738675774
-0.5008643679547864
0.027067321469296586
0.6025005623716496
1.032844106036601
1.108104705825357
0.8261348497318449
0.2606918688205206
-0.34885806859000446
-0.7967202867419202
-0.8915021845982847
-0.6192765144370554
-0.06637608725646328
0.5373373459974728
0.9765644690495281
1.067784952009294
0.7893495815530969
0.23435379722705071
-0.37394738615397516
-0.8142474014924673
-0.9089061815806279
-0.6307808231185292
-0.07836867313718716
0.5302278298270309
0.9686068755664454
1.0640701962738495
0.7845577360240705
0.2334033099165827
-0.3761342227509135
-0.8128298631810462
-0.908847932237301
-0.6272313535158768
-0.07628498028794317
0.5357924730450818
0.9726027104984475
1.0716318526524378
0.7904414080028062
0.24303563571615877
-0.3683034098156472
-0.8009562797548224
-0.8989218869384733
-0.6128309714112714
-0.06400981030781502
0.5531555416730977
0.9876200297121057
1.0926065211864884
0.8087924509931061
0.26859418098596105
-0.3457228522932114
-0.769317137210828
-0.8707168468312488
-0.5727004544568626
-0.027903185677764966
0.6059265782370025
1.0356083054897522
1.1658808306250328
0.8763228175271223
0.37965680911394484
-0.2417995097542466
-0.5708953809218941
-0.6922732139316536
