-1.282201229868672
0.04883637811513654
0.44337615049131196
0.9674768935694674
0.8112938238488784
0.5201970413969597
-0.15243653324433956
-0.6443040541490057
-1.0151915347496863
-0.904407482987089
-0.5394007163078839
0.10771286207009036
0.645411072438518
1.0006617769588433
0.9225208208440194
0.5476134530253539
-0.07393861076339726
-0.6178011918616987
-0.9514788918178652
-0.8768074256197276
-0.4824528859056437
0.13778208408088966
0.7003101928478591
1.0345858579406455
0.9789960721545655
0.5871488665674565
-0.012246452839186276
-0.5701294673267036
-0.8799479009781908
-0.8170266018136997
-0.3940137799471166
0.21651528762038286
0.8183629670037315
1.1454888532456842
1.1540470875581652
0.7604658560068006
0.2983373093062054
-0.24088178798004933
0.046537563979850975
0.32099019991312355
-0.3322970841672994
-0.7114941469412764
-1.1108775588443278
-0.9513388447782367
-0.596322963729263
0.20596077804620866
0.6841042997352871
0.9731608447359292
0.6462360493707595
0.339360915507198
-0.6108887086811557
-0.3629376822690554
0.4110345318674096
-0.10993587152215685
-0.48215156905032164
-1.1330809898284933
-1.2896024026951634
-1.319971590962917
-0.7912891945633017
-0.37097572313028193
0.2920057486519938
-0.06649885547415466
-0.45845330964134046
0.0559492616280252
0.5453295980749655
1.049347650184895
1.1671259920972945
1.0003710970494035
0.49169769467671054
0.09948596371397395
-0.17479160378027764
-0.647448632888428
-1.065398203274646
-1.1731723273169283
-0.9143219685760284
-0.37860797855715067
0.2333515855486503
0.6839017033922509
0.7885100503156769
0.4744364493783686
-0.23978961227195228
-0.828954656649089
-0.889238720423349
-0.6251179198631128
-0.04718047331269221
0.5238173983745206
0.9454817381821986
0.9765512592520327
0.6769606167751623
0.08639735334273187
-0.4979662991676301
-0.9268898621915846
-0.963309033955842
-0.6687097387564744
-0.07959279510131319
0.5008483747007685
0.9306185246086631
0.9636149957418615
0.6714305263064275
0.07907376374581065
-0.4977215770296337
-0.9307544475158104
-0.9590098304409725
-0.6702684645809917
-0.07208514008605772
0.5009438789535935
0.9409770667107855
0.9649916022925998
0.6846092701033781
0.08152903744056658
-0.4814804341098938
-0.9273057965038479
-0.9391748879099258
-0.6658192044971061
-0.04774788083145967
0.5064870094987849
0.971300789583929
0.9718156830305417
0.7234026712320977
0.08993792084008101
-0.42974954931427556
-0.9168421706426427
-0.8652799269339931
-0.6525004158699642
0.07355229642362235
0.5251792626366685
1.2998848696697405
1.0377703988984361
0.4715517364349043
-0.540730968849773
-0.3081730970994739
0.6830588851762903
0.24045166974863746
-0.07486062400146194
-0.7657888098926324
-1.0425772517816194
-1.1642135987515827
-0.767434029371816
-0.2483049563677561
0.406191424625693
0.7771346987123481
0.8573058306233637
0.5110633784567518
-0.12139628451539733
-0.7778663131341098
-0.9871898361072422
-0.8984719291314122
-0.409462297277873
0.1784327404620693
0.7303378275943513
0.959068372173034
0.8386728808767612
0.3651693997385404
-0.24238972430353192
-0.7793411607500631
-1.0239359888473911
-0.888568727199993
-0.43001068692133115
0.19318521632456795
0.7143564326931209
0.9761167629233154
0.8223777481273286
0.38379319648113325
-0.26295540903688097
-0.759204123327833
-1.054691422492951
-0.8669577050576489
-0.4845785233024924
0.214777312574759
0.5891141441401132
0.985665592118781
0.24135096833388867
0.2138709245269784
0.8934195925340973
0.37235514840226086
-0.023859465984061103
-0.7065558198939853
-0.9593434572907357
-1.0196786804349809
-0.5789513076510925
-0.006033014137942246
0.6489066079605975
0.8965988507956808
0.8720302457064332
0.40997114725283207
-0.15781021742629303
-0.7461566732856877
-1.0133296305859483
-0.9567106459725151
-0.5124402195011235
0.0799922220868271
0.6493024242117214
0.9388687813696763
0.8599011903768432
0.4385944800624145
-0.18275147578657258
-0.7256974360614199
-1.057139799688015
-0.9440460670438404
-0.5933386848634291
0.07913467537946864
0.46781031399807343
0.8949892951880989
0.08134924255278918
0.05051384981288399
1.0302526705152595
0.6560313803717932
0.4148673463007515
-0.34558233413014255
-0.7234327751793628
-1.0552134581702177
-0.7973014151333608
-0.3849832398651341
0.30659435557657627
0.914860963485292
1.151426576868949
0.5167220571798944
0.07895071867302249
-0.6556699556471677
-0.8856540640558433
-1.0128787634497107
-0.5199160060717088
-0.05736984779352253
0.664257275170146
0.8950279076900199
1.0445454333213007
0.5328075507340425
0.1336210292121254
-0.6353934251157166
-0.7021628095038157
-0.9650490711728908
0.3473851149863756
0.3024721655433704
-0.9150855776524195
-0.6983391688008282
-0.5232379599589141
0.175698287588823
0.6459643418324367
1.0469967369685427
0.947669685016766
0.605858599635826
-0.03515781140111369
-0.5705839439362683
-0.936146685430217
-0.8633482106268027
-0.4962588043411862
0.14217432477037625
0.6988107124657507
1.0874154979907655
1.0372788878683108
0.7455312291294193
0.144027823304009
-0.04847794842890136
-0.2782149897553006
-0.8868255208024955
-1.1042912620007053
-1.0735628368817443
-0.6126376744614369
-0.031077559170449277
0.5776756547227611
0.8771482985652546
0.8557061923961908
0.431919642183499
-0.1428841942640252
-0.7306185996832902
-1.0251189462290138
-0.9902729155468646
-0.5626798227669048
0.02135132752097573
0.6120950388031781
0.9133003922007699
0.8808920029665461
0.4583731525812908
-0.12364652822145218
-0.7104259387494619
-1.0099475335165382
-0.9743614726326169
-0.5504172199161721
0.034204020116069385
0.6222009484297577
0.9238904795778279
0.8893517659414264
0.4672414416139377
-0.11647383179788494
-0.702899246766972
-1.0038018342376254
-0.9679013092282274
-0.5451054661576995
0.039801578750899805
0.6268250789305015
0.9287798411384681
0.8934011647989565
0.47154171265350747
-0.11291073638484318
-0.6990946533160017
-1.0006548825839396
-0.9645180185709996
-0.5423183984716055
0.04282361696000203
0.629297755729768
0.9314897599718884
0.895596452627902
0.4739802390636582
-0.11096266325675228
-0.6968933112641191
-0.9989294656876992
-0.9625247233373878
-0.5407958326099032
0.0446340713498667
0.6306330948538998
0.9331395713171928
0.8967563121809112
0.4754893761938318
-0.10997039770938696
-0.695506415361076
-0.998101120336552
-0.961242512965215
-0.5401328373099316
0.04582894789381362
0.6311224047687531
0.934264996883125
0.8970532033355315
0.47656459183242683
-0.1099019920310015
-0.6944599469048701
-0.9983292598296892
-0.9602006242719391
-0.540791714621395
0.04689129984572739
0.6297409527888544
0.9353606898240384
0.8941962674155893
0.4776220884310121
-0.11690039742383834
-0.6940959626714119
-1.0315449768688587
-0.9698984136691047
-0.4738258040819037
0.11138933890188059
0.6881177759492652
0.942591309728788
0.8650097038938453
0.40417946902859037
-0.18574794443816808
-0.7546737096221697
-1.0116455410946803
-0.9304624438723947
-0.4712901149950635
0.12079762471156608
0.6884561427053781
0.9469389009828861
0.8646804231756867
0.40669033730936227
-0.18638761858780975
-0.7530319164997007
-1.0124870477305101
-0.9292872326218551
-0.472301238161676
0.12171098129319
0.6872771101609473
0.9477124450960608
0.8633190095351847
0.40740838504838395
-0.1879579017097153
-0.7523019876716515
-1.0143048441511588
-0.9284836545161532
-0.4744202019318101
0.12265186964441274
0.6847826991334072
0.9488624413125717
0.8603447275689302
0.40885389044756976
-0.19156261069092323
-0.7504521106658699
-1.0187643466618275
-0.926087614325552
-0.4800829633933684
0.12578329428638063
0.677346782335952
0.9529857294121069
0.8501400967625935
0.41431674243464445
-0.20643345349671585
-0.7431983011283099
-1.042384675432662
-0.9165794941624676
-0.5230122807952409
0.13726105279291181
0.5773484904794939
0.9593281740899063
0.3756634609092029
0.29483654196219616
0.8013853235658449
0.18914416275512663
-0.22663727715077686
-0.8849531511053915
-1.0216178389518866
-1.0023315908706238
-0.4520943732247383
0.07563798481783954
0.7036178404314164
0.8879376333374411
0.850859006988256
0.32538359685681223
-0.2138931135721819
-0.8283975302979333
-1.0208673995865625
-0.9773351196088732
-0.4583814516987552
0.08159577399510261
0.6893336823290495
0.8749261819359865
0.8198968428816873
0.2654906013886375
-0.3247470923258651
-0.899672006913567
-0.9734082221971251
-0.8139224351659177
-0.21161977585023523
0.32294358685949015
0.8656802612460358
0.9206764652045402
0.7603554182567351
0.14309964896504504
-0.38405468212710125
-0.942526842318485
-0.9837534784751802
-0.8420941697024439
-0.2032232809863769
0.3001551927249615
0.8927835171847499
0.9016477816716963
0.8191418210716263
0.13214526559091297
-0.24346286255700544
-0.9200731554453255
-0.3690160297449517
-0.5250933532568213
-1.0954115023521567
-0.8398167801156821
-0.3483530348629711
0.187570674668902
0.7166288879750301
0.6454783483346446
0.5505105478517078
-0.8737032332180775
-1.1432079653022407
0.14742621821467794
0.495552066358788
1.0090221116930929
0.835906634157544
0.5369110021315147
-0.1454095809646057
-0.6514704705260311
-1.0313655583862005
-0.9391107865647497
-0.5782872841550046
0.053102278680930794
0.5958581012545463
0.9398173876730559
0.8723176343228456
0.48416194903792
-0.1291525653603003
-0.6938798289600046
-1.0239010956544827
-0.9748553370305996
-0.5755042900335479
0.02173363774042457
0.5957501279429029
0.911317026266545
0.8701919482941596
0.4574770658262428
-0.13284330250190993
-0.7195300742518409
-1.028921628771424
-1.0000881569736308
-0.5817449897531154
-0.003603927686157704
0.588317197442919
0.8854004322290618
0.8615340240296498
0.4305189642241387
-0.14281108562432576
-0.748011927220505
-1.0403354990121303
-1.0306277835509359
-0.5947979741467772
-0.036824377838343136
0.5733636824342049
0.8487386671818477
0.8443311321610539
0.3894495514177095
-0.16272883727433357
-0.7947643390233805
-1.063594139884836
-1.084812500261933
-0.6222493770970712
-0.10094445284209076
0.5405479065794194
0.7709182880807673
0.8045431462813215
0.2918969420780712
-0.21156762538233995
-0.9225779826359245
-1.1232008792714128
-1.2637685208338605
-0.6852525212422973
-0.38277758524103583
0.6577274560535862
0.15230523886177583
-0.8305315176472158
-0.6663002550443762
-0.2982672180064984
0.20881871231897875
0.6980533559840625
0.6286775037552191
0.5098888708221095
-0.9403526422815152
-1.3149284769307494
-0.17157473240599835
-0.10860782948741791
0.06581351232075525
0.4930323938155711
0.8014777226847264
1.0535563804072123
0.0101923668484078
-0.14149163527252587
1.1382853036527294
0.9362173049381104
0.9351994270701344
0.18549752563259353
-0.2596256060983957
-0.8619164801203391
-0.8467942360541214
-0.7045716366421487
-0.05822800889635505
0.44846354609775074
0.9820990665521645
1.0012496231191144
0.8087788267185068
0.18393156008750794
-0.36190930947660743
-0.8812025112912434
-0.9322803143285505
-0.73001595921407
-0.132179370844783
0.4202383757449402
0.915936933393876
0.9710728927861461
0.7475680983294029
0.15159628810268966
-0.4205308423003965
-0.9165030841698606
-0.9905305727159586
-0.7696412842967857
-0.19245264751930238
0.3741848333686008
0.8506535649729337
0.9152554067223239
0.6729964929090161
0.08036591966522456
-0.5113806565977971
-1.0136986684961893
-1.1108011654751053
-0.9156441567061013
-0.371770558472655
0.11534144644103708
0.5220548628476505
0.1785945911526373
-0.4161280192106601
-0.325987472568465
0.11027253880492634
0.6798178510180323
1.060855581279227
1.1486458918157247
0.8248594327222509
0.27773439631905905
-0.3843504573316646
-0.8101703145263262
-0.9836535516299029
-0.6788172875596364
-0.26809151683311133
0.391219513032566
0.23647477748214482
0.34468685917931213
1.1352268850654106
1.2365876595938172
1.195064886662105
0.6768751580916093
0.14823347035729578
-0.34551249360099423
-0.4082201905342985
0.16424256782905378
0.6629451081891164
0.26396738057158753
-0.16778580609190574
-0.8073674469239759
-1.0620144785871761
-1.1173970511045324
-0.6672869860621091
-0.1576230198060526
0.49626758965024453
0.7299299536576539
0.8084235374607966
0.08539657429126651
-0.6800800320518093
-0.8459926445702481
-0.6587305289055483
-0.1484794612524529
0.4539772013846532
0.9039855607903344
1.044936107673949
0.7873856919767479
0.26465081275768115
-0.36949191131014736
-0.8280762521956834
-0.9878988472235686
-0.7371757668900757
-0.2281566208503989
0.400188917947382
0.8468596477938384
1.0017299161530075
0.7387746818348038
0.22584158423118333
-0.4171576963555755
-0.8659038291614295
-1.0410956975187113
-0.7758724484398443
-0.2960695368266626
0.3636223444440584
0.7435254470186348
1.0471071697189285
0.506107981060027
-0.4686688420587373
-0.7863713514828704
-0.9057184025142699
-0.5032665503806392
0.008262898225404285
0.6365827288035186
0.9377065036938041
0.9814219519660201
0.55511298704727
0.012663320794375977
-0.6512796348120303
-0.9656332773070264
-1.0656766998291525
-0.6413488203122927
-0.2003938505827345
0.47375425375153735
0.5274444415859545
0.6697341504579419
-0.3932824470065698
-0.8534613723619082
0.143841201826281
0.5227088209378994
1.1032342466812592
1.069841096494056
0.8798392022351618
0.23740797185950635
-0.3085595648843908
-0.8202014340519166
-0.8679001823853792
-0.649431563761669
-0.055763850256138316
0.5053749317664442
0.9841045178417375
1.0410302094712331
0.7986374564802319
0.2110565650020771
-0.368411375576571
-0.8429005023483955
-0.9144378461494226
-0.6689768850681235
-0.09341605507106135
0.4883292617596368
0.9526724622872965
1.0259242428337736
0.7717123506882716
0.19744295044781784
-0.3919898885422474
-0.8553798443754516
-0.9354905953000345
-0.6806174721205247
-0.11254538607181598
0.4772710281532723
0.9350115850420786
1.015210254410244
0.7551716534886171
0.1868326172212571
-0.4076690980465944
-0.8661540863908643
-0.950465572969689
-0.6918841281794801
-0.12680067794824385
0.4650696479530845
0.9219089189477087
1.001433343022234
0.7449875003395259
0.17054176561875023
-0.40709073789154476
-0.8857559787353946
-0.8642597683648912
-0.697998397726812
-0.4321972235181346
0.20272201976394325
0.6911110277539808
1.0330580183114269
0.9106397471331744
0.5314082653733958
-0.13057568786551382
-0.6479114113191564
-1.0255708350192458
-0.896239223701643
-0.5892627045731484
0.10413244269475365
0.4547250305013996
0.9091838262622216
0.01178326607480244
-0.01522698345454137
1.0684022697193714
0.8196783913438523
0.6582210129175237
-0.07315683930756606
-0.5243549487477074
-0.9220637252882793
-0.8278137509459345
-0.694109339083687
-0.013280738737368665
0.4733683238168189
0.9901639200816976
0.9476105917619553
0.7371582512317039
0.06578937727104937
-0.43969365954377837
-0.9672621547056389
-0.926909240260645
-0.7493284454745368
-0.06612571225150492
0.3681718168922454
0.927714488137666
0.7142827261352358
0.612933259768547
-0.8870623418326716
-1.043842850270832
0.2895402037045699
0.6390275758480991
1.08877519811654
0.8699669466084757
0.5162294534999446
-0.16592834823322727
-0.6488266522503151
-0.9647564178643329
-0.8094212539395271
-0.3989522934836249
0.246369468590399
0.7597423880635359
1.0519632776975654
0.915036793519151
0.4883280325742712
-0.1451182616458703
-0.6700555269730994
-0.9543372409427759
-0.8258337263968805
-0.39374961841438705
0.23350885351530792
0.7620438928266494
1.0418101636462151
0.9156026265598788
0.4803152842683259
-0.145651483565638
-0.6763097934511113
-0.9556010260412686
-0.8305823843898
-0.395521910002234
0.23010850719717615
0.7599003275547598
1.0396779798850613
0.9131735721209282
0.47944079492875974
-0.14831238369884944
-0.6758652214510986
-0.9584600810273095
-0.8286726849304792
-0.3985563740467699
0.23374186095554128
0.7567110591473366
1.0454581140132762
0.9098601365321478
0.48805222564545364
-0.15168728197789555
-0.6632901061296097
-0.9617548871119976
-0.8101691368515532
-0.4014399125455026
0.2618452581223416
0.7550520230270609
1.0908242392993688
0.911610004793614
0.5696970451765063
-0.13963623875924228
-0.4809296136262823
-0.9097550162186548
-0.02291851519489706
-0.010933665447441256
-0.997310215795666
-0.6412451756278447
-0.39103489305208816
0.3594154304889162
0.7470581284832137
1.083040772012307
0.8267749038329454
0.4459969372463538
-0.269146120173368
-0.6953792569058331
-1.0391577424288911
-0.6975345519492328
-0.454570778661829
-0.1261725863145361
0.4833681127530125
0.9315574146503491
1.0689892580161462
0.8380976740107394
0.2994134487969696
-0.3092924824810814
-0.7989745973782136
-0.9383520102656759
-0.7232056463311276
-0.18725634917764872
0.4143540164315417
0.9011278952650861
1.0372639809773838
0.819243021368909
0.28206867276721126
-0.3223205288428444
-0.8091348483693277
-0.947948612988172
-0.7291975208952546
-0.19461803983425063
0.4110562973539988
0.8953295143966514
1.0358729047247313
0.8145997467571101
0.2821455125913227
-0.3260708107236147
-0.8078313504205309
-0.9509801876401619
-0.7267840905057824
-0.19704839583512535
0.41455190063048963
0.8934225610723436
1.0404967482391956
0.8131688405468965
0.2880158534706034
-0.32704655166216134
-0.800514032824411
-0.951494820171226
-0.717713552450822
-0.19706397348202984
0.4258308142173989
0.8939881699367014
1.0546640585020648
0.8144662987325431
0.3061128273864193
-0.32474995969448983
-0.7768276052398171
-0.9477162230564928
-0.6856374381906779
-0.19088595899754923
0.47140679536386176
0.9044544448010523
1.1241711563228647
0.8336022184760692
0.42484992786434966
-0.28472316180748297
-0.5253249713539099
-0.8395192359633893
0.3311731525318579
0.418286563070898
-0.9069746444194392
-0.7892114577451164
-0.8189076819816211
-0.12170874688725368
0.33243040193000006
0.9386814553864874
0.9639565678811134
0.843536912206326
0.21465780289643493
-0.30394559530124343
-0.8708006083510432
-0.9308176828307596
-0.7856358215999862
-0.17739629936233325
0.3572750935420336
0.9115414901576617
0.9817878394957197
0.8292969569218274
0.22690259015663328
-0.31116046300767786
-0.863271364054724
-0.9336244196049495
-0.7824824149243589
-0.1770746127505177
0.3558686836700762
0.9143446238896311
0.9749910377392765
0.8342576212701508
0.21286718678198724
-0.30423199272809553
-0.8883514718050771
-0.9250290379268116
-0.826928655498012
-0.1679066169583063
0.27079112381418474
0.919393821238172
0.7752589255414518
0.8101120279642895
-0.7002241887718976
-0.6529184366901291
0.7983342761296647
0.7843450431025036
0.8308892962407205
0.21506532776845871
-0.28035539350849314
-0.8514307255022286
-0.9613721592816529
-0.8178297278297474
-0.26231395558135145
0.3176205684286373
0.8532930743177595
1.0110894425665162
0.844675212269784
0.31987882746845436
-0.2756397563376561
-0.7900345603870468
-0.9587158125265716
-0.7768326310875493
-0.2596136402597249
0.34747664648384674
0.8568366029239857
1.0342531873791827
0.8494987499682947
0.338753107152264
-0.2691232903846733
-0.7740354830544617
-0.9499041713896721
-0.7628070949933214
-0.24741757692634156
0.3601879968020544
0.8746950011714416
1.046351245508784
0.8787393202972792
0.3517649786563403
-0.20872570567103088
-0.7533476914513149
-0.6985433719316805
-0.656766044481082
-0.6926250714261186
-0.08031608805267136
0.4452145859701401
0.9685852427986809
1.045417784285979
0.8512593015992047
0.27198951608824135
-0.29692046573211595
-0.8038426798278997
-0.8946573888356967
-0.6903076347300074
-0.11389702297833579
0.46233443521049417
0.9726797229116396
1.0694999644918786
0.8734050281428761
0.30262967953499287
-0.2605193491936139
-0.7648093048980504
-0.8425947061649448
-0.6391403619506648
-0.040614313631174466
0.5321443265599469
1.0794027342660093
1.1630232133153757
1.039859177968755
0.5329871243126364
0.08460458785641055
-0.29310292925180553
0.13355176930983367
0.2637969585291734
-0.20554720702889637
-0.7436927492647806
-1.078549099979008
-1.1455892077441063
-0.7534789308226659
-0.23797109029918226
0.4586221384934406
0.7673572849438364
0.9555910680953341
0.4443515911131458
0.12605725797715395
-1.1992428388837546
