0.3949942532883397
-0.8535642967293016
-0.6111279229512038
-0.49527431367312325
0.1300151834900387
0.3359734222542981
0.9846282412412071
0.800237448571523
0.780958525038807
-0.6350223225577734
-0.9732342391986686
-0.03760911711181404
0.44142870174875853
0.9996861323893335
1.1069791625187058
0.9119177523382307
0.36184592241220864
-0.26354833578237175
-0.7448119898032398
-0.8908809686074564
-0.6485810297425781
-0.13082638780889572
0.4907569575104035
0.9393254131399629
1.0873520800003496
0.8248693300912521
0.309307649019292
-0.3271992905686401
-0.7730671701193024
-0.9329502412520772
-0.6667988624380032
-0.16119180985266618
0.4804293524976914
0.9174984061766115
1.0845176638335114
0.8101711795562919
0.3145286168378566
-0.3351636874422651
-0.7581890530741128
-0.933656928466645
-0.6390759991091813
-0.15289313231869
0.5271290367994362
0.9387323910354762
1.1627690818256533
0.8531390649852527
0.45413946349979756
-0.24795578425875708
-0.46319710069797954
-0.7246407042060916
0.4706071448944956
0.794345420248884
-0.37973276496712866
-0.692075830938878
-1.1473659285198727
-0.9157957016037955
-0.5874227177717682
0.12154453151723987
0.5944634829476302
0.9581775866075521
0.7987858225870733
0.4321664931562764
-0.23882697657374427
-0.7319155256220038
-1.075669252676389
-0.9278238414533807
-0.5531030417130689
0.11150503904537254
0.6030028339672606
0.9441577096276058
0.7847847325999255
0.4108992206255874
-0.27798423680549594
-0.7647745045307041
-1.1504332180541832
-0.9809804973326404
-0.691826702891522
0.016214411262480754
0.3074855822463331
0.7314277660630084
-0.32756815989661975
-0.5221260678523234
0.6707003252382925
0.868736645815152
1.1293054346039326
0.7094358013844927
0.25611484388138306
-0.4479564918933312
-0.8093904066991295
-0.9745749161616923
-0.6317549994657576
-0.13922743573543275
0.5201496443010024
0.9020421533651612
1.0383447920730304
0.7074165166863577
0.19495938516434874
-0.45720076123647563
-0.8534381497612119
-0.9854047425915078
-0.6650796440512242
-0.15024092570589573
0.49397128113204314
0.8911467849393698
1.0171470485980507
0.6966038831890919
0.17735036242321134
-0.46808335624409597
-0.8683977508215329
-0.9965619601333527
-0.6780513534679071
-0.16191623031424937
0.48250209391655435
0.8786618656398709
1.0068082521245834
0.6829451314811641
0.1678409767656059
-0.4833959674854307
-0.8773392536662247
-1.0141983347722008
-0.6866761766855487
-0.18287016340191445
0.47391746524024697
0.8528103331124804
0.9979031254560478
0.6494602280871302
0.1580449883063992
-0.5298288085748109
-0.8891377131501614
-1.0858574506641552
-0.703249364992837
-0.31841288234329795
0.44260437073328507
0.3725530017159094
0.8652783647257692
1.2184169325652328
0.45985923930825473
-0.024226769276742856
-0.6945864133033184
-0.9278020971235438
-0.9116615182324536
-0.45020713545318175
0.11729945020040643
0.6982226682291326
0.9685610643006254
0.9007864747305978
0.45918833161967715
-0.1476861427268292
-0.7186032499434655
-1.0264813846299756
-0.9590735326653425
-0.5644600769665293
0.001883087362187876
0.5015000006218437
0.901234736701972
0.8145516867578765
0.5017139900676483
-0.4793804253396056
-1.0479166546807102
-0.7305874537599982
-0.3676915863672458
0.27800045333606793
0.7170498649803099
0.9202916227992132
0.5854512201337781
-0.14981949698376912
-0.6144629501648948
-0.4843857707581459
-0.056640010027892804
0.5554636686035879
1.0743248669158914
1.2982124695251938
1.1854297783891332
0.7083252177419854
0.22737982221358127
-0.2789211920960502
0.1400613826989579
0.48324498236688906
-0.200267299342391
-0.6028033413538136
-1.0633107586783737
-0.9908610223713339
-0.7159536429485236
-0.053384458382723154
0.504605830421912
0.9864992757446475
1.0026597687455077
0.7749404368277879
0.2312042153075231
-0.12224902896649292
-0.5976634853923736
-1.0016503177454399
-1.131167126947059
-0.8440871918451459
-0.3267528494096204
0.32667359102338484
0.7715850147284818
0.9438175058072595
0.677098541469054
0.1794492401483601
-0.46168993795687435
-0.8952755157551754
-1.0595630813696364
-0.785453185338881
-0.28264245742747524
0.3637808962948487
0.8005173153296421
0.968888950656143
0.6963350041276528
0.1969208620635812
-0.4493184944298884
-0.8830209173913698
-1.0524794722789044
-0.7770222954993135
-0.2799565519763986
0.36924464789404093
0.7992632984373121
0.9719222275241586
0.6912803573925894
0.19785233795398738
-0.4583184919981356
-0.8840109178365203
-1.0658821002644587
-0.7798709948248402
-0.2986375065161467
0.364496483843396
0.7737683685335812
0.965138986395089
0.6562333849435226
0.1888436877058341
-0.5082092805892923
-0.8952026063932412
-1.1425583142150295
-0.7905405592423753
-0.43838591068529037
0.40722926174815965
0.32127334435897315
0.4267371871687376
0.97775343434225
0.6972829365470142
0.2757149356695181
-0.3890264624674058
-0.9013205459821375
-1.1274953322975987
-1.0104339650753453
-0.5064104602712477
-0.039163902761460465
0.6081576095622526
0.17378277271718287
-0.593112469485744
-0.17548573672842832
0.1978139516434552
0.8412388964684687
1.086895538394348
1.1369048826800836
0.6929780145690395
0.1480363200086057
-0.5028747862237012
-0.8299793755984601
-0.8824299399145384
-0.4869704597909988
0.057326681960723214
0.6758006555346753
1.0029851746260436
1.032094228569344
0.637016039698622
0.07507330321538644
-0.5429034351547134
-0.8839130090243426
-0.9124950866119407
-0.5285461275437957
0.03391235224899691
0.6427376344595537
0.9842326378428282
1.0051597763796787
0.6216578673525182
0.052705627240318735
-0.5557133993989399
-0.9027822009106748
-0.9233433998854372
-0.5446735019037819
0.024606274631993927
0.6288004811497748
0.9761609774227475
0.9930008963970045
0.6145896361732944
0.04201095753321329
-0.5619548882593752
-0.9122563957518397
-0.9288955735548111
-0.5531193355712858
0.01963494371521233
0.6212295022847356
0.9716837492423835
0.9861806209286462
0.6105363388895735
0.035839884291899465
-0.5656416175585733
-0.917862059760319
-0.9322630695473296
-0.5582293740619347
0.01654728779833607
0.6165565079763327
0.9688428949453274
0.9818951350023726
0.6079143816657249
0.03189974010961259
-0.5680683980163629
-0.9214929763267344
-0.9345149554189054
-0.5615821687781631
0.01445286088674834
0.6134549022283688
0.9668908649151327
0.9790212841218199
0.6060916788466877
0.029233160613815243
-0.5697731601912598
-0.9239702663589481
-0.9361117330601394
-0.5638860201800426
0.012955334535070051
0.6113104619767055
0.9654849079995584
0.9770237935513153
0.6047705185994379
0.02737150761211518
-0.5710155060129819
-0.9257060282134836
-0.9372805552564665
-0.5655048284616646
0.011855353638462475
0.6098005435309712
0.9644496250352844
0.9756154577814354
0.6037962709921088
0.02605810103305339
-0.5719319485161066
-0.9269305968183669
-0.938142030641132
-0.5666461704242912
0.011046367042468148
0.6087372212097715
0.9636909826937587
0.9746252816960657
0.6030861426171622
0.02513646353032101
-0.5725950923932992
-0.9277881045158454
-0.9387594259006091
-0.5674438261543333
0.010473777448912699
0.6079951993168748
0.9631625553840447
0.9739346581086148
0.6026015489127584
0.024492899233613117
-0.5730358410435555
-0.9283891509129312
-0.9391559395714364
-0.5680072150113499
0.01012232224888004
0.6074641480177617
0.9628574930688585
0.9734299916014566
0.6023448324910657
0.024007814905045905
-0.5732414901279135
-0.9288625821104648
-0.9393068217278551
-0.568478406410841
0.010031181234751557
0.6069838289615124
0.9628327669526361
0.9729265973856311
0.6023955139814734
0.023463971589784534
-0.5731031680656389
-0.9294688373852072
-0.9390639829243022
-0.5691752487754607
0.010402251687421142
0.6061597042738229
0.9633661694409819
0.9719266299354739
0.6031416808873054
0.022222784591067465
-0.5720670539341385
-0.9310409302336703
-0.9376147442593606
-0.5712038427005295
0.012471711260402288
0.603494787615641
0.9664279470719271
0.9683621754681179
0.6079256369687975
0.01736734868026565
-0.5639432631888416
-0.9377605942762212
-0.9218372551620585
-0.5804781958980506
0.05184226410819332
0.5924600924330691
1.1683590335667986
0.9949724112059032
0.12162506833538177
-0.40212872353738516
-0.9000885081254919
-0.8890097049482161
-0.6289463671131507
-0.008036362277511927
0.5402981930539843
0.985028229708898
0.9852376451334641
0.7031588818646131
0.08800564335938606
-0.47113258147630344
-0.9131187397287164
-0.918579059123328
-0.6357293147527145
-0.02245762706135491
0.5359418463742677
0.9784505768193344
0.9818411814327697
0.7014956142473857
0.08482300279359839
-0.46921174844995756
-0.916603386345158
-0.9136726661053454
-0.6400120273546276
-0.014755109451728287
0.5302345145781995
0.9890454727264713
0.973761181321001
0.7153327372841418
0.07274801151051133
-0.4515093955388055
-0.9357693259398104
-0.891170714327973
-0.6729877658496891
0.013716127785032483
0.4658974379884859
1.0238556951030966
0.8146675541085047
0.7467691088894812
-0.7193780854787619
-0.6150720924738349
0.8250681792242508
0.717336433736675
0.6996275272300705
0.02546847843254068
-0.4410521289052128
-0.9589799060332326
-0.9555089257912673
-0.733710126257641
-0.11061301061188362
0.44949050456187867
0.9378128251743073
0.9898528755583375
0.7496469883127467
0.16485590348116044
-0.4067313022878969
-0.8653608772841255
-0.9239012408605533
-0.6580116448509475
-0.07546672230416777
0.5211796931536221
0.9820368862902741
1.068879516438852
0.8112460070908405
0.2674723355012255
-0.31008581875039565
-0.6995854708961545
-0.7386980083771614
-0.21030226374843636
0.5628056157256774
0.764988623222206
0.5929375192875604
0.05006908152027861
-0.5115970112557289
-0.9869699833628566
-1.0692968045720348
-0.857581068219267
-0.31382603342472937
0.10662576318162707
0.587870806087422
1.0544518440351847
1.2221808508546315
1.006831104691282
0.5714107903581941
0.008553963114287114
-0.06595182885489871
0.12389675541687849
-0.23355424368928807
-0.7368882562317894
-1.1305839355561562
-1.1722143438751018
-0.8735644193134509
-0.29021824837684995
0.3232061437942556
0.777594634797003
0.8682964838908164
0.5994477427968656
0.043291750646732755
-0.5521880087449019
-0.9899273485537767
-1.0686740508167387
-0.7892261197511296
-0.22474725553180644
0.3773440989100934
0.8207718592991462
0.9030850539189939
0.6268997214714628
0.06313767200569367
-0.5388530616309718
-0.9852169904444051
-1.0741045495422699
-0.8084891777839096
-0.2861054528158047
0.26262844425713466
0.7679424931491127
0.975206272540052
0.833734416985411
0.34106844461932123
-0.2627072064725745
-0.8061920677627591
-1.0229275788790098
-0.8938138573039135
-0.40323160701312266
0.19206688756528376
0.7362812291934672
0.945226979070047
0.8184407334631545
0.3195564941792078
-0.2721634788556695
-0.8259823796403993
-1.0300688417951458
-0.9149978103680669
-0.4096546211190803
0.16715158826522009
0.729732197729027
0.9139894335003216
0.8114094055370482
0.2782735620635176
-0.2791783445121013
-0.8836525628059574
-1.0334534272576879
-1.001608057972279
-0.38846347236133366
0.021307522287004985
1.027971207123071
0.5970662129781078
-0.6742352862532253
-0.6535496491835713
-0.5892492685548835
0.041407391192148625
0.5318127732012382
1.0217041816821297
1.0320996416880985
0.7914409911140069
0.17897349972726706
-0.39172442885813924
-0.8695936792620292
-0.9262131195941302
-0.6769200152896997
-0.09454162104463046
0.48273979779720383
0.9394703346327536
1.001342774572308
0.7364084631320575
0.15837546055099516
-0.4309171135801583
-0.883944567667259
-0.9552951888673229
-0.687124338244748
-0.11672095083885467
0.4754636863038625
0.9222641680991468
0.9962509084467279
0.7229566772680405
0.15500048566491773
-0.4414070655429466
-0.885896181720663
-0.9633418562502101
-0.6878278299323999
-0.12265323671598725
0.4759216749628981
0.9182609085148598
0.9978585443058132
0.7208188881568399
0.15781865526760658
-0.44162423130859385
-0.8817249258770586
-0.9614491256366858
-0.6820567408187603
-0.11828778923035294
0.48368664678906864
0.9257132265191372
1.0082376588319235
0.7323719173408428
0.17180612684913202
-0.4242635927577592
-0.8624680784093506
-0.9352540059652267
-0.6545707088093473
-0.07740109544060886
0.5251932143709899
0.9943571455682764
1.076707392882287
0.8666189032553534
0.297777407217921
0.0032447255802412088
-0.2510314584081274
-0.8413986147583266
-1.0893324767129067
-1.084565057023893
-0.6467666160561071
-0.07496262761581614
0.5447710144854716
0.8620486853979662
0.8710552252809667
0.4605312711723226
-0.102392705642046
-0.7111581688471527
-1.0215230040804273
-1.028645923848802
-0.611988416353336
-0.05387499345984719
0.5608969486570723
0.8601031408400651
0.8735958883149602
0.43828509901858476
-0.11258676140432021
-0.7566281662615336
-1.0470340138189704
-1.1075399974005213
-0.6607480834014284
-0.1928021076934811
0.4675080563869089
0.5763175332650746
0.6621134421496717
-0.576622513986965
-1.0151989815169855
-0.06341369371138882
0.3599513907892565
0.9398974354760308
0.9966487913285331
0.7937306243059611
0.22012611066207086
-0.5475813735353524
-1.0388327176133962
-0.7623865331335944
-0.4144850368731559
0.2696491154463813
0.7447732088818618
1.063665661698743
0.8989068819235226
0.49242625323504413
-0.16477487964328175
-0.6756561852483961
-0.9818969402652669
-0.8444857062106619
-0.4320650274964081
0.19939568747607483
0.709942702168348
0.9827369612456406
0.8325309642775908
0.32366301108663187
-0.3933039119865154
-0.7999598230193524
-0.855662397333611
-0.4969061963553026
0.05973783240072066
0.6640445452665353
1.0188998240931852
1.0461454755483117
0.6790180627253676
0.10813050045303567
-0.49591796013264705
-0.8594785681836604
-0.882478795600011
-0.5210472889615303
0.056901402594324337
0.6572796235642541
1.0305732643307952
1.0515239688282323
0.7029036865942967
0.12442121167517246
-0.4591317582155598
-0.8313222073240754
-0.8297200490087971
-0.47798541428713737
0.13193971750933697
0.7213679152434872
1.1402669841692785
1.1486677319911547
0.8740674397144508
0.280130109369566
-0.15260605577761305
-0.5694120354893087
0.028469538196764062
0.7675274525668953
0.4976459758186945
0.15934743519307676
-0.376315496052321
-0.478127438245565
-0.10021362705959348
0.016354463412364056
-0.5289022985150481
-1.005736975723766
-1.399725559006444
-1.3948316500022506
-1.080499855565693
-0.5638811480416471
-0.03315044654751537
-0.14176783315204533
-0.32558143452377597
0.31919039434539037
0.7114187438037605
1.090157856590254
0.9291873677438697
0.5849405784838618
-0.0997710438683704
-0.6102990214991215
-0.99990855238454
-0.8901126934379244
-0.5489319802384064
0.10856711549137095
0.618501840982833
0.9923050168435433
0.8825511937291729
0.532014301174848
-0.1255744856682643
-0.6407019324469422
-1.0151091633072868
-0.9075140162340015
-0.5583379762295784
0.09959223289087839
0.6123934130693582
0.9894789214312038
0.8783560544811682
0.5343289116885054
-0.12864697539342557
-0.6333742094843786
-1.0174889971053922
-0.8944603432488336
-0.5601753607357366
0.1202218786593117
0.6112801698820768
1.021572226950694
0.8787690084901038
0.586311140594722
-0.12430901324990135
-0.5403853713184192
-1.0015009669750863
-0.6888683515037999
-0.49930623499042764
0.9974285654246438
1.0503113205172376
-0.361380428782234
-0.6655483781625764
-1.0535477500680754
-0.7465062931004159
-0.34802977373653
0.34086539418681794
0.7672130643244586
1.0001608836224267
0.7524255158214208
0.28480236358729377
-0.36915496561013206
-0.8351145108635952
-1.0453304488449886
-0.8236006760060544
-0.34032832142320907
0.2949243626649912
0.7719745427376686
0.9677538528668156
0.7539169732653664
0.2587995420257218
-0.3709990715339896
-0.8583497979070114
-1.0507148480653528
-0.846381388913049
-0.3497510939686664
0.2707100161715697
0.7575630802112208
0.9401006145894507
0.732827283918283
0.22502805386163943
-0.4018025683369895
-0.9025267293441643
-1.097052124984829
-0.9089960213544792
-0.42426835656376954
0.1715793774398044
0.6200156957051431
0.7497670065850377
0.3448131441193308
-0.4199538538261978
-0.7632369308907666
-0.6131572402357229
-0.13389223170602013
0.45166969864816187
0.9291087161548237
1.0749339755572178
0.8638781660064616
0.32993928918122745
-0.2796607903684432
-0.7873393251570021
-0.9428515819302754
-0.7549030198835753
-0.22198376591464825
0.3641848925264968
0.8788619147834554
1.0021761061044836
0.8327523813889876
0.23508661794938474
-0.30660107650038015
-1.1144215396347465
-1.0636157640940245
-0.16400448250530839
0.3611538837024612
0.9201593446952645
0.9774134995491264
0.7836268608170428
0.19516774024309774
-0.3612848441704043
-0.8539787499323561
-0.915570919198896
-0.6928267077668436
-0.09135945327845894
0.48134999161883474
1.0073310207531818
1.0799085739450998
0.9267298753160642
0.33542400649194354
-0.07121277555095362
-0.5782002479331962
0.10526342149523668
0.38860296466325045
-0.5026894081770439
-0.8532404740439034
-1.2477955619618342
-1.0501698256196945
-0.6963754886041563
-0.006147069096580367
0.4892431843684609
0.8497720929069343
0.7087559371395431
0.3393738118200266
-0.33176596523747776
-0.8396520992439843
-1.2076079695650823
-1.0818132237668947
-0.7520015340436503
-0.1061621418748909
0.29237128079314334
0.6019730207832165
-0.01976167533199333
-0.6407688005093192
-0.4698754669264463
-0.03198761599715608
0.5479684521607827
0.9790046652420892
1.0791474352727508
0.8267700393699998
0.25912854960250403
-0.34207176796675787
-0.8443000647952829
-0.946377051089743
-0.7553528035386916
-0.1737751555896485
0.33863746533863825
0.8831574471397723
0.6512482148054763
0.6351561987064092
0.8274368473004545
0.25301712719016733
-0.2685847725538459
-0.8355977547231934
-0.9966204910556384
-0.8667512959096351
-0.34753129925466225
0.2362044707360277
0.7702211278250746
0.9460254767214342
0.7857958539595395
0.21982087099024875
-0.43695070533135494
-0.8739283537800779
-0.9143254772070672
-0.5986417410952317
-0.02053074282173884
0.5657061364469537
0.9615310629349233
0.9888720601346106
0.6596545264494615
0.07716648668028106
-0.5165740347801814
-0.9139214303978282
-0.9458753398310883
-0.6169218816982828
-0.0370930107287395
0.5570603396606221
0.9534386400394834
0.9862488727832637
0.6581222829477222
0.07951578111535991
-0.5115365973272792
-0.9063026823837338
-0.9326562613405345
-0.6023863486609904
-0.011571108423607881
0.5825373105835109
1.0013446766417622
1.032786742838938
0.7593100746421779
0.18023927081772684
-0.1561770977351885
-0.5082692318997044
-1.0312482386440984
-1.049102917953909
-0.8096591570697051
-0.20911123763277864
0.3695886991276589
0.8490723938775494
0.918247972594038
0.6761115162353947
0.09651890704299763
-0.48028211724615594
-0.9504319402173265
-1.0160666726065486
-0.770722147075874
-0.18642405570384324
0.38955343738232545
0.8656302843841956
0.9272261623674289
0.6893348007025404
0.09794657015647096
-0.46850291743195827
-0.955034511492314
-1.0041096329510757
-0.7808721322083408
-0.1723795329477282
0.37359789970286866
0.8848002924758877
0.9045024835090149
0.7198100617376695
0.06671586224093591
-0.4107477625597512
-0.99692525715078
-0.860688371055267
-0.8298317992345148
0.5634141836977427
0.46488441844470196
-0.8783388188616165
-0.6362395716066742
-0.5144139840838085
0.21105917112092795
0.6331884373302653
1.0516210702934738
0.9057592206544878
0.5792147758445575
-0.09787224701402625
-0.6132197765325411
-1.0025044964670182
-0.9110192992878665
-0.5651264620909147
0.07563104648900719
0.6046183402542353
0.9673182311028252
0.8858379240247404
0.5190900820469354
-0.1141293219577123
-0.6604624743577329
-1.0173789073731947
-0.9511093403184646
-0.5798681062168759
0.03932512126921938
0.5891869051949441
0.9325153886425456
0.8690598489009106
0.48398990775353734
-0.132882244265292
-0.6975372434427386
-1.0387974110375084
-0.9919962160979555
-0.6047831393369092
-0.007691293161272029
0.5597305448592657
0.8760877987023973
0.8337635968445741
0.4130092974939354
-0.17538102204495698
-0.7920097508222114
-1.0883517910835196
-1.1276722698872808
-0.6476428140946906
-0.22772575402778694
0.7541796971480315
