-1.0383343799868137
0.43977290384161943
0.3912206287424882
0.8011708997193527
-0.4941202186064899
-0.818228281340122
-0.006836429807206912
0.4939005390491307
0.9746649475468733
1.0691843984205704
0.803757541166723
0.25629551981828713
-0.39436213364096645
-0.8651201439160324
-1.0484050584650155
-0.8135890647018938
-0.35040140697212346
0.2266310691552036
0.5687759140669236
0.47102717922467857
-0.23213769045758562
-0.45004664808312705
-0.13216982989240125
0.4309164358832794
0.9169738491279703
1.210977144898
1.066299386471832
0.6608804490956307
-0.007484686588370607
-0.5283151505512947
-0.8839799399991576
-0.752831619725546
-0.39522971653379224
0.27315146961590364
0.7494006817962022
1.1179797606875879
0.9386284986364496
0.6115641805677821
-0.1167336099949954
-0.5292158977593874
-0.985078372803443
-0.6504010799682505
-0.4846855871182204
0.9964191127255576
0.8517916046663402
-0.630180990835482
-0.6713210376550681
-0.7489640018317687
-0.17250691979312308
0.3268555545252821
0.887604876027053
1.0394267871285041
0.8838445083456481
0.3766421670194897
-0.2676492680264266
-0.7528874504236712
-1.0592258735156435
-0.6784654627294956
-0.5173776505359708
-0.18520204653003958
0.08148194746103403
-0.14198692123599496
0.6060369581544668
0.9027830567844094
1.2724783476837156
0.9902781414794799
0.6354666931288506
-0.10748268378023762
-0.5507333867920713
-0.9251737553130495
-0.704838995667989
-0.3699981653972941
0.36344566630611713
0.752766551315762
1.2901997821168796
0.8378031216532854
-0.09838220832209395
-0.5918535523705479
-0.8381681857343519
-0.6533486485163337
-0.1674806848881673
0.4374916411378896
0.9363060846276128
1.110339720070393
0.9242872911394634
0.40670091603016045
-0.20167582874036835
-0.7180358650446972
-0.8961953518146527
-0.7210884400227412
-0.20777836839683034
0.39324750991528085
0.9054249540289262
1.07839980000792
0.8993103645601654
0.38221920911416146
-0.22254531317378237
-0.7375419340505737
-0.9139970806592987
-0.7370362213406073
-0.22316612671485592
0.37998639085195424
0.8920164910867938
1.0672611478116416
0.8875822990722917
0.3728258414682661
-0.23280092857515025
-0.7454453498679241
-0.922922363612418
-0.743619924356919
-0.23085129939545204
0.374616469359821
0.8855263892503065
1.0630526038373067
0.8822862889810122
0.3697763610382994
-0.2368554016001657
-0.7472846642294889
-0.9256282068936146
-0.7441331484052919
-0.2320201905074539
0.375633517053923
0.886203414862878
1.0659367207818933
0.8853121306517269
0.3750821298854859
-0.23063992190819096
-0.7386111998409638
-0.9147360564374889
-0.7303637114839922
-0.21356999258753231
0.3980300098257133
0.9186839790591569
1.1057075361911095
0.9508844690223821
0.46706977513205994
-0.012734006787031661
-0.5003536518960977
-0.9253066877266017
-0.9923037090395359
-0.7069204723598063
-0.1424171386209515
0.4690122362892077
0.9133552645647836
1.0086276136210102
0.7333041518470593
0.18088545907866502
-0.4233136733253994
-0.8615840254802657
-0.9505469124361627
-0.6721566042826385
-0.11348151773740728
0.49197014171698944
0.9370146764986256
1.0259494755424812
0.7553806981907882
0.1956257578417655
-0.4003162086701965
-0.8474455877433338
-0.9242584605399635
-0.6568834717500813
-0.08088842484603646
0.510467822569799
0.9806947045686895
1.0509621725490255
0.819213020579695
0.23358874652543046
-0.2954655248220834
-0.7808249848582152
-0.7131538731125407
-0.5081482247743903
0.6936625926150873
1.1659148067124676
0.34785327206020944
-0.07936247271662995
-0.7737606789541067
-0.9785685474752388
-0.9990710019394875
-0.5101224060953744
0.028931508473454586
0.6560606875862552
0.9107450539746486
0.9002354265247727
0.43569333650020486
-0.12386795856998163
-0.7434628482984761
-1.017089042934261
-1.0209711771560255
-0.5841057524919311
-0.1342182158500177
0.3819366721365881
0.8389798875600624
1.0845337822738965
0.9088707495260031
0.46073565700211516
-0.18692468852854516
-0.6965261647982488
-0.9696576825652002
-0.809707245428232
-0.37286306723309126
0.2667074788268018
0.7704974993830206
1.0387331522040475
0.8753431513781549
0.43535914573138546
-0.20650472281662455
-0.7122916673616835
-0.9822547508263035
-0.8200155799407073
-0.38150812299216874
0.25990462798529146
0.7642706910703699
1.0344226336317386
0.8706766130342042
0.4330001376069547
-0.210130032488
-0.7129642818140072
-0.9851786883765948
-0.8190756748000083
-0.3839801405852065
0.26254841231042053
0.7620264761277363
1.039044033635546
0.8683843289100682
0.4401228332094762
-0.21294937082346438
-0.7024135758499751
-0.9896253652366779
-0.8034343189864539
-0.393295623500591
0.28643888183545607
0.7343650333299085
1.077560566946222
0.6895041115724029
0.497030195971651
0.38659380558251577
-0.26303916983474135
-0.7376420126097339
-1.0387738906343715
-0.9081651420762541
-0.4824092027295469
0.14548452408783566
0.6902507231247387
0.9796246870287427
0.8806769491907308
0.44736418779807435
-0.16242106286307803
-0.7125802793322802
-0.9902185188272082
-0.8954152292479061
-0.4538719955446693
0.15254171727634974
0.7088025332554088
0.9835685279042786
0.8934830893487566
0.44939678576936876
-0.15324315962325746
-0.7118306794005721
-0.9834899423169606
-0.895594079757411
-0.44888400696230635
0.15164468528580866
0.712500953153409
0.9820811639632339
0.896191657640627
0.44739643840146565
-0.15131852681251612
-0.7142997475027406
-0.9822041302427681
-0.8985108428926203
-0.4481327977500512
0.14828364306695893
0.7127934186289472
0.9782647544507397
0.8960811142863996
0.4431005453810951
-0.15179079656394298
-0.7191119536549946
-0.9830071213711048
-0.9038895243846216
-0.4492423709843339
0.14227351762132015
0.7113977967229337
0.9715410587351918
0.8944201439547728
0.43556066931032655
-0.15369103275536394
-0.7275955479540133
-0.9851069504242889
-0.9134749925595379
-0.4514744611969922
0.1313905197600339
0.7091540654891537
0.9591200036633297
0.8923879574087182
0.42131098861501326
-0.15508551916446797
-0.7440087683760753
-0.9850150496755004
-0.9323871339165815
-0.44809823345913524
0.10981647744565345
0.7199996358184324
0.9355341139410964
0.9220490390006185
0.3998294364360507
-0.0657345985214417
-0.7409720176209517
-0.5096156657511465
-0.665936647430996
-1.207570135769925
-0.9233705464011038
-0.5263488394568642
0.024979136213745166
0.31632893206476437
-0.044196251424849835
-0.31861463637879245
0.22633560371732026
0.6797540932139566
1.136944580342945
1.1488528822172563
0.8919862691691426
0.2843894439109263
-0.3040695483559019
-0.7841439657084872
-0.8611917426721994
-0.6146528486597093
-0.045263168039881126
0.5383152738804382
0.9942798192510547
1.0694153561981565
0.8081583804114397
0.2389867407762239
-0.3506033996494076
-0.8040066230842813
-0.8709622685032921
-0.6029198274587563
0.04290038344585136
0.68131946147889
0.9821595430804262
0.9167686463482634
0.49317662831959197
-0.1086131175494809
-0.6660000763532827
-0.9573541162546003
-0.8773107779968435
-0.4489466640855802
0.1567890387752161
0.7175387276569153
1.0090792943172533
0.9319098967178288
0.5019423227035833
-0.10102071210535739
-0.6644373653469121
-0.9530772659518955
-0.8793589982456501
-0.4461706208530131
0.15262614546228434
0.7198050416344548
1.0034979285039407
0.9344094829720068
0.4952999188619955
-0.09741086208333309
-0.6718580755419301
-0.9466772848768237
-0.8869248707277354
-0.43184818637885364
0.14778705809174086
0.7795151657071634
1.0302781502066882
0.8636114383303861
0.3741627693419026
-0.22520662977423986
-0.7843603900014835
-0.9856121770720964
-0.896081749887661
-0.37357633670173673
0.12715833952720804
0.7377570562300476
0.5258198966823231
0.5974773550022774
1.0172528439570063
0.5641472419346488
0.09587269649989423
-0.5674632702788663
-0.8915092291651162
-0.966166679126702
-0.5850697683217714
-0.04065670134335005
0.5831814496448111
0.9439341176202934
0.9896112133545988
0.6333432808284054
0.061956883964997364
-0.539403036854123
-0.9319989977310035
-0.9491735611440826
-0.6414905647858402
-0.01371997699741121
0.4847770335128605
1.1530408280995041
0.7176285948986548
-0.5010136682406967
-0.4445647377818499
-0.4695553430720255
0.5743608923832033
1.0701299186383875
0.8421382189718922
0.38808832173000474
-0.21159408157519713
-0.7574349014560396
-0.9632706903659346
-0.849778952155214
-0.3440129265926642
0.23402124239348698
0.7998109817419361
0.9917665416571241
0.8898597267403137
0.36847553958550505
-0.20000024413017503
-0.7879174439594154
-0.9695986927864793
-0.9031186115314788
-0.3687211548373506
0.13514615757835344
0.7413773889352477
0.7746137362841679
0.736130042035352
-0.4798669027003854
-0.9504419962399315
-0.11488210168501108
0.33821605511834196
1.00256508022487
1.2048057213024057
1.1789641870708516
0.7182416845925613
0.1928735403098299
-0.2937645755074476
-0.346000067027524
0.21419819333113166
0.5809262619992624
0.1485634981908764
-0.32283050122899803
-0.8899137411919028
-1.0775615568905363
-1.0007557756289094
-0.4934637237229152
0.08441800068241315
0.6840670889980662
0.9182024736584652
0.8613172866160046
0.37634716609342367
-0.1856207335880401
-0.7771955022293822
-0.9953122411494282
-0.9421702867941174
-0.4376599840102556
0.10649694124141552
0.7261548615603519
0.9023095619318997
0.8970295089660947
0.287359728549499
-0.1520010169659894
-1.2800200002544206
-1.0116557884700825
0.3364942033481596
0.45749782035026487
0.5558216707691651
-0.272606324598888
-0.7565496401830681
-0.7378588376309864
-0.29698400101430145
0.2602449945778813
0.8253513806931976
1.055522286677283
0.971970012131174
0.49405997897484166
-0.09417225069796041
-0.6688536826651519
-0.9169817259474864
-0.8356045085724082
-0.3689653867786329
0.2196695534084837
0.7870910366284364
1.0366405477321463
0.9506883011336239
0.4859048611560823
-0.1053370743987366
-0.6707012087978512
-0.9212865418493845
-0.8331626690920497
-0.3680473168084249
0.22546067462153843
0.7924588631855741
1.0454219051003917
0.9602899867047986
0.49770807148731216
-0.09125841388289183
-0.6554951725202691
-0.9019856237533893
-0.8137513193193613
-0.34206762615346575
0.2505272336038691
0.8278052925503258
1.078782902226267
1.0102223701150064
0.5445679642043717
-0.015189847241417795
-0.5832346301026984
-0.7666256333729958
-0.6821119684281138
0.05052263085991922
0.7508556635614121
0.9499231366359345
0.7080422363063735
0.07201247809333787
-0.4877350384735741
-0.8954490615477059
-0.9141116594081421
-0.5856659501546799
0.006816437988838089
0.6161466818475945
1.033968537929142
1.0967758017620157
0.7974456479527223
0.2605946129848661
-0.28359049003534825
-0.598734933298517
-0.40701612691892547
0.309602065915056
0.6222180529114443
0.3348441882512475
-0.17978543788470158
-0.7402615514731082
-1.0809234965919026
-1.0715942186239449
-0.7009145141232751
-0.10182880491366404
0.4959653259130614
0.8792633739584048
0.8909422494460894
0.5474139706435965
-0.03848140348441507
-0.6164594547682247
-0.9910402726924513
-0.9867358317379011
-0.6374160560402823
-0.03749503267656462
0.5441066700101321
0.9319893051025209
0.929469783908273
0.5937543609896744
-0.006201224940664759
-0.5727931301625784
-0.9628439000293304
-0.9424090737746132
-0.6118475916597667
0.011403673258375968
0.5678113259684355
0.9913867154037871
0.9501851662201967
0.6749651594423733
-0.0004947328241674996
-0.4417312968652662
-1.1415055329867905
-0.6409905468179935
0.5343870167492885
0.6690828719835251
0.6932494971019216
0.14274719726054974
-0.37387559115628394
-0.9616303268686495
-1.1177504787277475
-1.0398846566535171
-0.5136536797748507
-0.0809975637480249
0.42737872385804043
0.8625749036238938
0.9970502846498714
0.7287350361354621
0.2062801948815956
-0.43594148860395765
-0.8969182818706226
-1.0669701285305868
-0.8352449635226126
-0.3682456073794258
0.13223060710553247
0.5901675003836213
1.0231439676034766
1.0423912565650757
0.764188118454954
0.16470704968637004
-0.41401415637795713
-0.8672945975130137
-0.9095782674137444
-0.6398620600340074
-0.04402367228210644
0.5301057568125914
0.9905414285080251
1.0298325397178578
0.7785808525612706
0.18041453846986577
-0.35619818445698187
-0.818597780991449
-0.7709469830789926
-0.519834133349979
0.4659021874467744
1.0355412561438786
0.7276224123716295
0.3461260824041831
-0.31035155777411133
-0.7911424164733155
-1.0444568493882564
-0.8710098627565714
-0.4100750357466635
0.22276910342030654
0.7421115174286637
0.986278149537927
0.8364541772429546
0.3709099163031651
-0.2453535913600166
-0.7673395278127203
-0.9986839105395482
-0.8504885794279506
-0.37423030373536487
0.24098866182160647
0.772536550695407
1.003197442124673
0.8640448677822055
0.3873370478068303
-0.2188749579073543
-0.7507162941491824
-0.9719735783347584
-0.8330086559207064
-0.34604652896153465
0.2600501841923354
0.8035466658986197
1.0247395392835161
0.8995802617469635
0.41259444596166417
-0.17642011863210916
-0.7198934017151655
-0.918876638203704
-0.7936073336622915
-0.27592704422458847
0.3134117456951655
0.9029674151147479
1.1028863242414435
1.0561532728253424
0.5414562382983947
0.12145357143205246
-0.4558179526966553
0.0752004467473483
0.2345462354877538
-0.6579016664355082
-0.9452286549346693
-1.201094271010897
-0.8763895967636993
-0.4197191660551698
0.2728135402781745
0.7128845567674478
0.9365070734546607
0.6845958781754679
0.21620898740368513
-0.43309618566850555
-0.8787525166329463
-1.0734956471382378
-0.8245943323248334
-0.3354027091172834
0.3122061560536189
0.7736737724335602
0.9674841987287018
0.7310994464899415
0.24146492532631578
-0.395903688409248
-0.8574737168171096
-1.0426684206714671
-0.8061323050944802
-0.309066033768805
0.3286553059205029
0.796785954660529
0.9825024830265111
0.7518890782359741
0.2554940254489127
-0.37675932532485823
-0.8440808382948939
-1.024631332985066
-0.7930767706431574
-0.29168096289836287
0.3416434601316952
0.8139330257302982
0.9956847235150204
0.7692059064800637
0.2691423770690634
-0.3588361844815316
-0.8296630476099158
-1.0055945121561658
-0.7775289337281412
-0.2708936414753621
0.3587755010804013
0.8373291426770373
1.015003418973085
0.7964491459011108
0.29148545915649926
-0.3258294231489888
-0.8030817704053785
-0.9636128466767703
-0.7449094927209524
-0.21398686454102578
0.39992779471465006
0.9218842344605803
1.0653159727764252
0.9434058527054174
0.2767496955585707
0.06768586841296775
0.15220845930632868
-0.5543251839585899
-0.881749742915635
-1.192255071039421
-0.8939740148704288
-0.5146586586825069
0.2311846130832099
0.6143798095907693
0.9820273151616473
0.5941946971703139
0.3312335819344354
-1.0972391888302258
-1.046746163122154
0.45614318709017493
0.6669482906092546
1.0313227609766582
0.5803792683768854
0.24984500671361257
-0.4961975722076423
-0.6080973775663111
-0.8466241169524695
0.45315185688929627
0.7455373482328136
-0.46663128762818157
-0.7719132789849528
-1.2166580787658652
-0.9604138698829363
-0.6274424730617226
0.09665941675276343
0.5457715576968301
0.9113827914649097
0.7098774552564722
0.3569697423077128
-0.351494289510794
-0.7977205066873418
-1.1772685951507211
-0.9562872016552445
-0.656912023928634
0.09296068589199999
0.3908488734653964
0.8600574668144814
-0.09478731310935734
-0.07415493060622126
0.9379941963325189
0.6665563914798638
0.42262482913737975
-0.2883868069108679
-0.7410643158842855
-1.0931465318984408
-0.9356656579525957
-0.5508179713543203
0.10597979905676812
0.6212254852520684
0.9418265014612992
0.8199452058760021
0.4147334475677345
-0.21897673905136664
-0.7483444022412946
-1.052687124161804
-0.9410952089167275
-0.5237591556643684
0.10216829041079163
0.6409719040677335
0.9392505872656162
0.8352530391045513
0.4130754697846099
-0.20656876916980946
-0.7493183620940225
-1.042274291430414
-0.9415507111662987
-0.5147681025260157
0.1021167118748451
0.6489286709302384
0.9395259768572156
0.8424533438462604
0.41362902308865956
-0.19991385944402296
-0.7485135651410706
-1.0359945901397405
-0.9405036177941862
-0.5087175257494638
0.10341300724354434
0.6548839647281461
0.941093572826707
0.8484442957870308
0.4155058798981119
-0.1937508351576094
-0.7462715762663018
-1.0295090086805851
-0.9378190322554024
-0.501734861153551
0.1066450732056025
0.6625749999831414
0.945014282534434
0.85710915814218
0.4203060768849433
-0.18376740986883977
-0.7403308675327871
-1.0177451680649467
-0.9303745433796746
-0.4875522427503528
0.1161105483362183
0.6800885722543173
0.9572584957251454
0.8793069814045634
0.4364794972179938
-0.15478615282479172
-0.7184013807073276
-0.9785388442811014
-0.8996156260143431
-0.4320542664580961
0.16128355306760653
0.7637069672187407
1.028158102128312
1.017948975117972
0.5601833962346099
0.1195760322789463
-0.4543922191731439
-0.048289363375945527
0.1439291898629822
-0.6518492364843034
-0.9967326538244797
-1.320144945434012
-1.081838466671913
-0.6798909337942161
0.010689969637508711
0.489312343825024
0.7981972310646948
0.6111841603578891
0.20194987144017842
-0.47323877078210874
-0.9593237222738655
-1.2795743402308162
-1.1032806199641199
-0.7399860069816454
-0.08384987604683693
0.2777103322552291
0.5526904175586309
-0.1970946040669844
-0.7979974955681215
-0.42925321429393853
0.009475813266454651
0.6203587789962498
0.954977848569167
1.00414974499518
0.6409595228634641
0.0713847916861416
-0.5498960304229756
-0.9454102619740393
-1.0017678465151074
-0.6745024249361126
-0.10978862672349013
0.4871311748991556
0.8793409624022249
0.917383933335539
0.5879795401920767
0.008230745970084243
-0.5898088789563435
-0.9954096070129501
-1.0335143779674654
-0.7170155780264681
-0.13603444201848755
0.44855603910847436
0.8572146484622414
0.8801437279807768
0.5696264848999112
-0.02999777432991124
-0.6032585326072419
-1.0372116034018595
-1.0371384828184982
-0.7658485907669753
-0.10864932357353825
0.3884221851090378
1.1151234165648334
0.8375090655228041
-0.24389305704208317
-0.6877937030386632
-1.0687143094917706
-0.8744585426370323
-0.4913344660955381
0.16831023253667685
0.6399620681882195
0.9195615531061035
0.7341976078618481
0.29633982865309416
-0.36422939522229664
-0.8807711468017592
-1.1703391681415822
-1.0429124545179635
-0.6317763670782606
-0.1503917251066834
0.24477443628031967
0.7771455509238274
0.9493397582019261
0.851069385109494
0.33237522669964403
-0.2506057025917728
-0.8447531109055851
-1.0669161743132036
-0.9989173599679171
-0.5076413586805137
0.04795865769083497
0.6223282614139348
0.8136522448652245
0.7286061620406907
0.19809810081654747
-0.3746457959298295
-1.0042118719638937
-1.2158476636186342
-1.2187250792024598
-0.7178380884493899
-0.31930964973794784
0.25027063452852366
-0.20509296521827322
-0.48217782684374777
0.039214669917152604
0.5150588724450214
0.7785771990897495
0.7868257676332476
-0.13259207606890255
-0.8101139789391725
-0.33233275551584834
0.038252074244268644
0.709248799347726
1.0170400190205224
1.1345843538572007
0.7534908728278782
0.22890144856444092
-0.4383010316748809
-0.8252876620934322
-0.948165965968199
-0.6166720733695173
-0.09980351132556224
0.5331739820650374
0.9111800548860078
1.0091990275580123
0.6674853718596656
0.13224319696727513
-0.5125917880763426
-0.9038037912363696
-1.0160729371920534
-0.6826118973047066
-0.16530869735432635
0.4773067967477003
0.8445405787174088
0.9642189471743315
0.5959848927455538
0.106487464010413
-0.5930986909661456
-0.8705338126592501
-1.1062068986679388
-0.21088655243460772
-0.1597581741500864
-0.9892990746824466
-0.4082859270067836
-0.14137099784722865
0.6042869190240405
0.6029014119852462
0.7609900644426814
-0.6178840826393893
-0.9298855961028593
0.24270054205470493
0.593207112866409
1.0957084342358925
0.9179437734448737
0.6479136268723176
-0.07316062728961646
-0.5164481168964659
-0.9869142494478007
-0.7307376176840102
-0.5357306467928751
0.9168696117292153
0.9777072531139895
-0.6024544176966918
-0.6691027071972043
-1.1291049743421522
-0.15054647325535836
-0.22519002809406516
-0.8695496274500475
-0.35496366462836615
0.008803202115599902
0.6385866304705381
0.6457690596916352
0.6690398941588739
-0.7442708706846609
