0.03408563765795597
-0.5695845707569888
0.09923534612878154
0.4559177918120582
1.0541818411155497
1.0477578976171178
0.927736432200627
0.2749890738982473
-0.24921257042633113
-0.8544677588746651
-0.9236392122910067
-0.8330281574415315
-0.21894394534214837
0.23886903313375865
0.8303227495796932
0.7361517712171187
0.6630998851772051
-0.7201431181440988
-1.063539118646662
0.04972053989628762
0.4521508675753448
1.0451297055272484
1.0075923736848407
0.8230515156267827
0.16534960342545732
-0.3575746567649107
-0.8939459111516572
-0.8912487427555459
-0.7284974589825209
-0.03832691564239997
0.3835743416650596
1.2464459287013672
0.7928756751782893
-0.43657160484349455
-0.6450993141223783
-0.735849106420716
-0.25256193174341063
0.2640512903408385
0.8614958169452748
1.0932707884158461
1.0416406628728758
0.569534776175635
-0.012403029495735539
-0.6036527252622069
-0.8736527194019637
-0.8182240475851836
-0.3716038232674545
0.21288210432075563
0.7856686453214946
1.0575412993080444
0.9879396102952898
0.5428349681079947
-0.053006066761441505
-0.6244405043453307
-0.9057146760541843
-0.8347931708896996
-0.3976780033037887
0.1995527561981279
0.7640525622748642
1.0468808441528188
0.9698339316531833
0.5345417651432545
-0.0681798582301866
-0.6304525023239735
-0.9182644791794212
-0.8383878316584156
-0.4076659180027832
0.19881120349177134
0.7568606583248602
1.0499384369077056
0.9661497195691183
0.5434050854883943
-0.06665121114938234
-0.6110422300768005
-0.9071568146545991
-0.7938743873451092
-0.3724018556245436
0.3649265458475058
0.9255609036880543
0.9767815340886479
0.7374119682302547
0.1712050251209132
-0.42005707698549327
-0.8733709604188342
-0.962479496684517
-0.6963520998526447
-0.1387148358689429
0.46542642974368237
0.9137944666067208
1.0106694994265186
0.7406910878414039
0.18835562376642584
-0.41917762502796335
-0.8636166449761017
-0.9636595002538559
-0.6905882795383769
-0.14130701773131568
0.4687789232786248
0.9102147322079188
1.0124479040182386
0.7363829394197939
0.1890435386393796
-0.4240582285715086
-0.8637235642751878
-0.9690215196438242
-0.6913028256519214
-0.14710224259614785
0.46757695034401925
0.9040043544395475
1.0108345995170853
0.7297524490308404
0.187064004219444
-0.43113307449312155
-0.8660476837872854
-0.9765828235019166
-0.6939692509233073
-0.1552103092385127
0.4645528569182926
0.8952690839474733
1.007419679021475
0.7202857712532957
0.18320536767260287
-0.44146481911527674
-0.8704265984784552
-0.9879512308110703
-0.6989752368575725
-0.16783740515854367
0.458772464744799
0.8810922794181734
1.000660932166112
0.704171111685145
0.17518232385948368
-0.46004644649418175
-0.8801230128144727
-1.0097406932400594
-0.7109463508502811
-0.1939067614700899
0.44361144935068125
0.8491269625312842
0.9808542369622962
0.6637434606019054
0.14827871585461125
-0.5133021359680816
-0.9185756576998454
-1.0839987997349323
-0.7699416385977867
-0.3068790000544778
0.3426911398371682
0.6476090478621077
0.7698613079543045
0.08447406662004399
-0.6571777162789549
-0.7491892690913672
-0.19450420347837868
0.2503246438363763
0.9165358163037554
0.9182404669116413
1.0269033286398628
-0.30865396974980763
-0.2700067623763993
0.9815166427373783
0.6965053870667735
0.5207487891421148
-0.20905073907905217
-0.6384032781022181
-1.014561968054033
-0.8552089446782835
-0.4849706513606218
0.1717238632160312
0.6944529654395196
1.0156634955898685
0.918949934087474
0.4983951555152569
-0.10275587569355966
-0.6812670146647067
-0.9353287975719562
-0.9150469840454705
-0.37215606746808055
0.08947861813373009
1.1975439828294292
0.9525968212460054
-0.4723279808999754
-0.6177869219140597
-0.838260772033822
-0.3097248276595375
0.12990761906848847
0.8123489823816767
1.023241544160678
1.0760610307372178
0.5829892755753696
0.06621987539945105
-0.5933994707428644
-0.8491990284505477
-0.8858774288783436
-0.42224962131355737
0.10664256749513921
0.7455795850162152
1.010868408841102
1.0324103101498237
0.5764357580211408
0.03622015222208257
-0.596405484777065
-0.8702117883809436
-0.8864610227631194
-0.43681015295134495
0.10789930129678003
0.7360188967942555
1.0136739330998084
1.027013643362458
0.5806751869000882
0.03454558780905199
-0.5907215400584297
-0.868317978227239
-0.879214104006988
-0.43125256415860397
0.11694086441928789
0.7455949704706227
1.0248828779252066
1.0412839914971241
0.5946239216813081
0.05464367613076587
-0.5731498573937781
-0.8405297767890606
-0.856611807004973
-0.39263204262308427
0.14694389907456168
0.800680715926738
1.0666083411289393
1.123980795491421
0.6569138556824139
0.19080147918466286
-0.4687045981554878
-0.5708508308240596
-0.6378340477001532
0.5585938452925956
1.0370749608309997
0.2035982110864327
-0.23848586752775328
-0.865160826808358
-1.017703467384208
-0.9332859774317754
-0.4297333945819906
0.1379729828240075
0.5256467169957646
0.7004846417963378
1.1820288507033494
0.5175632866355284
0.47319340595109055
0.6681931937421154
0.07994577929911902
-0.4503453644855635
-0.24889565609370876
-0.1945158590871805
-1.0752066868896735
-0.6382703152350573
-0.5579312453889941
0.9873213204622372
1.077448576820785
-0.14926752922157804
-0.5807128089972888
-1.0323022375340087
-0.9123596131767783
-0.5644922575818928
0.07639146610857245
0.6159512017587196
0.9596637563229117
0.8901179450763692
0.5011589335212072
-0.11041045544002091
-0.6700216871224732
-0.9944996318696435
-0.9361085492104076
-0.5335190468613997
0.07131887036177097
0.6411218731992226
0.9613107049386374
0.9108487199367364
0.5054228701079395
-0.09305415750975334
-0.6647795974573888
-0.9797386116102204
-0.930598280849244
-0.5207842341203773
0.07678046469606715
0.6522522358333415
0.9665863018639632
0.9206931522201997
0.5104612376288372
-0.08425038724934387
-0.6599872889349103
-0.9717830224923251
-0.9260398729233967
-0.5135229655062672
0.0811272960546371
0.6589444147272303
0.9707485034761048
0.9269200305594144
0.5144675679464337
-0.07840117841990897
-0.6561076136818424
-0.9662360365065186
-0.9222577332351212
-0.5082118733724428
0.0848408211555394
0.6640792637388899
0.9744223042546318
0.9319336220423188
0.5181308477626039
-0.07345678583482629
-0.6524248603979989
-0.961310126172963
-0.9185241178941609
-0.5032535315444072
0.08865882462283196
0.6691227469789689
0.9783612801717566
0.9371185297302591
0.522231599380455
-0.06806849625067787
-0.6481158140160626
-0.9556481984973374
-0.9139525623072996
-0.4972359754334255
0.09355748668773413
0.6755943421011443
0.983665778251688
0.9441656324699634
0.5280401795722787
-0.060291604332628826
-0.6416774113464999
-0.9469395275556729
-0.9067188646340864
-0.487322105480714
0.10181121088545808
0.6870979114177372
0.9932561242646956
0.9578246920625683
0.5394330129931852
-0.04359644945154287
-0.6277594176276968
-0.9257344476295486
-0.8890802224082762
-0.4588820180131553
0.12529973491100305
0.7286218480229864
1.0265242499646525
1.0287485776291274
0.5803704037981638
0.14994753826073032
-0.30196158593984695
-0.8236306951765229
-1.025303591627965
-0.8767338758385542
-0.39338510766119295
0.2292855956252285
0.7624505959578877
1.0081775437780867
0.8664278402535086
0.40756956908669156
-0.2090278361580365
-0.723287871619578
-0.9623647107702624
-0.8023486197259131
-0.3352591202656848
0.30240950936833494
0.8278706834930665
1.0953827536915355
0.952217082475131
0.5305828418082491
-0.07794130117870741
-0.5098919639007112
-0.7125392023209282
-0.19071738354843515
0.5317640737059453
0.5877785386009304
0.2683189992048171
-0.31187392208977716
-0.8304736070714093
-1.1293620451191182
-1.0353099684764844
-0.6176170517765014
0.006107956368922203
0.5695759325814411
0.8907365512944639
0.8221634631944317
0.4184481412934494
-0.18922413686309733
-0.7427958769693649
-1.053316712747281
-0.9770992809919253
-0.5662371215492416
0.04777494785249922
0.6060165834058913
0.9221345299717978
0.8486745713321291
0.44304526996062843
-0.1698124760680845
-0.7228936410660068
-1.039315423675736
-0.9605065635259443
-0.5566179577346432
0.06204736010199764
0.6118598261022334
0.9348674451005337
0.8510464394997468
0.4549431919901182
-0.1708556907114326
-0.7110766941302081
-1.0439588290468793
-0.9477954262343001
-0.5653240117807397
0.07716321234155035
0.5982644123263466
0.9551419621597378
0.8312183808130844
0.4862900614936723
-0.19897003851402925
-0.6530705532523811
-1.0829122631134935
-0.805719974365414
-0.6125012804323254
0.8038489842204701
0.6833967639135723
-0.8014313506024252
-0.6904581964875883
-0.7235394312343177
-0.028571345679649682
0.4073124690582732
0.9728154185592605
0.9547198387042691
0.786628393152098
0.13731962687281643
-0.38827544018540056
-0.9273069907196205
-0.9599032265714308
-0.7753011608934747
-0.15837576308652346
0.3777312386399009
0.8944465243087337
0.9335153238717535
0.7327105219678868
0.11925754973209661
-0.42908972326346917
-0.9447860494205179
-0.9934237798149531
-0.7938186898557517
-0.18811353219021348
0.3568022365367912
0.8659464221120412
0.9086435153697483
0.7031434168019535
0.08833273206009366
-0.4624016778503818
-0.9851616853753519
-1.034429829201206
-0.8499431838333228
-0.24406355095632912
0.271031866227335
0.7779596074516942
0.7521898650923795
0.5162180589074451
-0.40425354702173344
-0.9303285550436238
-0.8390833106044158
-0.45203334550846136
0.11968066726333855
0.6700431286120154
0.9315107984545792
0.8175941974568406
0.36077532657353567
-0.5757055731017177
-1.1583931045427756
-0.5834309987925057
-0.2891596654199381
0.5231303089229178
0.7675882473489173
1.117711482931756
0.5796816571995752
0.32047787733519645
-1.1288262076457694
-1.0432530637448447
0.20744802557017175
0.6586360682705938
1.0037294573696716
0.8640115186535894
0.40301213662321467
-0.1742121667474746
-0.7499770389770305
-0.9219129803302681
-0.8683979047343897
-0.2929293278791607
0.1956061853005859
0.8943758558680116
0.9331441375626001
1.0745759204041407
0.09428712778743568
0.18977648949140463
-0.29542069094922285
-0.3391605392150959
0.6560242627155941
0.12221935265175057
-0.19429193200430422
-0.8949438056131822
-1.1637126347975064
-1.242873809088033
-0.883803301505292
-0.32529022380985945
0.13710595473178477
0.5304100432336606
-0.2578299568299234
-0.5758337046973614
0.532392301633313
0.7666216730379997
1.1671836989329087
0.8241636058300463
0.46866561557837955
-0.27894506696800797
-0.6885096640873917
-1.006932542431369
-0.7505226977651311
-0.3536325557944776
0.34123589796793413
0.7774775409740998
1.0602366824956444
0.8230441517527404
0.4006221371684819
-0.2795830388378171
-0.7345465506534665
-1.0057989124982045
-0.7821122831108159
-0.35063707604523475
0.3208715286198363
0.7826849042394192
1.0512596686231566
0.8319377626784709
0.41017805977726496
-0.26106348566203086
-0.6438685187184847
-0.9265505550027949
-0.9074132744771376
-0.5108080405031069
0.1034026952548914
0.6552261583863181
0.9913479452554367
0.917923953831641
0.531939007422078
-0.08971945402810605
-0.6382165612203543
-0.9749600793648291
-0.9006165587794347
-0.5128689810158932
0.10882313616137987
0.6603605607851223
0.9969256455906571
0.9266322378894556
0.5389056557051569
-0.0776064687163356
-0.6285496978037141
-0.9583122954774217
-0.8863416333763471
-0.48902948604971636
0.1311969239616441
0.6974326291405896
1.035278158264845
0.9941001087829122
0.6173991353074536
0.118515884984532
-0.3453809953618388
-0.8513549864625369
-1.064990709944501
-0.9486855693942878
-0.466720910630398
0.13681524829154443
0.6977254695446827
0.9445485320733826
0.8423295586891638
0.3762129973960803
-0.2211388883995095
-0.772451633787381
-1.016143148129248
-0.9073272623637147
-0.43958717327003777
0.16267607688344934
0.7147595371241744
0.9623147018272126
0.8537430899430515
0.38916746117196216
-0.21319748184575765
-0.7626082121532638
-1.0105036865795471
-0.8996192469734429
-0.43555523447023786
0.16885089499031766
0.7176225503106347
0.9673492859856213
0.8557276439309014
0.39332977084068826
-0.2118917561002428
-0.7591287588913328
-1.0097354864425787
-0.896684629786249
-0.43522216709529427
0.1713439237098573
0.7175960681681859
0.969479798529317
0.8553981954432278
0.3951596582696197
-0.2124813968050848
-0.7575500236314884
-1.0105528175584217
-0.8953166500450028
-0.4362424999738221
0.17253488473921846
0.7163913465837923
0.9705226238208491
0.854022864158529
0.39607978035901714
-0.2140175013220365
-0.7567294782286634
-1.0122431640198812
-0.8945738697417928
-0.4380834159281629
0.17322131913749025
0.7144009708479502
0.9711746694507037
0.8518817457556747
0.3967209490206626
-0.21631298306489333
-0.7560729249581106
-1.014699031088943
-0.8938714274694771
-0.4407082932636346
0.17400635609905027
0.7115954709136953
0.972087879745062
0.8488803694682993
0.3978205508591905
-0.2195302189398748
-0.7547106027471383
-1.018158678416763
-0.8921437629542077
-0.44444669754393573
0.17624089712140883
0.7075262233435451
0.9750298773689386
0.8444007894588552
0.4017630318917659
-0.22455162418690414
-0.7493241357210563
-1.0239620863713328
-0.884612699021938
-0.4515268960647445
0.1870844081552529
0.6979839643807842
0.9912737925659076
0.8289022174226331
0.42751298147329536
-0.26051984181142523
-0.7048620700612144
-1.2246539243908892
-0.7999999111159459
0.21266018801757539
0.6238141907168802
0.9161857945717091
0.6708833807502534
0.22434265383689406
-0.42887365294843466
-0.8889404389676981
-1.1015652726213683
-0.8803279196570479
-0.3984989743264864
0.235568917723803
0.7150621430964464
0.9087490211209852
0.6993945390401262
0.19571767499973095
-0.4305147967860611
-0.9386872037324414
-1.126458314781888
-0.9599659351816056
-0.4498642660024209
0.10096644344074633
0.6217517328838308
0.6357310419879006
0.5108928185342307
-0.8427899037803136
-1.1035599887929697
0.5349593199103141
-0.250938905360449
0.15107162857695847
-0.28160308070515144
-0.5598791361643782
0.3367650652329247
0.7365085401428851
1.1313040702758423
1.0001114428055635
0.6328542920153729
-0.01599078685581071
-0.5641528558951401
-0.9168133809241152
-0.850532125109161
-0.4706362683428791
0.1431729837426748
0.6949615344079377
1.0267316864553235
0.9604760644690519
0.5675805128778663
-0.04789246914171191
-0.6077274589828285
-0.9420753195422745
-0.8804336012051872
-0.49070468915216053
0.12276427932514429
0.6789588751137379
1.0134798341560127
0.9477210755980349
0.5601591419237497
-0.05799309242933742
-0.6100204980250138
-0.9499681769789597
-0.877858380480488
-0.4967597563520407
0.13031586560708053
0.674368371951127
1.0264823502909044
0.9440924671874389
0.5795167691240771
-0.061550266460193716
-0.5828341059904028
-0.9553635585660877
-0.8405595175128527
-0.5087334934397161
0.18114916765127193
0.6418367389129768
1.0953482814649838
0.8353754789603788
0.6659832719877127
-0.7521107302311391
-0.627926065764468
0.8850159030452973
0.8138187691731185
0.900401121816023
0.2691304611341576
-0.07019683899427252
-0.41367350196551245
0.07639928776868317
0.04575578573587189
-0.3872809464528019
-0.9489691658329366
-1.2130274007960162
-1.2316079500413357
-0.7915781417065396
-0.23660711479612412
0.4148048946356068
0.7390603309072173
0.7945028571180122
0.3899494025487403
-0.14681430234746762
-0.7761018855235182
-1.0908684597592655
-1.1328640764319002
-0.7236605023702672
-0.18005914549029417
0.4508004011369931
0.7664451048691715
0.8077898389325749
0.39293687051135634
-0.15311993814478123
-0.7985680956410324
-1.1182360443147803
-1.1901068306996405
-0.7803971764111954
-0.3062199837547238
0.3355762812049445
0.32287263749993955
0.42469099334135624
0.8796739343742314
0.2621920274633391
-0.6035787819386723
-1.0158021738674974
-1.1603078433670369
-0.8639484150581414
-0.41800200675914323
0.01121016288657944
-0.03489137219919945
0.1819345960450832
0.7146132851673023
1.0736798127965446
1.1190429630741225
0.8043101793184456
0.2195762251373576
-0.39616022565520687
-0.849453653261414
-0.9338659829994241
-0.6654096490894585
-0.10402701638649205
0.48338671715667075
0.9207887616874365
0.9856481670528133
0.705423584396014
0.12941050824366057
-0.4672764297851526
-0.9163127841928951
-0.9888498325355369
-0.7183520921041057
-0.1489669076923654
0.4392249258455944
0.8823244948042411
0.9471426702840091
0.671144944318417
0.09448377540477884
-0.49896670650765773
-0.949166090361572
-1.0191659621540656
-0.7503275894378231
-0.17892387571067683
0.4070760415455373
0.8517848862175036
0.9137900313993276
0.639049103103546
0.05880255534322208
-0.5337341998684406
-0.9885308745699438
-1.0580051774220633
-0.7951545241754768
-0.22373743191502757
0.35426798094703976
0.7982178511328021
0.8491635470453077
0.572363734685768
-0.02396877355650723
-0.6209838021724087
-1.100954008858669
-1.1799544306290923
-0.9613291336328358
-0.41182267473327555
0.06978025350554493
0.4512688037188059
0.10350885913916984
-0.5309440577167863
-0.6085562340970526
-0.2156409025030226
0.1159905968900351
0.3947138850450119
0.8607493601655868
1.1970262658651338
1.2053448400863633
0.8587466668065148
0.26203981982304786
-0.3519604800384754
-0.7786469839561853
-0.8351906717603167
-0.5348678677847102
0.0379104354368244
0.6241298446020124
1.0393586577381668
1.0786571331768946
0.7767732829643227
0.19449822269073494
-0.3807178176763289
-0.7975542981767376
-0.7985871613726755
-0.48535688621948253
0.28468247726971957
0.927814964786865
1.0030506167604583
0.8338065862447867
0.3015801968222279
-0.036145934403340935
-0.3109573128921826
-0.8354656728623877
-1.2072157949032953
-1.2903105895859608
-1.0035666900523055
-0.5097736496373318
-0.0953672373276603
-0.035378670626664416
0.2768812149958486
0.8119840150001472
1.1110685271512346
1.0955190069809015
0.7036421848072394
0.13059812769265264
-0.4645307375195263
-0.7581837317749341
-0.74398837454087
-0.04239217098406226
0.6828877896216232
0.6527776064495281
0.3835858098100673
-0.24723100441747345
-0.7864997453109712
-1.2017688537489388
-1.1770233005284778
-0.8869070773237026
-0.3109816822598233
0.1403804251890689
0.32250085256706384
-0.2101263056049501
-0.39579191395421603
0.049295052402570434
0.5797166143287322
1.0162439065846551
1.135154914868383
0.8795230884948542
0.34320353818943117
-0.29349698527103396
-0.7721601955599734
-0.9402022601866907
-0.7099799304648657
-0.2018061379850784
0.4169441094344294
0.8777267135957393
1.0315029770477209
0.7894165691703657
0.2687108569009641
-0.35778231269164784
-0.8306312700125659
-0.988816539965214
-0.7594067167953186
-0.23985496174675938
0.3721390836916756
0.8477037785888808
0.9878124639337984
0.766660384877279
0.2223356472305127
-0.3719360715432863
-0.8857661513249393
-0.9884409318987848
-0.8389923853099449
-0.20136536079445433
0.1602962147656773
1.1243043178785328
1.3048152964094524
0.13897636702583202
-0.273686897882052
-0.9350890934878868
-0.8911733450599325
-0.7676782308449668
-0.09714285678872484
0.38372534112092777
0.9333730003977981
0.9132817492301719
0.7413441571906335
0.07606939889338622
-0.4293202765890454
-0.9849386487279285
-0.9766610041563608
-0.8197337510153286
-0.15761083915786492
0.3235372832296847
0.8834650384303566
0.8395679113108567
0.6950205499314936
-0.019005119644325403
-0.4770165972085564
-1.1155975024245277
-1.0311913653797227
-1.0171723834542838
-0.22808530291579612
-0.03271336352581659
0.7747039954045676
-0.2844394493040891
0.43773611343268687
0.7362938339837874
-0.7984995738705727
-0.47134682444588133
-0.44234684088269977
0.3211386394594688
0.6984143820680111
1.1407046253716968
0.9759845967296844
0.6597124565905288
-0.028081719920263596
-0.5508194711545498
-0.9490016937424034
-0.8772871063617067
-0.5319717259494099
0.08705074057172407
0.6305475936857217
0.9713420901810615
0.9154108324100633
0.5158965268875693
-0.09059886121479008
-0.6935574385633623
-1.0245610503335296
-1.0498365385091515
-0.645852247409547
-0.22345324684259255
0.3402906780209515
0.47515954643336283
0.7135040691370944
1.0812023971427938
0.8274571245070681
0.3449873248560164
-0.2825601003094268
-0.831841515356287
-0.9691544922942493
-0.9213200463499889
-0.03245589422739954
