0.09128122075157172
1.3865235827140705
1.2076538627221567
0.34800572264040847
-0.26378432913189725
-0.7659682541519478
-0.8801632858577555
-0.636856385922576
-0.08383868508657676
0.508057189302979
1.040132812411842
1.0999839235030342
0.6119453880383818
0.053817027857494946
-0.5731182443924517
-0.8996795869097507
-0.9173971386164321
-0.5209834173541978
0.044245744616570507
0.648007938660363
0.9759282496458468
0.9815672975413731
0.5845959990980755
0.01153230370740721
-0.5936551688167359
-0.9271682115011072
-0.9347368959702383
-0.5419393695170177
0.028820433473491846
0.6308479923917065
0.9617142470612117
0.9669180538908769
0.5711099111240517
-0.0013393714467841277
-0.6067989784465314
-0.9387363182371508
-0.9478860041659545
-0.5525395719708053
0.01531584716170039
0.6209598665090501
0.9474634348322911
0.9575345464310411
0.5556354514890757
-0.010394066034601792
-0.624128458549855
-0.9476097830447894
-0.9679668216420868
-0.5613298033623987
-0.008878834814172705
0.6122984075797637
0.9169260499890358
0.9495495227771105
0.5147735981526699
-0.015092776612184536
-0.6833262176096134
-0.9349097501600733
-1.0649097232321765
-0.36450214092682764
-0.2145139821518153
-0.358008997581429
0.3037224947470502
0.7432217124562274
1.1124601243347423
1.0072108624129206
0.6379209508237365
0.0029768973814796595
-0.5544707724316474
-0.9025293829928475
-0.8533723193443907
-0.4621482743925451
0.13754383985318822
0.7230105228945208
1.0440339473799476
1.0373038151686838
0.6207859315929637
0.09742575819801327
-0.5178302955280729
-0.6612677369123253
-0.7009633632024507
0.5532912784493459
0.96619726295792
-0.2778236726237612
-0.5726201909490455
-1.1979710242652757
-0.9937616090810156
-0.8473658299037773
-0.0759147834835718
0.28139354889963164
0.8396967164649084
0.5144947637863458
0.38989117319364053
-1.1293290142664838
-1.3012508775829679
-0.31759534526659083
0.18423670343936288
0.11367391082761168
0.11856031224971574
0.9824189824203234
1.0443695020260562
1.052655591453807
0.48489605200385993
-0.050133509012793495
-0.6772431328688667
-0.886314698191355
-0.8380468127241187
-0.344088459426319
0.2176850758480565
0.8000538928032275
1.0246212626355014
0.9463904787626181
0.4623341456363133
-0.12081197769403218
-0.6964877572015724
-0.9369879949263217
-0.8540775093770658
-0.38229488679062584
0.20418560585530526
0.770163480525508
1.0130548257133167
0.9223255683695779
0.4522462744754326
-0.14064168159654594
-0.7054349388547534
-0.9536477246622409
-0.8621372103602385
-0.39652608081889507
0.19682023721591066
0.757828045920129
1.0062332329630845
0.9114924576742817
0.4458482711346012
-0.15027010335890795
-0.7115077916070076
-0.9623016374689716
-0.867967802803413
-0.40438725079550025
0.19115998786208474
0.7506131067857795
1.0006788898018972
0.9048031474329842
0.44034009536173113
-0.15653529522176046
-0.7170271776874276
-0.9682302556495186
-0.8735555073473296
-0.41005686274798975
0.18544511679624295
0.7451316727758014
0.9947741884662955
0.8994430313130422
0.43417678987198066
-0.16183951268950905
-0.723526659672226
-0.9735450318072605
-0.8804808399728365
-0.4154523155103445
0.17798794037637664
0.7395787845271248
0.9866573009732099
0.893645702676302
0.42524293220553955
-0.16798312255224607
-0.733474568432385
-0.9801576898410177
-0.8916945326453876
-0.42268607354680177
0.16518044530866643
0.7315307811557898
0.9718192460440164
0.8845320968800128
0.40777857913752286
-0.17849730556981833
-0.7544006054315787
-0.9925295248555708
-0.9172925117114035
-0.43755377723848216
0.13308653762419492
0.7132581068529315
0.9303413487571108
0.8615496302114293
0.3520407529294028
-0.20798408665057322
-0.8333875081599095
-1.0302505425982873
-1.038420998221293
-0.4779578167822986
-0.08005712380209172
0.8319357660035539
0.3805422788770896
-0.674285523797965
-0.42473736414727203
-0.17288378201258467
0.4654948649448909
0.8725934235776055
1.2143418152243752
1.0508964742245164
0.6672297795295073
-0.000727515782788231
-0.5241454508585797
-0.8686032595128698
-0.7581294643764008
-0.3734923160749703
0.26406451690216814
0.7896736870621994
1.1162683390204153
1.0087342760098141
0.6149031413553546
-0.018924606718565714
-0.5463205103071437
-0.8680606390983665
-0.7542946638530693
-0.35374658920843416
0.29751079193775104
0.8351081025246981
1.1947731879683092
1.098933078524604
0.7896165518971843
0.1796018277661981
0.04729093419923402
-0.10687803616965698
-0.7052461766489391
-1.0197379504633384
-1.0890565453229974
-0.7327946046938705
-0.17436884182018536
0.45990814393227825
0.8683844214401508
0.9546670641610611
0.6408854155376256
0.09222998886512272
-0.5181403068890746
-0.9201928648124522
-0.9913912556321304
-0.6730018779448976
-0.11412686570183463
0.4997607541965617
0.9090837459983104
0.9830973504733507
0.670068924539618
0.11353404285587294
-0.4962899709663719
-0.9036058107361727
-0.9744699738948123
-0.6596733816202606
-0.10065150856586738
0.5107668389765676
0.9200792443475811
0.9924110053499716
0.6792421573708234
0.1215965686175793
-0.48847424833358244
-0.8964739641725603
-0.9676719585642464
-0.6532314074740968
-0.09461450585567971
0.5167063092925495
0.9255557815868458
0.9979993288582097
0.6843207852202497
0.1269612614813467
-0.4836561150529953
-0.8912202013781709
-0.9629923686906112
-0.6479834512412428
-0.08995905869969477
0.5220524297281276
0.930301129263649
1.003552858264284
0.6892771135177769
0.13284399012780437
-0.47835208833611864
-0.8848647563463514
-0.9571771455487501
-0.6409773794947851
-0.08342662739149839
0.5299401733765134
0.9378230889530438
1.0126358708656302
0.6981654129352665
0.14356724328469966
-0.46755123446254215
-0.8718389319277363
-0.9436305774325281
-0.6246069922920958
-0.06578475794261246
0.551410987137054
0.9619195209390011
1.042450463219156
0.7332943145974252
0.1885826671850125
-0.41098869036769403
-0.7933097567779409
-0.8343045580313847
-0.42040561070692184
0.30107721470766363
0.8188633102177156
0.8413629182721183
0.5298437930781615
-0.05803708875021783
-0.6204707202810746
-0.9990836424975029
-0.9854055919029799
-0.6403495114758929
-0.0354185770660543
0.541879487806691
0.930877381689103
0.9249383644882759
0.5871852523457025
-0.01366076664995552
-0.5853003502496442
-0.9724773963050379
-0.9618244547978794
-0.6238869808929824
-0.018879936256747214
0.5515820247560578
0.9426147175140694
0.9294919049605033
0.5952827485207725
-0.013572223552034758
-0.5802834636134653
-0.9767873476642955
-0.9597394421451233
-0.6330809038763134
-0.01993740445094386
0.5363539848488571
0.9377957945754198
0.9060694947989251
0.5855168314364876
-0.04916269479116369
-0.5970467759567116
-1.032281200512755
-0.9867125296805215
-0.7254904873966389
-0.058902836448364665
0.35970197320547387
0.9742286235672686
0.3894551297253854
-0.6236227836933177
-0.5385677234830482
-0.3233357492659332
0.32282356129721346
0.809298787800509
1.1947193916647432
1.1004946624647125
0.7681200129340522
0.1182282070805299
-0.37679457201721533
-0.7722986649970605
-0.5731868797277117
-0.27742858416401145
1.0667855438043223
1.3585459014901953
-0.07326157711828524
-0.25874765168036984
-1.1611351095561326
-0.49036683285682203
0.4336886919962746
0.9218064140896275
0.7950623593061137
0.6632174677793091
-0.5981956074546336
-0.4401527971313448
0.7773164438328771
0.423461268890738
0.209175747763475
-0.5208731079952645
-0.8669761184177054
-1.1472174452607602
-0.8526143277538829
-0.42414231841537636
0.2774415278784155
0.7218220109094143
0.9865881261005047
0.7485930961362066
0.3116613923540054
-0.35337211517782213
-0.8016602346755239
-1.041263564642914
-0.803671031059401
-0.3488546183282541
0.3189750862794689
0.779971268429518
1.025796930127939
0.7967556514524704
0.35238123427823753
-0.3108096362675701
-0.7555118557254307
-1.001236947266125
-0.7468518207558097
-0.3091501807925243
0.3951407105026577
0.8196605879041433
1.138655815498803
0.8242485806477253
0.5461968520708105
-0.5064373851765521
-0.27818051213569084
0.6117394504868422
0.12714445279046613
-0.21788188144653411
-0.8850846029979775
-1.0952807869526495
-1.150552271085801
-0.6735849333453056
-0.1463569648830702
0.518283457185209
0.8049471388885452
0.8619013962769972
0.4222247786167879
-0.09972534057897556
-0.7475274295443142
-1.0251905047645886
-1.0790828260280876
-0.6257347538860805
-0.11258120056157679
0.5557416056913169
0.8115789335069749
0.8975503099271404
0.4043569491906427
-0.05364375971614754
-0.7930961414494295
-0.9325873286646669
-1.1629062839247755
-0.1905671357705869
-0.23533515783823913
-0.5493562537787294
-0.10093686555406131
1.0762021966383932
1.1495194440168275
-0.39909514094038245
-0.6289895746574892
-1.140502655063674
-0.7571390706995104
-0.493987463866735
0.2563732848382189
0.48602159335181044
0.7331980960084522
-0.07397994724746002
-0.6117843454349223
-0.5124795966697862
-0.02502949326411135
0.4999807734337927
1.0075782354283247
1.0845272617254822
0.9117871617646767
0.30833478045809837
-0.25015596871548484
-0.826176949121998
-0.9182345403190846
-0.8103668148782692
-0.2083105805728663
0.2602615878812783
0.8507123729728809
0.7612150789175752
0.69653376761242
-0.6976933068247992
-1.019902505708595
0.11245573935339803
0.5256581071058037
1.0953689142710734
1.0625605518328045
0.840996278061645
0.21282613073182244
-0.33850458674580286
-0.8019876960954202
-0.8328278320790756
-0.5597112793279446
0.034084896485039505
0.6228664210355099
1.0679100085782478
1.1367697799967682
0.8568981731898792
0.3158000276508376
-0.26669314507461367
-0.608554644578251
-0.6440104141387559
0.057722730250308246
0.8001699403073876
0.6741864869756008
0.381350801376175
-0.26945920887600444
-0.7352131708607065
-1.0639052450634057
-0.9037826134674642
-0.5147105150857426
0.1562127966867518
0.6643067873189552
1.0087745621995903
0.8705448193407367
0.49712355065608244
-0.16268185777959296
-0.6527097313842821
-0.9932934094818716
-0.8319724717370842
-0.46082306084589597
0.23108360994208318
0.7121394784644419
1.1016611549012987
0.9220962952384314
0.6360339588824693
-0.09034613979090397
-0.3830724553644214
-0.8449450422077498
0.1852253864031816
0.23045087729187821
-0.9559661855712092
-0.8887469315249386
-0.855365450712272
-0.20594154456629815
0.30257528999989125
0.8658423734770602
0.9445209708887371
0.782234789095655
0.2036843640633844
-0.36060971529947516
-0.8815544990323196
-0.9911704453883033
-0.8006458049628721
-0.24163175809391804
0.3428870204621141
0.8504583158226567
0.9752983365357223
0.7750976744393878
0.22797763306691474
-0.36383155223274394
-0.8618364449618136
-0.9923425903592007
-0.7842644926659816
-0.24165777644175054
0.35676630926367076
0.8511035418135015
0.9872578371794507
0.7761493576073922
0.23843579011321783
-0.36252762863882204
-0.8525710076912046
-0.9908791773250066
-0.7759589562367509
-0.2400919797731749
0.364291087895478
0.8527359567125486
0.9941421306873329
0.7778256792214506
0.2447911533911228
-0.360822057536097
-0.8466546253726092
-0.9891541032228092
-0.770408138308925
-0.2383543127745523
0.3695368957548194
0.8544806829209599
0.9991333013524911
0.7795721823067234
0.24956984020797587
-0.3590797864152717
-0.8420530681874314
-0.9874237745260502
-0.7659541639986717
-0.23664644468881546
0.3738676541293769
0.8561513766101108
1.0033603191004001
0.7811849233372727
0.2537076353755293
-0.3575544835639554
-0.8379954128838528
-0.9860279806087854
-0.7619740069918085
-0.23544069289484093
0.37776478762632565
0.8570788911169132
1.007157999826941
0.7817034224147733
0.2573743924529892
-0.3576435857154679
-0.8345119529254541
-0.9870359155265
-0.7587540488922863
-0.23787620199728057
0.38061129044948666
0.8523353234595461
1.0095289046074116
0.7729999871437945
0.25945859649759434
-0.37380815491845104
-0.8300225205480745
-1.0198464394490476
-0.7081402641071334
-0.3300695024272962
0.05531006905029784
0.6801224213389641
1.0040986202231261
1.0520234430131972
0.6730836272733657
0.11530152029785574
-0.5043318389360268
-0.8643295039336011
-0.9077052561338051
-0.5423430966640599
0.019615039461402403
0.6343172242904316
0.998426106297467
1.0417279313792511
0.680657308075896
0.12225497130339408
-0.4877370023485954
-0.8448191473700588
-0.8826981904207474
-0.5105209918931192
0.05445655553755623
0.6812401448303163
1.0468209744414143
1.110764976075697
0.7505962528333401
0.22990680842433098
-0.3773291060910316
-0.650306597635079
-0.672580064582402
0.06385297139674674
0.7788308593779888
0.7770284354392041
0.48407188322457173
-0.09838385331303595
-0.6369686623127415
-0.9662373335757761
-0.9190767644077691
-0.5149574196931453
0.09432267237218663
0.7100254873094437
1.0640096337281693
1.103779143288985
0.7321122102428762
0.2756201319331966
-0.2766236054806775
-0.03677818715914815
0.2154986068620183
-0.39200224036661824
-0.8083775568784671
-1.2040936894881744
-1.1088578103245132
-0.7805209339797635
-0.12203740195778164
0.4336432847855732
0.8590290074711032
0.8284145794245702
0.5217009792773992
-0.10017981306087595
-0.6365490517167277
-1.0397797581250037
-0.9888804121502669
-0.6695576857069876
-0.023162077636194767
0.5172007650097006
0.9543888026156128
0.8952787647311523
0.6311299332310598
-0.054508965025855165
-0.4802029114247612
-1.17337743358168
-0.6528769242748184
0.5112783469688901
0.6378712261278952
0.6518445435748924
0.09093251869209715
-0.4014618980699117
-0.9918496639299812
-1.0348892270767442
-0.992124186049279
-0.502951332096519
-0.012369710699201505
1.0704245579739673
0.8970328878629601
-0.5859789746674902
-0.32064761766236893
-0.6809662586267067
-0.9082351135398318
-0.6312354299050491
-0.030781839412634043
0.4913689619214698
0.938368232297906
0.8805968447980368
0.6284189706713446
-0.05851615800905614
-0.5281566321373352
-1.0654777839018956
-0.87358950799428
-0.7863414432234054
0.568817558023925
0.42721184620291774
-0.8519365220842783
-0.5609456099008296
-0.3839783942583058
0.343626679686412
0.7404906240292813
1.0907771287952994
0.8800002182428258
0.49779082868685326
-0.18840358288494247
-0.6774784371840388
-1.0021194524162262
-0.8438333892574853
-0.4439866224420602
0.2084080894583667
0.7105070535329362
1.0116622805156086
0.8635190853379574
0.44649192515744485
-0.19765902932785662
-0.7127919541736996
-1.006998537990318
-0.8690047873189777
-0.44592608978431325
0.1901788759734124
0.7107462644869352
0.9985088509439398
0.865543607111465
0.4372968674805065
-0.19401341175193237
-0.7186788820354144
-1.0017269563197115
-0.8719033707886121
-0.4388706733048941
0.19022515060748924
0.7199138670560442
1.0017405904611525
0.8773774286566532
0.44431531781651407
-0.17862015998865008
-0.7067256339843481
-0.9813187838038978
-0.8529118771422532
-0.41097117083859236
0.22025594813859972
0.759836236018381
1.0511713236298492
0.9385943399766066
0.5337796018705669
-0.07344157519475113
-0.5076355484508005
-0.7554941117178298
0.004413114823108515
0.5549442313563628
-1.3051068039061133
-1.2279392611419246
0.04678716671047431
0.47959269990593073
0.8557755155813894
0.6744673118653866
0.25827337504635395
-0.3513063008460039
-0.8743986011600825
-0.9326710560390018
-0.8915746404543455
-0.9246245412973667
-0.3201135993905338
0.20213621091564882
0.6895825953598217
0.8646980385434085
0.39627145870244396
-0.7252551058678344
-0.7449202987302191
-0.9608959890461763
0.11502726177075925
0.0310262329994776
-0.6147884054406221
-0.0900649603157296
0.3487420616363691
0.9331799935206837
1.1126394150304968
1.0306424913485652
0.5316102956866942
-0.03759000644686273
-0.6053023881626062
-0.786593602483461
-0.677937913667814
0.07850680297508854
0.7767873872757071
0.8031445089581809
0.5618588848915802
-0.027013286407300854
-0.5864658869239061
-1.01140279597397
-1.0341968968842565
-0.7354898820599276
-0.1411974797173316
0.4405949414651083
0.8681532391575513
0.9007703044548345
0.6029725124354923
0.01234762314847393
-0.5697106679834039
-0.9974600652334333
-1.0313291915113585
-0.7368075874378278
-0.14846618739352618
0.4271502963681447
0.8512920692739975
0.8746284035512769
0.5744645415133244
-0.030900417401264604
-0.6158995665429864
-1.0698161969516213
-1.1113181535031884
-0.8751640814389716
-0.32514613579469864
-0.008845649197357603
0.36328444920492503
0.86829777728102
1.0698467148634718
0.9227529460967551
0.4464789760355113
-0.1841529204992059
-0.723451171231212
-0.9904780259418319
-0.8598076948420049
-0.4176122675784486
0.20177447985325733
0.7171741911332186
0.9739158534244382
0.8224084711390479
0.3678311586834526
-0.27379595253536104
-0.8086137991008032
-1.0950188468922006
-0.9847806761201743
-0.5844214171724581
-0.11587108124791774
0.2040282080680832
0.7117830763950757
1.0508046159453754
1.1240382080935147
0.7616373340857199
0.22702207362840263
-0.4318649755006623
-0.8039100987801302
-0.9306595789602311
-0.5644581000681614
-0.07325278497721616
0.6147321553638155
0.9314452864675341
1.1233621927464543
0.6480406260662244
0.3084685145426463
-0.8893792974459815
-0.5808516341679009
0.7481397031617929
0.5498182408928856
0.3551493399693949
-0.3459349481899334
-0.7784948426963849
-1.1573833324828673
-0.9983850083029643
-0.6439539515859565
0.02738221402183575
0.5320567634738163
0.886327418950685
0.7612716383286545
0.3825962796726928
-0.2772359689694017
-0.810630777243004
-1.1729797212881186
-1.0897234090728687
-0.7464786129633275
-0.1669712030316476
0.2663920885134291
0.3294207768392297
-0.23724068895277312
-0.3280439522649274
0.10204295447557127
0.6608658051136147
1.0669776509312034
1.1914480481990481
0.902790914954815
0.37990407064129833
-0.27053187678412166
-0.7116623792384716
-0.8774043225274701
-0.5982993566587896
-0.09775161239378116
0.5756196614677268
1.0052682011269114
1.1375630582660665
0.8346825774635568
0.3476599063545321
-0.29292169840283283
-0.6135495845345463
-0.7616128690782226
-0.051445392485578396
0.7242448695791782
0.7110965864123605
0.4332212594560812
-0.16342928036338317
-0.7000415524591331
-1.0512139257048625
-1.008202687348758
-0.631611143767699
-0.02466237351750533
0.5571406552981093
0.9122397436038798
0.8953068850725667
0.5196780961987559
-0.0701168674484606
-0.6527323138123557
-0.9954296449074225
-0.9806477432037682
-0.5952913502881266
-0.008898782557587992
0.5819812862479106
0.91987402222677
0.9127293131151815
0.5207620662671568
-0.05790753308382085
-0.6579965119171489
-0.9872945339769083
-0.9934979934937124
-0.590946167928273
-0.03304628845463066
0.5816105990137037
0.8743964108948451
0.9035895943002739
0.41953322033665624
-0.09352106200824403
-1.0809494643698383
-1.2203160603423127
-0.3774612357618528
0.13249935920615225
0.7660352200787084
0.9335872806263481
0.8504753373523877
0.3294922686651233
-0.24053454940469352
-0.8061923585276651
-1.003154486875524
-0.8906348699438056
-0.38725250074738365
0.19879443578032066
0.7527297696566163
0.9593718603718775
0.8385066097876426
0.3412235022757049
-0.2510351505992284
-0.8011572528435166
-1.0125635953422445
-0.8894946208956035
-0.3959354688615325
0.19729150755254074
0.7444771327964524
0.9558233975424616
0.8304453176481175
0.33590047469973966
-0.25910770890544177
-0.8081766574782395
-1.0208317085806768
-0.8982702498925261
-0.40458055580372293
0.18657689647490963
0.7352621040766493
0.9428525583224419
0.8204406713635674
0.3201834662665285
-0.2701658655567734
-0.827378040317894
-1.0332720225888279
-0.9220826799783788
-0.41881610379817164
0.15637084314226327
0.7187399814849974
0.9032673517414463
0.80122229400984
0.26578535989784136
-0.2913672052330324
-0.9077990413090429
-1.0469349504699976
-1.0571852549665541
-0.27691839668483337
-0.16173935333874873
-0.3687661415073694
0.2900442016134298
0.7103253535555314
1.0837988442500863
0.9664681687243457
0.6027701023638179
-0.04636218117329185
-0.6002939758059477
-0.9681933608297993
-0.9159276457736739
-0.5494507953249184
0.05747328182874259
0.6122323938342176
0.9465822743278044
0.893521850052752
0.49478985464786474
-0.11461006133840443
-0.7074037710551431
-1.046444494128421
-1.0504474615218369
-0.6601881760140089
-0.1714557208599416
0.4035782744112311
0.16351898998217876
