-0.33060032417156593
0.8011149682750045
0.3887715271581292
0.1369697854334933
-0.588540606189087
-0.8866795905307511
-1.0994536275181945
-0.7320188007968516
-0.2604493441643511
0.4514378812815561
0.867517726783276
1.0866320184698817
0.8173878990725162
0.37645151730102816
-0.20123716257326307
-0.5303227460691804
-0.29456325453417126
0.4117459079392424
0.16226292631358574
-0.367768314407508
-0.9412070599271788
-1.1845722543359793
-1.167550114635588
-0.6967125548610525
-0.13680939110151832
0.4996063433327095
0.7771691195545208
0.792213638951293
0.34080908246716946
-0.19864320599691876
-0.8258373405439472
-1.0882475855224512
-1.1020794336269437
-0.6379611016046768
-0.10485490515085007
0.534296455954386
0.7817797442912837
0.8081502504748171
0.31756493361984833
-0.20092066703364583
-0.8847456183427462
-1.1132218534201046
-1.2185702751553562
-0.699986119191497
-0.34477707611725045
0.38840468259072813
0.039125230073735966
0.2805837252920682
-0.11937260490798321
-0.33611092190471115
0.827073911131377
0.9093799007805589
1.1332193736722083
0.5909290412802083
0.19396705447453774
-0.5506152034678253
-0.5053940504249133
-0.7175548564940579
-1.0009421990008118
-0.6342282893299228
-0.1278178670596355
0.5018404345570993
0.7786563543835793
0.8842734941239587
0.7910410582556857
0.25597869539814566
-0.3322754428115458
-0.8522401121274032
-1.0218185404825963
-0.8443786622335528
-0.32931480737430047
0.274831519981746
0.7825798747048787
0.9583932279939443
0.7716854633504057
0.25947635861281965
-0.35248090218396455
-0.859181652659796
-1.0420103380986612
-0.855556606347536
-0.34994096129038077
0.2605935818013735
0.7608690568154649
0.9410461635045528
0.7481378860675034
0.23842462398670727
-0.3787597655681714
-0.8849848121784751
-1.0721402661484782
-0.8877287461511203
-0.3853762658555996
0.21955514239354565
0.7182471115544279
0.8871514385972109
0.6962638874924281
0.16499990567458445
-0.4389396033906004
-0.9892136998937949
-1.0822302811166427
-1.023999864565533
-0.8083055632538287
-0.301671089691369
0.17621776814885232
-0.08544733952174878
-0.32411356071243197
0.6610366604806969
0.04915505705083774
0.1969102239037959
0.8102077057969455
1.4737173778942612
1.0717182509104406
0.012748624265457238
0.5906794378559983
0.7231154879495247
0.31937520796910723
-0.28372851306435165
-0.7587643560695017
-0.9830607055141228
-0.7918463618467287
-0.3196674192415043
0.3138351572411603
0.8157622543022601
1.0412133109898043
0.8633551551497498
0.3864923755510306
-0.23949018526480917
-0.7471864040881128
-0.9680388915735236
-0.7957985141663817
-0.3159434360893836
0.30489618268718266
0.8146426837917093
1.0308763412880741
0.8601073422910375
0.3761221567186824
-0.24361451943754206
-0.7570601032689658
-0.972431674942381
-0.8049894876641057
-0.3203030104542693
0.29642616986841025
0.8104638441774448
1.0231017065631163
0.8561762935962204
0.3689915569596443
-0.2472736667929384
-0.7636061041228225
-0.975817886013522
-0.8110102028507951
-0.3234275033274423
0.29087525717349105
0.8075836041681816
1.0179704866371093
0.8535199598732479
0.3642358336321704
-0.24972743072368542
-0.7680244727102117
-0.9780903416681125
-0.8151232192093897
-0.32553921977797307
0.2870419952463234
0.805613162236787
1.0143984543372675
0.8516728225966211
0.36091494114782213
-0.2514671826675516
-0.7710933575132779
-0.9797355974379232
-0.8179237538536087
-0.32709799077015106
0.28454972906939213
0.8041413199678779
1.0122928585172322
0.8503039323515017
0.3593416127643597
-0.25268671483600325
-0.7718625488778703
-0.9806962174214853
-0.8173573615882971
-0.3275475704393284
0.287585767047983
0.8048173317922344
1.0206137040192196
0.8538294327668905
0.3822602000634768
-0.2398394304163071
-0.6655028958010122
-0.9028436485881619
-0.948835102388124
-0.5119179455685473
0.049855080330999384
0.6515945654857028
0.9477397365085493
0.9288370766164546
0.5018187814044333
-0.07512032001172098
-0.6779578117581536
-0.9833356833704899
-0.9729915112288341
-0.5555040152513975
0.002636489590442011
0.5909125956528974
0.8531893223739013
0.8107561481799207
0.21314430615472982
-0.4968951989200543
-0.8277053633979422
-0.7122130103577964
-0.28095450923237814
0.3362303301352422
0.8388875137187604
1.0911424292455336
0.9270894980341768
0.4768327866033232
-0.16317844235289583
-0.6725670167037437
-0.9384617351918034
-0.7757204880494162
-0.33474484450038655
0.3073979754407145
0.8099382257949006
1.0808683362916072
0.9128165670628742
0.4799699353273228
-0.16637023843501206
-0.656819655380715
-0.9309682868829032
-0.7449365049862318
-0.31416977619375436
0.3602494240230433
0.8504539952480593
1.1733629969367692
0.9911758153128184
0.6660381208930239
0.008949083706540762
-0.029316197855389817
-0.22599929904526767
-0.8690743204006004
-1.086186367482075
-1.0341647654503991
-0.5859105778382667
0.019238190956002994
0.5961260487520615
0.9134945442019773
0.8483491671785057
0.44810698130379695
-0.1671514448763963
-0.7150478497987461
-1.0437661425387674
-0.9586299660207837
-0.5725285838064801
0.05793993313091994
0.5872624110095219
0.9287009715337537
0.817828507344555
0.4437667829378631
-0.22507869675072334
-0.7402591414646037
-1.1459847321020937
-1.0092607126195674
-0.7694082519813467
0.03814537394025354
0.012591436726239408
-0.2363906559878101
0.38472722495187817
0.8092593637269307
1.1677706676647541
1.067410418443085
0.6921786475090633
0.05788308625401561
-0.5156164821426248
-0.8745873768317676
-0.847211818291295
-0.4685842290371287
0.11835332458964666
0.6973948666001927
1.0187724059917822
0.9991725746846637
0.5841464059786203
0.0089735325185556
-0.6146407807660013
-0.9125998088804066
-0.9688274606196766
-0.4429736348453988
-0.13857933367285033
0.08545255250066856
0.7166708338178464
1.0623146691776004
1.1585805702873595
0.829542054858448
0.2762442791183657
-0.3522778449070223
-0.7685177710828227
-0.8486036023700303
-0.5480340713844984
0.014975459039367535
0.6156755222761265
1.0447999956996707
1.1079583119836967
0.8229508354296364
0.24764658325905417
-0.33377465725943084
-0.7724721058621471
-0.810713098028755
-0.5335153354151645
0.0759110377021998
0.6507445577840862
1.1401748855070433
1.1728193717371937
0.9814157483999629
0.3678547647843095
-0.02257277489058305
-0.5100116104578516
0.25709507523283404
0.5311449287822566
-0.4312792517267187
-0.7525347638236001
-1.1296499103666555
-0.8853106275910682
-0.5222746351588333
0.17482248104165468
0.6018210262716666
0.8479130149588764
0.3547107877461476
0.5451774294682061
0.90425923796999
0.42973770157439506
-0.05853802961543042
-0.6651577606453074
-0.8910108148007969
-0.8634851235457548
-0.3706166162201312
0.19000346090271894
0.8412386044896925
1.0936089477031228
1.145617716517068
0.6596305155750449
0.26300679520294956
-0.4524586640494582
-0.05887299989203316
0.4705347994774805
0.014552596746631367
-0.46155606385716286
-0.9628506324888868
-1.1576047043104836
-0.9654904766132184
-0.5198149133821303
0.17035375169954262
0.5703037208223873
0.9426844911792629
0.2004988478999545
0.16272463884808946
0.8879314519392332
0.35876574526834837
-0.008876646389443153
-0.705922474358965
-0.9380513677765561
-1.0205529914562463
-0.5580211374693305
-0.03362810584767311
0.6449397775985379
0.9595712352174649
1.0593748265352636
0.6558463960176811
0.22007536987647153
-0.4054182996190785
-0.18980532062935843
-0.21699045799428768
-1.10137921763397
-0.8798478133320311
-0.9188092530247076
0.5176968457518318
0.4201510467489785
-0.9065391409054656
-0.6640517728508474
-0.5410463194348408
0.19457205163160204
0.6168049863106023
1.0554486364266318
0.9085798860799933
0.6042851116051097
-0.08158209522683757
-0.5795741687759016
-0.9865521954614572
-0.8798663591147321
-0.5530802536650904
0.10881115932166517
0.6239242230417824
1.0157012794521902
0.9226816797098839
0.5860537517038634
-0.06454894845658561
-0.5858994263564243
-0.9681096979742495
-0.8786855796690366
-0.5337899133086003
0.1153208041028533
0.6439244158238523
1.0264615026789665
0.9434723227710688
0.6006104775017903
-0.04274701480499738
-0.567582608682324
-0.9449559768555534
-0.8563016536104217
-0.5088098933825033
0.14243335631918483
0.6713859565909924
1.0594114671953727
0.9743428277765434
0.6411624652099649
-0.007097069855166296
-0.5165869011396794
-0.9023805073342607
-0.7900609810111318
-0.4556828166297386
0.23272471416779644
0.7418587961158583
1.1921654166902653
1.0769885691848518
0.8649942156879921
0.1698073881867747
0.041232689995266754
-0.4102302051148945
-0.0834365843465979
-0.07986841644977966
-0.9843300564228726
-0.9610045833948985
-0.8792371441013179
-0.25306949756541747
0.30110646378921646
0.8820559366098426
1.0276844804050194
0.8974208867868451
0.38247492888474627
-0.17733509806959666
-0.6262801307269592
-0.8093946016755508
-0.2436200785758061
0.7895192004156913
0.6357240166119439
0.6546354116716284
-0.453396909557229
-0.2734331911774487
0.47631766638782536
-0.021979427687285922
-0.42279362521874675
-1.0125012633587844
-1.1855515544555348
-1.1167452584996544
-0.6108517721471692
-0.024625645197095054
0.5736260325740421
0.8309961770436166
0.7701394938481304
0.312546575715744
-0.26663731180533795
-0.8337221962971911
-1.084954170468191
-1.0024696947883085
-0.5395934839879557
0.05537506226302017
0.6268824234073527
0.8901658044485901
0.8110942314812332
0.3580622767178398
-0.23497299137682057
-0.7970890460618835
-1.0612186002793373
-0.9694228584722764
-0.523961197642022
0.09970058462154804
0.631734863580534
1.0864771828369661
0.8012425822245498
-0.31062766308020606
-0.554867863812111
-1.0160172753937662
-0.09233554645894937
-0.1334734056068214
-0.8951065846654762
-0.4419640966306778
-0.05119973339231058
0.6289315784674623
0.935592446348136
1.042066249509896
0.6556860376517926
0.13263950414220405
-0.5163510284271965
-0.8743308815233101
-0.9624694679677964
-0.5975669173244935
-0.06206896618550377
0.5823153030832466
0.9496957173114913
1.0478152861266272
0.6905122567882284
0.1853204598863399
-0.4540246123866578
-0.7439755673292286
-0.8679299532446724
-0.16814549641183862
0.6520870214385327
0.7560794850946747
0.5718200480287836
0.019332040690325496
-0.550007809017508
-0.9966258156654589
-1.0756923720666678
-0.8049923475595461
-0.24156466689668596
0.36731689987673205
0.82039992989426
0.9222188208268123
0.6560049704873261
0.10735911486183497
-0.4980616879608968
-0.9407971178857931
-1.0397157817286102
-0.7659138817392869
-0.2146457091058417
0.3964643339688519
0.8417659870848967
0.9449029753541758
0.6738457303705815
0.1254430196685569
-0.48241235340445343
-0.926455483570393
-1.0252276510227696
-0.755601151178586
-0.20034806244198983
0.3990343721872001
0.8567832814600124
0.901099382965911
0.6832983051872558
0.28731638778901947
-0.35318362350458016
-0.8296710705762972
-1.0529714656646971
-0.8540227825294063
-0.3792934182738321
0.2578190314467722
0.7508948855619381
0.9744513876392116
0.7821211386610324
0.30939486801096505
-0.324877240377658
-0.8147325375913289
-1.0375435470552252
-0.8408670819303141
-0.36895039104515925
0.27094240079324916
0.7584903577529872
0.9885763904034087
0.7877867858312492
0.32551815367055303
-0.3211134808056495
-0.7952867595552694
-1.0366481733655961
-0.8159834775549255
-0.37458427726766164
0.30509451221811384
0.7303513111654432
1.0395542042365684
0.5785581489615322
0.3970770220291944
0.3967031927157178
-0.2663658803057368
-0.7302460040940026
-1.0887470715204994
-0.981069363490073
-0.6044323847056133
0.03311553641425775
0.5814726566065838
0.9264200253621849
0.857358606506349
0.4722063734911859
-0.14289748520724027
-0.6971664052561123
-1.0272981311241238
-0.9626350002318264
-0.5668825989123017
0.044773093232988004
0.6070655610767706
0.9343778743960489
0.8760495421858316
0.47790924862986245
-0.1285758054124973
-0.6929529103823161
-1.0159273673620046
-0.9594679915456671
-0.557601404956604
0.04716790160523084
0.6148149206802769
0.9361803211715067
0.8826488489480706
0.4792436242133685
-0.12285073241617454
-0.6919958303775133
-1.0108650591891508
-0.9588174119521565
-0.5530275028981857
0.047572011882802884
0.6190581282785683
0.9363944715296644
0.8867211933411406
0.47932761974285615
-0.11876538652898165
-0.6919712670839342
-1.006526795645045
-0.9587613316049028
-0.5480847604485125
0.047780648047776826
0.6251792383192488
0.9369034447385751
0.8950693235171017
0.48019654940747725
-0.10598097017331032
-0.691867660387198
-0.9834530129039867
-0.9824313086445321
-0.4863352314145491
0.23973081059452098
0.7226850702908153
0.9318668294576858
0.7221533991106792
0.2327451994084298
-0.39395776886178124
-0.8626500417604598
-1.0568338950833782
-0.8893111514867108
-0.39775581758850875
0.21822291841184768
0.7193975682862173
0.9217764158426026
0.7254883246295335
0.23379005345526283
-0.46835523754400515
-0.9774322573583893
-1.0068285222902158
-0.7421746941954673
-0.16211563795396358
0.42116572785804746
0.8614214715943529
0.9181084153854385
0.6364645105512863
0.057102833217473004
-0.5343647473312088
-0.9781014126949792
-1.0399005187139232
-0.763706149951975
-0.18814849333357625
0.39631907768351193
0.8367922799431499
0.8900006009168521
0.6106540986998595
0.024644026443460008
-0.5631728998961009
-1.0164423236503595
-1.0734850337812376
-0.8100413513289999
-0.22868916415543109
0.33890958197565024
0.7862228400193717
0.8167329526849436
0.545273191554689
-0.07247696816552411
-0.6515335535714235
-1.1521303220716586
-1.2004429424257692
-1.0155748018602924
-0.4295852321140799
-0.0226470502783356
0.3996129703203178
-0.19382787380350602
-0.6510167344059646
-0.37194516470425637
0.18533464720238227
0.21411225723363372
0.009944648157959734
0.6585611052222264
0.939237914968478
1.2479451680702514
1.149885139607065
0.7648961280105446
0.10968184362462932
-0.45078115272792746
-0.8236065592123547
-0.7699723899992801
-0.40834631228646856
0.20263517613167284
0.7498953351095331
1.0902059513718207
1.0280817708379189
0.6419692247937117
0.02518496834828886
-0.5411313552306772
-0.8855286256083923
-0.8386580889898307
-0.4554503152265427
0.1488378630071371
0.7131103917514402
1.047072762825367
0.9988145031286831
0.6067523458794805
0.0015957542376264335
-0.570292668906166
-0.9046984573336745
-0.8630673734543035
-0.47109027592634456
0.12824142839465136
0.7003551870143734
1.0295966799940586
0.9884662424318519
0.5918761837687618
-0.006705763755564334
-0.5829662541001808
-0.9112292298142743
-0.8738458874124736
-0.47606572852402845
0.1191168736959032
0.6967621488904251
1.0219339131199814
0.9861095670264941
0.5855177068189604
-0.007961800654309372
-0.5881569978633482
-0.9115320513340621
-0.8780012739022969
-0.47561069936387185
0.11584228821919916
0.6976616717334656
1.0193124095842525
0.9868675122197408
0.5831325017709192
-0.008598766062519842
-0.5912207136508282
-0.916712501041449
-0.8841733029101742
-0.49576910119400386
0.09782974649294628
0.5871359679151761
0.9182913797275503
1.1115554486090902
0.7833934091699368
0.28638400574362083
-0.36734353288181354
-0.7580497245987361
-0.9002034844348935
-0.5700755321878861
-0.06380661502706093
0.6091577842829108
1.0038878529956268
1.181065482990083
0.8544523121893718
0.4082472080167041
-0.2591128901924683
-0.5339417342822677
-0.7083376542251867
0.06366577575228342
0.779080316451404
0.827680356679997
0.4767272647930206
-0.001069019934655671
-0.6081826957313717
-0.7050504639185403
-0.7591984789112661
0.5396606353026187
0.9338637987075432
-0.2114079442936948
-0.5654126140606116
-1.1209431926417905
-1.0090675751140399
-0.770723157674486
-0.09379211646913518
0.43037101487822943
0.8930886082429219
0.8664625341172415
0.5885034718877087
-0.0359842428318845
-0.5822674063072264
-1.0090340051769844
-0.9967149885786899
-0.6923679740931559
-0.07807258172537786
0.4885264760053312
0.9075004031072235
0.9113914710532459
0.6007465995293613
-0.00024540112522680605
-0.5721725741200278
-0.9799731381717937
-0.9885517318249766
-0.668335827551077
-0.07161179863181939
0.5086571712437582
0.9124505203499652
0.9284147882007873
0.6043298796343933
0.014241859936049196
-0.5698602281827496
-0.9676061053547367
-0.9874607079985168
-0.6577867413052302
-0.07173887393849492
0.5176031797217168
0.9110586933518139
0.9359005778571815
0.6015683074788346
0.020345454890727296
-0.5741708087647055
-0.9628718788781971
-0.9936017719305165
-0.6544831573694752
-0.08014291067400112
0.5193201796111486
0.8997202939101381
0.9357419388119524
0.5862178411472441
0.017822881669163026
-0.5953635488187182
-0.9685433612591092
-1.0240239972796477
-0.6644026700024314
-0.12696583475570558
0.5053121919885885
0.8172023777659497
0.9609357473720227
0.367760273970416
-0.49763071337581133
-0.8341319424156782
-0.8846484811315334
-0.503079284320437
0.06353618953212885
0.644068056444105
0.9880153564415839
0.9613298274635511
0.5924105054625873
-0.022522797863640562
-0.5859641747002476
-0.9746352703085921
-0.924313378501398
-0.6100830295581929
0.03988971329982178
0.517937510153121
0.9646306564639887
0.7328649480225263
0.5358803720039397
-0.9361010985851452
-0.9936106587719529
0.5374887483091145
0.6900494411315992
1.0291057584623642
0.5431964644160826
0.14926359689257726
-0.5870792343581364
-0.8628845494265022
-1.0334718003089396
-0.606563143422208
-0.14027883723794912
0.5627120998733074
0.8768547006237392
1.0275797201335841
0.6223614892523781
0.14471268327181225
-0.5466383281263142
-0.8659048840829118
-1.0122537092842807
-0.6068355764169634
-0.1310836469108287
0.5657463732594049
0.8766414733839296
1.0345201661676824
0.6128227597797485
0.15652942421397673
-0.5678493606786981
-0.847498237341707
-1.0516333588228248
-0.5786596348595272
-0.20596671778415113
0.6101002396851103
0.7056525980679093
1.1099504657966686
-0.150923632397995
0.3061131135918545
1.0305926292945893
-0.23716938163519774
-0.4839544244929548
-1.0622362435473056
-0.8425984776822993
-0.6033636026018416
0.12256744149989661
0.5895326586521844
1.0238025469004475
0.9036019215487506
0.5942416895827546
-0.07562727418285203
-0.5836775919092447
-0.982651801539349
-0.888678970045022
-0.5556983366632848
0.09676316731491558
0.6211130679532436
1.0084939094827534
0.9258210322559661
0.5854254928724183
-0.05941925943438247
-0.5879278129754619
-0.9706157387043157
-0.8893460823505867
-0.5467686266826404
0.0992147533361005
0.6275591005734386
1.0139491013527135
0.9301211844988866
0.59407050939849
-0.057138924025368173
-0.5755678728173341
-0.9704187014453867
-0.8722676603275957
-0.548927720397135
0.1228165113514898
0.6224903254621281
1.0474221944938784
0.9211492072723452
0.6442035333035283
-0.07179341824300181
-0.4926408358351465
-0.994146880670654
-0.7049089681408216
-0.5892106450033664
0.7488320550449625
0.5383448408401321
0.3756855820833411
0.8458656003575161
-0.3834453227909176
-0.6443988519789577
-0.9986177054308126
-0.5699746693343467
-0.1857670307719609
0.5547608908945473
0.8794289599545643
1.0980819410362728
0.7286227996020732
0.2794384375159672
-0.42246474007608564
-0.7831654429609843
-0.9755911824340291
-0.626512891917967
-0.15897240973141596
0.5327704438537879
0.9063572412539457
1.096548118012101
0.7561181868337126
0.2936860659442718
-0.39320173626895877
-0.7535062952856807
-0.9429866182836286
-0.5783868250811051
-0.12110561187922338
0.6072568407588209
0.9510844792137039
1.2156248475000664
0.8012942106370186
0.5070722554646041
-0.5167850032446855
-0.19804778683007576
0.6329888635076989
0.20594701085069375
-0.1854593035683206
-0.8021485931523643
-1.062037494737504
-1.0678500835068057
-0.6427300234087683
-0.06085633686757711
0.5518055406530268
0.9010377729283603
0.9032074478186307
0.5321392581218447
-0.05313882378457163
-0.627699824733538
-0.9804753265905233
-0.9524801220880659
-0.585508116638926
0.026184890684823017
0.595596834557561
0.9737725269991981
0.9388666124228714
0.5986066656930832
-0.022914324970884935
-0.5616573389500649
-0.9547146181083583
-0.8812699199369614
-0.5654899856592677
0.10966084491306992
0.6025555002865615
1.0809912175435166
0.8974406722706897
0.7519789259725678
-0.47892400953844666
