0.8923886885430761
-0.5614460415501898
-0.6604333342746883
-0.8505134045634588
-0.279579454630937
0.15861352813790056
0.8384390851617172
0.9987312981393878
1.029695642013676
0.4851363074652383
-0.01150304125898998
-0.6825548786870249
-0.859576071028257
-0.8967392375434677
-0.33899332815703453
0.12913987317902484
0.8502361440339671
0.9399716389795142
1.1049632918228571
0.058770102371516544
0.1067170620388639
0.8445795350723572
0.34702188457718514
0.06900253925696008
-0.37478406541501247
-0.7671172767705229
-1.165515091737928
-1.1352474464915125
-0.8183974781063322
-0.20428684010987047
0.3895495374400046
0.8154544127694464
0.8577698066715013
0.5493991025303394
-0.02450573294331184
-0.6155576067273985
-1.015987620806772
-1.0579197736188064
-0.7322469866125918
-0.15928253163933648
0.44399741363256895
0.842540855879082
0.8932891377739047
0.5648747106934732
-0.0017268197059564728
-0.608669752738375
-1.002734133148038
-1.0582610319454413
-0.7269260023993904
-0.16656543872982935
0.44188440735390305
0.8276651007483941
0.883258283214801
0.540599578380326
-0.021385855560724167
-0.6460369720675357
-1.0357772726748384
-1.1162346405888808
-0.781404516831591
-0.2622445710495783
0.3465508290884833
0.6441572340457047
0.6849873327159162
-0.03763011765883283
-0.7538121038232252
-0.7152629835873695
-0.4118336417301381
0.19271697572047647
0.7154847308781845
1.044102992339417
0.9659139329904932
0.5701395140248711
-0.05125816666964869
-0.6172084151987818
-0.9551497837946219
-0.9023046602720283
-0.5124908814775513
0.09210428870754771
0.6538568454859447
0.9797469949817624
0.9237198484583244
0.5247595982930955
-0.0824001511464879
-0.6514056458758455
-0.9794778609112832
-0.9294122029958114
-0.5324032778025216
0.06970458173543187
0.6368818003535801
0.9605574014812767
0.9087015190839295
0.507775424569921
-0.09616033376428461
-0.6668999248335545
-0.9925176922738501
-0.9439583742001013
-0.5451758163302219
0.0556674205533804
0.6239530172957559
0.946644339349328
0.8951733424188487
0.49361737738296546
-0.11080598759594722
-0.6816933363908777
-1.0089506710307472
-0.9598439852352791
-0.564342254127979
0.038098855106798
0.6006045612164309
0.9265497186524618
0.8652378522301853
0.46966354963454615
-0.15170775880922452
-0.7118754036048838
-1.069802237358631
-1.001134306870698
-0.6670995215094161
-0.026701378520157505
0.38292995817662445
0.7934179962151744
-0.021897700135575408
-0.12452695411714661
1.0452493732609993
0.7167951404112213
0.6852383814851694
-0.18711277776058752
-0.47011507818252496
-1.1552612802604754
-0.748077636983337
-0.8653916690481428
0.8240831475518212
0.028673290737318384
-1.1548720111662205
0.10239871257683933
0.3235746396698304
1.0416082515479361
0.9770283580718641
0.8800109282593431
0.23443799260589823
-0.2996930304110618
-0.8020257757348787
-0.9993549427840167
-0.5299114003164507
0.5303720550247211
0.6780454966249564
0.7874971950824116
0.2249631412515601
-0.2502095298413722
-0.9437833696980147
-1.1326757341737044
-1.203441136218681
-0.7001539705560632
-0.3062447271386808
0.2182317975019592
-0.1043780805259915
-0.06761482394894616
0.4020252473066808
0.9667685597725629
1.1479559784102764
1.2277686305882323
0.5776529947924177
0.1634428440638037
-0.07374305222275766
-0.6697732305150277
-1.0539015286563722
-1.1095240514197124
-0.8448788036329911
-0.23466748177821944
0.23945399946745052
0.9216114867752431
0.4363284281308791
-0.7803939431650426
-0.7017399499858114
-0.705955358671734
0.0005267465164787382
0.25332330602654507
0.8277202532064935
-0.11116677729349407
-0.1924157202770859
0.7781720182921523
1.0489561745871256
0.8073190117615399
0.6334961455548525
1.0538941384461495
0.36993937978174507
-0.033187895845606365
-0.7229019213024
-0.8108699827426099
-0.8057375308211638
-0.2086503085373305
0.28338475205510294
0.932543597417552
1.05307599593758
1.0317739723319717
0.44443340840637313
-0.04477099152835001
-0.7001659075364552
-0.7946070654060656
-0.8109069695055585
-0.13019111403262834
0.4098862232439249
1.0403823194213513
0.9634096599412771
0.9752170118368992
-0.18809843235128237
-0.07212400767907196
0.7352920307088519
0.2500356233253745
-0.15699478574369302
-0.7736923402886523
-1.019990555482466
-0.9973043124470621
-0.5619912483576243
0.031670294559090054
0.6200648349606496
0.9515515325673015
0.909654126427142
0.5239446684653606
-0.08442802958326462
-0.63972743075161
-0.9835659899163347
-0.9173912468920932
-0.5428624944640987
0.08472957751282231
0.6292421930083754
0.9893610235020872
0.9121843700030229
0.5523599245164053
-0.08702969876633312
-0.6173929158774345
-0.9907719121945011
-0.8990770017609818
-0.5548708977620062
0.10044226961226992
0.611465398209538
1.0036063412757794
0.8865244223380864
0.566300876222263
-0.12494074883863153
-0.6020452197837053
-1.0509786573032753
-0.8785384784770134
-0.6679380372991336
0.1393713861837017
0.2311306234013462
1.1754308971245808
1.3506046703179653
0.1614661965639008
-0.2815620059234057
-0.86631901132594
-0.8343154839101701
-0.6114598238865472
0.012947298776275375
0.5577902936762337
1.0033182062807775
1.0214754649684683
0.7314007232649183
0.13799554142346637
-0.447398112248349
-0.8712010616288219
-0.9168822692630195
-0.6102600434923429
-0.03698732558131644
0.5618054884293784
0.9700911993763438
1.0271546136606973
0.7080972086885879
0.1448798938712896
-0.4641834189784673
-0.863286711708098
-0.9290380252433096
-0.601351400444172
-0.04562490342759418
0.5717560392202279
0.964302762858254
1.0382568232226321
0.704766342174709
0.15730149216011238
-0.4652545395685584
-0.8493131744679745
-0.9278930287003148
-0.5855114831078312
-0.042163926249981214
0.5898888030979208
0.9703371028152308
1.059271316935892
0.7138321712949544
0.18203454994007848
-0.4524102480080198
-0.8196249502608575
-0.9100642165482954
-0.5489438791530894
-0.017344589718984865
0.636544547577453
1.0056943594172072
1.121910118561294
0.7666507543632145
0.2731964112322662
-0.36629302704953204
-0.665365631220899
-0.7422423053382563
-0.13754229663294637
0.559630503596373
0.8880744922170724
0.6742313167783013
0.24948698294535565
-0.40378731232369136
-0.8015537238358958
-1.0210611754786707
-0.7105739712625819
-0.2628715068066635
0.4665920147980571
0.8696883276496908
1.18057620406012
0.8665753589311141
0.5767766497482019
-0.18417400019536154
-0.017729462937966445
0.0041115876774851755
-0.49002718246115845
-1.2363659684642012
-1.3421782194483085
-0.7152124909072584
-0.12574635211782248
0.48553582504251874
0.854180070200533
0.8038908578341952
0.47171946252254476
-0.17851371573160435
-0.6779592869732647
-1.101283425196908
-0.9666322884392478
-0.7019257954105178
0.03327314424119436
0.4301792440125703
0.9610653436437906
0.6225988594768626
0.5364974836395215
-1.041173519710118
-0.8826353435061745
0.5052084989027933
0.6670218696376085
0.5888572253662847
0.17996739694238115
-1.043334420186822
-1.2924535991730493
-0.08032362027281101
0.34334158349184996
0.947715334276482
0.9501008041352127
0.7265602829049502
0.1836052302117534
-0.41465721924501125
-0.6684593500834339
-0.8139091371032456
0.4051303639651461
0.7133966048503999
-0.6614683044082913
-0.8499366990250197
-1.2789308175684673
-0.8888769698218021
-0.5534848035713442
0.1753363026645374
0.4945212888540647
0.7083435977015639
0.1608440199012623
-0.5407019572959041
-0.8337690019521561
-0.6104000698274166
-0.1049559067278341
0.4359412782375249
0.8997001145816527
0.8190470392719272
0.6642780019663933
-0.7665282450073037
-0.8867892975519497
0.7055757158020844
0.695050471565461
0.9837526267027936
0.3367785298369043
-0.03551004346783719
-0.8177579020553601
-0.9416000018713351
-1.116292324420603
-0.46152562683572024
-0.2890938757958753
-0.01655986517594977
0.4016567993578842
0.9121575991665284
1.2078728291193552
1.2438113814293286
0.8493924114937015
0.32547018499529407
-0.2296235174623623
-0.4956099758648651
-0.09575953983827441
0.609457711090309
0.3570440640522203
0.013360694066690399
-0.6697339277537275
-0.981031465025701
-1.1795397182243947
-0.797485846086131
-0.34717185239923243
0.3734420658069316
0.7228427475842348
0.9412712754093999
0.5680131075332003
0.1326859134062206
-0.6004481946373039
-0.9346094767684654
-1.1904865437441194
-0.7975616966481153
-0.443390989307726
0.3202958447035805
0.45762997184845694
0.7713311318260835
-0.5390203989195748
-0.7270295267408985
0.5271380076987418
0.7906961416828229
1.0900959539005879
0.7492811528106154
0.2970172417289951
-0.3812629754965328
-0.8078835058693549
-0.9920600873615756
-0.7288556930904168
-0.22857309204926077
0.40371533337332266
0.8554600195798021
1.0084717803731758
0.7595748511829511
0.23562731541550472
-0.38871796544339215
-0.8608463357730581
-1.010628196061471
-0.7824165105815434
-0.2600849795570026
0.3379198373083183
0.8003599977605751
0.9030423380598198
0.6341680988891274
-0.07088560421425961
-0.7077668271374705
-0.8560824908412231
-0.6573818292239771
-0.1281832730382242
0.4662765732419153
0.9338999412109544
1.0596448437204475
0.8198581809323834
0.2809168414675566
-0.3326198345857117
-0.8057423605923888
-0.9422641889397956
-0.7061019720250897
-0.1737518226662445
0.4371228223159941
0.906149275599675
1.040547854035788
0.8019604097126953
0.26780283195572085
-0.34427069931619136
-0.8149179748835624
-0.9495411797441098
-0.7124695538331087
-0.1777043333911406
0.43290208851847795
0.9049183864316986
1.0380802813032142
0.8031208746159572
0.2668635200638329
-0.34085984242724776
-0.8144342993854652
-0.9438675693410753
-0.7105701457874211
-0.16960768808252027
0.4363053466117928
0.9157677927776198
1.0431860274028455
0.8172769749347746
0.27401926864405174
-0.322511273182483
-0.8046552446838762
-0.9199025827992143
-0.6972170473317197
-0.13765056331535022
0.4548752778853519
0.9599480537550127
1.0700236955153808
0.8820134990388702
0.31545387316069423
-0.21796836421330673
-0.732996110270748
-0.7161523644308859
-0.5425891874873815
0.5706334854150111
1.1031917720162145
0.5275128499574575
0.08393094777532235
-0.5841782263141422
-1.0241643931355675
-1.0791718241440027
-0.4927000229785225
0.045216831749668306
0.6843739234045152
0.9391792621396421
0.9246266462764927
0.46706231650095403
-0.09407846648730873
-0.6907752222507302
-0.957539759590172
-0.9177890869858352
-0.4670712377840273
0.11181070457159899
0.7046327069879462
0.9850547672741008
0.9434881293532917
0.5039350295755085
-0.07509478994633736
-0.6583568610310326
-0.9373575906534752
-0.8872840158197525
-0.4446113760394529
0.14223752121478486
0.7307133671325525
1.0170766837172018
0.9751797142130068
0.5394647127124027
-0.03402268020490237
-0.6164767222524151
-0.8710792067699317
-0.829918248978965
-0.41620929039602456
0.1735677877372408
0.7905404569380451
1.1050626073854388
1.1359311700147454
0.7225074538432601
0.2758527227097961
-0.34330612887137285
-0.05272682975432495
0.38862540211097973
-0.17072129184727033
-0.5822812487923796
-1.090972573104244
-1.083788680663625
-0.8835698437667044
-0.1304383604748785
0.4757944122674818
0.7863302946104124
0.6048453583314621
0.20828626673482015
-0.478314651394487
-0.9115511001261523
-1.2593955893358797
-0.9697811588348957
-0.7125828658856797
0.36008115905544263
0.1577878463400253
-0.7024653994603656
-0.20499811578045848
0.15719099240419424
0.8118660500692295
1.021200941811519
1.0479750238424503
0.5736155730805982
0.02675761487255589
-0.6115399889157336
-0.9027348904544175
-0.9174803688783182
-0.4888433225403109
0.0673324181498007
0.6768010409185621
0.9755364101563966
0.9706781736087846
0.5483600397082286
-0.02185145440079644
-0.6258716601070909
-0.9350351238446358
-0.9253647273769527
-0.5110079418506798
0.06354363541377933
0.6613633788687648
0.9745153126889949
0.9599478104546749
0.5493203106659487
-0.029132331101903903
-0.6234077269484982
-0.9396765507972267
-0.9216870295344998
-0.5135406446728267
0.06826729126717157
0.6605932194877334
0.9802027380247971
0.960724069040273
0.5559553507613348
-0.026926178194942894
-0.6157838108549888
-0.9360714261429591
-0.9129755549135776
-0.5084814847808375
0.07823146937417062
0.6672659648227607
0.9916734139304577
0.9693261306845367
0.5693227503447738
-0.01578887147293028
-0.5998807711899515
-0.9210971167767302
-0.8933204445740826
-0.4859294102960021
0.10487436326772963
0.7222486103862669
1.0471693308009156
0.9475995305716347
0.5372114744756102
-0.07557559480570097
-0.6187955338238388
-0.9202706831939516
-0.8200885184884593
-0.4036102593438998
0.23535816212378546
0.7813126674492478
1.1282711002161692
1.0292275603219667
0.6950972523683656
0.056274824822205874
-0.3050120538974875
-0.6499711421704578
0.2717552112546508
0.6684956690555609
-0.3474330070721395
-0.6692058512144263
-1.1748347344352157
-0.9895641013655391
-0.7279396727626887
-0.0035701510339408173
0.47422122256425386
0.9370052625147551
0.8181209018561989
0.548951050860801
-0.1446590886712092
-0.6159798225939526
-1.0682381521055913
-0.9330928680406277
-0.6687257962820049
0.051389757671821995
0.5026390935135494
0.9953530296257977
0.8206541163026639
0.6196146280359824
-0.17090782684918138
-0.5136297543613035
-1.1375200986028418
-0.7348511853541072
-0.8283441657217967
0.8848955742085879
-0.037077073254150154
-1.0276569881897466
0.6587282837345552
0.6446651387885874
1.1480157395739168
0.621397706205026
0.3207187596767195
-0.48945379203316103
-0.7753148651035863
-1.0573186381132205
-0.6657226734668567
-0.25752834557843324
0.47792708695669095
0.8283873573653017
1.0652612968071313
0.7171294242183431
0.28122677538043533
-0.42270088288722507
-0.7888795192510611
-1.0014729110476317
-0.6592561170223648
-0.203535248756373
0.5043966370233189
0.8879127821066262
1.1174640739479629
0.7919371516289011
0.3757659942181724
-0.31400686233734554
-0.6008501815250079
-0.8191592955251146
-0.06644176603556355
0.6589235701072296
0.6514296716854181
0.30986812660017576
-0.25462305095578963
-0.8122462831331831
-1.0900594064374827
-1.0436031588562795
-0.5976179405508046
-0.016341418042234636
0.5894667382426405
0.8763908290905373
0.8581085946265608
0.4174545646194104
-0.14496869697430287
-0.7477476680487145
-1.0207977656495204
-1.0011168299034676
-0.5494513549602146
0.013071650699175506
0.6251715819431197
0.8971816855932555
0.8858517717565367
0.4320610148378335
-0.1225906628549833
-0.7379252200560387
-1.0021706836019681
-0.9952829376088621
-0.5335115117033855
0.015305346535256207
0.6391578542331702
0.8958698956388534
0.8984045773235494
0.42690393201827737
-0.11111066462097233
-0.7477236261711483
-0.991566371489758
-1.011400580260476
-0.5238581066546721
-0.01073811492186536
0.6470984248465005
0.8509858754439594
0.9015462504827724
0.3334400271574492
-0.12706773495635282
-1.1178174128074922
-1.1713482515941673
-0.49228330485757443
0.12417245699902668
0.664083066092646
0.9919402581821072
0.8209576100412569
0.48577923633452147
-0.23584513580489677
-0.5686044904355965
-1.0243739301418404
-0.1529344490603827
-0.1787392455507
-1.0530460871262601
-0.6955068599669947
-0.3573272054724313
0.33154174133874315
0.7431489444770762
0.9467843390743264
0.702563462754581
0.19036805953033775
-0.4374026654468094
-0.9618090390347024
-1.1235560538937968
-0.9993450629672418
-0.4530355083398837
-0.02873112201385794
0.5272722187959565
-0.10788701312455573
-0.23183794317210982
0.7810411914465007
0.9586767866942729
1.126665602511111
0.6752384795423126
0.17704535207698832
-0.5002169351929049
-0.8435298636854633
-0.9341561313755279
-0.5705546845645646
-0.018938432849359827
0.592632485059775
1.058870966519496
1.0547645587599073
0.4481442280128445
-0.10675431502235619
-0.7151800060010621
-0.9393471245854207
-0.8727441721471287
-0.39099441333211327
0.1862667387647491
0.7577255537830543
0.9957061060557714
0.9070799058111946
0.4355040841990534
-0.1578542328973773
-0.7211102047384729
-0.9720328685525498
-0.8764099164015818
-0.4158417162281178
0.18372565193686916
0.7372455229947409
0.9938487527633283
0.8893450198767293
0.4341065876059238
-0.17377933823202005
-0.7221866975453893
-0.9867751253642396
-0.8772662204730789
-0.42987735634235585
0.18300566524506423
0.7235099721279781
0.993185806817848
0.8755205550787014
0.43341602061569195
-0.18810826962390964
-0.723006033678241
-1.0020997757681978
-0.878347582726042
-0.44683304752817393
0.18147145167507006
0.7040333087845574
0.9909045617728913
0.8521791948303716
0.4299006578253211
-0.21750744810943598
-0.7286270219748835
-1.0414755201987813
-0.8877870561438919
-0.5040666604354296
0.16439662368382668
0.6100642302958611
0.9559410580746057
0.6599498843773045
0.3388358379554826
-0.9660241730639634
-1.2122536124305858
-0.12285076968090419
0.3209502353826767
0.9372056714578009
0.9656473441533915
0.8036524609874682
0.19859329902680328
-0.35470588650553886
-0.8675676179766838
-0.9502798650229066
-0.7415578356490874
-0.16970019069750159
0.410996515030068
0.9010626363567997
1.0022799176853372
0.7766821176278832
0.21852992734659546
-0.37535783848740745
-0.8545735602229683
-0.9665437266996557
-0.7319003413414746
-0.1828181975647376
0.418934698434272
0.8902741995085908
1.0093309827077939
0.7676699403119321
0.22517440094492258
-0.3829802682780873
-0.8480251737431356
-0.9730537186740467
-0.7252214858174432
-0.1884193788375685
0.4259327220593503
0.8854292384378287
1.0168278142925369
0.7634646389852461
0.23336290547214686
-0.38663697961035787
-0.838916612953489
-0.9762357506110767
-0.714900831272774
-0.19119194059122777
0.4378630514614358
0.8829970125782955
1.0309406837133468
0.7612726767792493
0.2505333839817909
-0.38879316470306047
-0.8172585041180033
-0.9789059195974156
-0.6862087525058885
-0.19625732718572653
0.47870025504228614
0.8664968745664648
1.09633834728742
0.6305090245609484
0.3870251845694732
0.19926947457378247
-0.4350970280863669
-0.8813906662575366
-1.0627534673241648
-0.8797590147242744
-0.3468288359005603
0.19320310958363593
0.7633333270905822
0.5654247621207562
0.5901057553597827
0.9322620254243241
0.41041287682575966
-0.07213176824142377
-0.7075487445167125
-0.9490634863389076
-0.9376413888515037
-0.4772684031223035
0.08946610158942189
0.6933177438451429
0.977525068687993
0.9462023439428856
0.5141606942974986
-0.06663259500513226
-0.6485609753765056
-0.943482147157483
-0.8932618415486243
-0.4698601207970089
0.1286780855988775
0.7033100497284457
1.016163900478549
0.9595261520825363
0.5555018139174364
-0.04890154024626091
-0.6011964151910079
-0.9196200473977706
-0.8354540373228909
-0.43693209175807035
0.20404740013013764
0.7506867176698758
1.1225169197431906
1.032358618944133
0.723207838050434
0.07608296274702621
-0.27976616399735416
-0.6544124480226015
0.2585286265040238
0.634361317967566
-0.3394827999612427
-0.6901628506146269
-1.1675370693035512
-1.0179829957843636
-0.7253666075190709
-0.038282444693726124
0.4803431790409859
0.9049404925697884
0.8361725020209019
0.5214014913526243
-0.11730333510149993
-0.6484543165620725
-1.0404723921108654
-0.9800299335010152
-0.6416153892400234
-0.009045752031659561
0.5401904040024967
0.9273502932377288
0.8812982826808832
0.5388260623930781
-0.08193092877366047
-0.6346997478150596
-1.011911566641397
-0.9690404560410136
-0.6180052837523377
-0.0001948992505246565
0.5600885615735315
0.9345023501327874
0.898343850310762
0.5445917365516408
-0.06712078354869601
-0.6300976688078941
-0.9988799187717311
-0.9654446631184108
-0.6064041575801085
0.0025017566826192024
0.5705317379467859
0.936366204623567
0.9078492305761202
0.5456533023143016
-0.058368762855615784
-0.6298422780084497
-0.9907193248348292
-0.9660357213934606
-0.5986836784852302
0.0009817279146240594
0.5779655109869907
0.9337814883205583
0.9151683090005822
0.541796578176909
-0.050948339446101956
-0.6352801408641121
-0.9828927148145875
-0.9735156415860771
-0.5899694041562391
-0.009237727784088576
0.588416413952182
0.919739589352787
0.9290378054613327
0.5221923015676232
-0.029826382198809398
-0.6633512614705643
-0.9438861982117642
-1.0149931404619248
-0.49192832268028236
-0.07088919407220592
1.1235713399519576
