-0.5861545244000516
-1.1706514491878879
-1.2566942170766124
-1.1844491095936793
-0.5933272277629512
-0.12470416429964926
0.4780754214860063
0.42976603499976795
0.36036813856601535
-0.9549866107283522
-1.4166303125488544
-0.5598483447433162
-0.21246414773013197
0.2223176911100468
-0.14216069928418723
-0.1628837811394337
0.348509939542193
0.8220342409273096
1.1153546696125762
1.014393503027139
0.6061175123673784
-0.043094098639085435
-0.6115287168269047
-0.9926973620124164
-0.9318795236414343
-0.6049247995514473
0.026261715290087098
0.49026090215232143
0.8709846959237959
0.6141229806966931
0.32086940012874
-1.132592460528253
-1.348618654067072
0.18411546600566547
-0.17389712893678227
-0.12421719027112493
0.32532063911812725
0.8953997493766291
1.1220391093177977
1.1135504744638058
0.6340959348721965
0.0780352611597043
-0.5699795083229638
-0.850364842231285
-0.8800269601311026
-0.4316030116419099
0.09486027789097466
0.7251535164900978
0.975372414559897
0.9974561403558545
0.5124347132294036
-0.010950185633363758
-0.6921276463725694
-0.9224522036293621
-1.026584930061207
-0.47760844575732503
-0.1213258705362687
0.9276627932221408
0.5054744188880862
-0.6270077497035698
-0.41585252297567926
-0.17617752891600838
0.4927919825777162
0.9208534836486707
1.209349281568938
1.0173059218021645
0.5833527153162137
-0.07196934713537675
-0.5908197600680155
-0.8683503369100838
-0.7305806246827584
-0.2865317335271782
0.3314779681363688
0.8607319274698989
1.1099109843133477
0.9838218636610059
0.5163309445189271
-0.08767658893069728
-0.6379423415781433
-0.8693929643172189
-0.7637793623803657
-0.2726169858659744
0.3095483076791146
0.8934140648004254
1.0991046135436031
1.0452587020996928
0.5200032345282921
0.02842164095229549
-0.6075572760354941
-0.6116622529904172
-0.6568847887816637
0.7858489316078952
0.9499058348717008
-0.5243761804146925
-0.664123933739035
-0.9888489283642964
-0.5039975190495409
-0.09856784457535701
0.6380432659536007
0.9297720819399918
1.1030832604844445
0.6924244092035488
0.22543929235749585
-0.46666290115700987
-0.7867383967968342
-0.9300848517640847
-0.5292016114165212
-0.04029539024489276
0.6570258818343211
0.9944675233756353
1.1607313072266447
0.7752055774399184
0.3394310707931705
-0.34116264021914106
-0.5480039302473693
-0.6856827619865149
0.2940995877560454
0.875743097606952
0.4237311271238571
-0.023381831309577137
-0.6471854728172604
-1.003949969557309
-1.0623312396162077
-0.722713274701407
-0.15023591696380253
0.4609398083244447
0.8754552954562722
0.931316968612482
0.6248461019336091
0.052129716670465426
-0.5375946223485973
-0.9517914881436863
-0.9925986175357803
-0.6858028025536084
-0.10182567634334977
0.4879988864092231
0.9111139005562154
0.9516640757121135
0.6523459966805529
0.06764317590698067
-0.5155129820031498
-0.9399525595622125
-0.9741295989284213
-0.6769179020135421
-0.08562551750212652
0.49435832814333397
0.9262461944842804
0.9557103463406386
0.6678177691853634
0.06941318251295116
-0.4974076940620151
-0.9405373740319268
-0.9481299972041245
-0.6797173921395677
-0.033610181340041095
0.4924182265793213
1.15593894927829
1.0098125079685378
0.18198015521769764
-0.37655769641449355
-0.8798492389823415
-0.9434810400703421
-0.6937597562924602
-0.1222591546305129
0.4667582134771435
0.9143843041330407
0.9934851028447759
0.7190735869480932
0.15704871577889035
-0.4458587359059527
-0.8870554078462585
-0.9749964470245375
-0.6959285510246139
-0.13997486388920866
0.46646133745444796
0.9032673816435062
0.9939734241792285
0.7116094685820663
0.15787860562726092
-0.4511026481623255
-0.8860849965881653
-0.9787997871954872
-0.6949145339407077
-0.1427971163809546
0.4674709461621735
0.9011387993365734
0.9949550903793776
0.7099862732628232
0.15882161052454638
-0.4523484218737981
-0.8851844674901254
-0.9797577529066802
-0.6940565258315312
-0.143531601466433
0.46828843628392564
0.9005806545345747
0.9957351450499501
0.7095693170084466
0.1595678382084804
-0.45265078991415103
-0.8844682503379827
-0.9799659133753035
-0.6933664757746492
-0.14366133279666576
0.4689560896216944
0.900517031905587
0.9963840474074064
0.7095621171265971
0.1602014883166807
-0.452609220343164
-0.8838465055112068
-0.9798816407935264
-0.6927534352235831
-0.14353917101324895
0.46956349297479905
0.9006732684949261
0.9969887623293975
0.7097494199199891
0.16080636285526703
-0.452393203361761
-0.8832387054158921
-0.9796387207705105
-0.6921400066439098
-0.14327070839376252
0.470185209263515
0.9009662935081818
0.9976214012812061
0.710066352288221
0.16145255473334402
-0.45205273644463806
-0.8825763152042077
-0.9792748430907416
-0.6914587372894695
-0.1428833200394498
0.4708880948676035
0.9013774973406726
0.9983487183320023
0.7105018679766626
0.16220721950819922
-0.4515922295332541
-0.8817912608144614
-0.9787884869896665
-0.6906400993065456
-0.14237007873517263
0.4717436913838866
0.9019188409880706
0.9992448610911747
0.711072718878016
0.16314774435431337
-0.45099026842302953
-0.8808022302434058
-0.9781536005773498
-0.6895981067489776
-0.14170022154292103
0.47284348586157415
0.9026259677031434
1.0004077396290816
0.7118196952973227
0.16437949885740455
-0.4502005463432505
-0.879495219638924
-0.9773178794776782
-0.6882087799816252
-0.14081484028672986
0.47432297657993394
0.9035651390190326
1.0019861573186026
0.712817329352418
0.16606667350742566
-0.4491391439556112
-0.877688209361178
-0.9761866599481555
-0.6862693877133703
-0.13960687584326434
0.4764090306788484
0.9048578232642758
1.004235211404721
0.71420396522499
0.16849752408575272
-0.44764780375524643
-0.8750538108191809
-0.9745780068853217
-0.6834061128908638
-0.1378660163259149
0.47953087297388064
0.9067486237353942
1.0076506788469548
0.7162660102379916
0.17224833644302204
-0.44538867546038996
-0.8709175787875681
-0.9720901218583643
-0.6788237897753059
-0.13511009125866916
0.4846335677053585
0.9098219483317252
1.0133657505346256
0.7197196622592545
0.17869124357533364
-0.4414731481902798
-0.8635997816911718
-0.9676050654027946
-0.6704405933433365
-0.12991033883158104
0.4943338905642101
0.9159370264189443
1.0247236464432603
0.7270354990374276
0.19218018126375488
-0.43253612242163725
-0.8472983987911417
-0.9564006212134889
-0.6503028042937301
-0.11539019134259194
0.5199364447157051
0.9355984532899182
1.0585909878484738
0.7553487390909318
0.2397236575342483
-0.3877155833899724
-0.7732864378823489
-0.8719737190447746
-0.4986125273689337
0.153638259971223
0.8236481863193498
0.9113426232111757
0.7941792352229475
0.18327915680665904
-0.27967966834395297
-0.866266670549014
-0.7396092729012163
-0.6983188411615006
0.8068132829636954
0.9014860014672663
-0.5944811398996981
-0.7376096808536732
-1.0315163275201713
-0.5427686693558117
-0.11723558937927865
0.5970058460246159
0.8813436294819219
1.0127269854721854
0.5928178391915836
0.09810360323666611
-0.5754980274961222
-0.8968006971544087
-1.0017918715160277
-0.6037189420016348
-0.09097895031570909
0.5692909621670535
0.903150403596926
1.0002659090612058
0.6108388327870564
0.09415072025754818
-0.5605223482697042
-0.8951654653523136
-0.9892894282941315
-0.5977850921882212
-0.0805693443645887
0.5790846809343557
0.9116518068175952
1.014049047168152
0.6173771363144123
0.11257056982442769
-0.5563861390150203
-0.8708236411355135
-0.9887844113274467
-0.5652575423311401
-0.08693480461814444
0.6237906201850651
0.8887198429077678
1.0782726702054561
0.5384088482286723
0.2097721636392969
-1.0695212485840642
-0.7569642709839727
0.6333195094245623
0.6650844643358683
0.6772413428338854
0.08132952355907412
-0.42380526554434506
-0.9619773675234676
-1.0617416037436178
-0.8831228696654809
-0.3287294528977685
0.26418930597405754
0.7658522956237779
0.9181723368128962
0.6883484569634734
0.17180506228695475
-0.6016247019128307
-1.0712046436960825
-0.8717761817144719
-0.5153314588865021
0.14128372625396457
0.6612875036550261
0.998277379613476
0.8943315551365675
0.5027183105908818
-0.12830458861419344
-0.6656664911554938
-0.987872677452272
-0.8942948941964142
-0.49193684422511674
0.13236151225687798
0.6784274347445363
0.9961546396925951
0.9101136045568644
0.5048425133765112
-0.11259734726594008
-0.6603613121215149
-0.9715759906440351
-0.886188659015126
-0.4744815614733872
0.1432991128512739
0.697681686011802
1.0102856743689745
0.9319915016821784
0.52289298996741
-0.08694255416818306
-0.6371606839921822
-0.9404193602682054
-0.8557882771515392
-0.4350598758252014
0.18444638527242774
0.7501690475057381
1.068821561253842
1.0068315583454968
0.612982622371843
0.03133694147261554
-0.4773262419348169
-0.7150817565422497
-0.42993608284945534
0.31518904093260663
0.6918731848648081
0.4823141410497026
0.005352106367477987
-0.5885113989676832
-1.0083975098744122
-1.115843429026369
-0.834448118977864
-0.28850747762897233
0.33739621231314487
0.7909326037628006
0.9163898261314275
0.6554536210882731
0.12090265230339386
-0.4909682523030424
-0.9367835034440386
-1.0518206791047606
-0.7854189887381053
-0.2426661874326714
0.3731749698124849
0.8257520302470469
0.9437083335791274
0.6831037173200322
0.1424938844626162
-0.4682014805913207
-0.9192343785625225
-1.0324737902511196
-0.7708065002438854
-0.22573835862300196
0.38561638003044585
0.8409909867511801
0.9545376137337587
0.6972254173994756
0.15214349172150407
-0.4547114909417099
-0.9104057359351857
-1.0191621328894358
-0.7624744640709683
-0.21213540750259827
0.39377703646133355
0.8554251789829912
0.9628921458502934
0.7131746650425388
0.1611507452361749
-0.4363034164544188
-0.9001073151782412
-0.9968866547710192
-0.7499111143440437
-0.1837204409259722
0.410227244538783
0.8939785847044811
0.9862025291332034
0.769736284424632
0.19747085310951437
-0.3434866522057482
-0.8356107031111359
-0.8112663022516099
-0.6062377634115153
0.48161976458130096
1.0270885852816327
0.4676237877631084
0.052039890888710715
-0.6424282665844859
-0.9992037417871487
-1.143525200211881
-0.8076414481825772
-0.2950000450513671
0.3496152396804419
0.7485251662696518
0.8632856091317664
0.5468614242727091
0.0058649517092087535
-0.6341191233266443
-1.0714011673947634
-1.1979759669581207
-0.9544901490744193
-0.4601517881182631
-0.1030404773870568
0.08107591849736275
0.5876887016575782
0.9694527986224046
1.109884306105091
0.8259582340586489
0.3095785861561656
-0.34369740966819035
-0.8028960925927957
-0.980901242322623
-0.7330117102461052
-0.23383279522052366
0.39831157188170463
0.8479513007261542
1.0119678736951396
0.7581795748566156
0.24901326973591706
-0.38702905443426006
-0.844179549726829
-1.0109053492962268
-0.7629839773831508
-0.2557795771189472
0.3755448135427953
0.831222177803817
0.9940658248866617
0.7449998840975971
0.2345408544038985
-0.39770331031056094
-0.856151838830774
-1.0197601366830098
-0.7730848317021889
-0.2632835429808053
0.3668749375269047
0.8247383862491235
0.9865091698929265
0.7392965411331093
0.22786239510619186
-0.40280416181541123
-0.8621297341221618
-1.0243933930501818
-0.7784990024733285
-0.2675534162008344
0.3619172541193109
0.8207499610355194
0.9819226077207238
0.7355240595299769
0.2235779992108444
-0.40641392430055645
-0.8661684395631947
-1.0278843847384616
-0.7823388966741921
-0.2709625215813828
0.3582367404978845
0.8173912642746108
0.9783678670332044
0.7321884388532797
0.2201199984122373
-0.4097506329460353
-0.86955513174366
-1.0312439462144036
-0.7856768790771682
-0.27436491896751775
0.3549270835585931
0.8139273237454261
0.9750678611405694
0.7286450993534952
0.2168122592262512
-0.41339074151621225
-0.8728870551107855
-1.0349980328141823
-0.789048814252995
-0.27825032909194836
0.35149965511843484
0.8098928254771811
0.9715695492354502
0.7244430513742554
0.21322752285168486
-0.4177797802973878
-0.8765741452733679
-1.0395947796254374
-0.7928548166030529
-0.283077097545991
0.34755730131778845
0.804811771056831
0.9674722529188483
0.7190810956643934
0.20895524207175425
-0.42345206388484785
-0.8810432409107378
-1.0456101661837567
-0.7975447343212638
-0.289472345972767
0.34261992314906
0.7979951580767696
0.9622576055890658
0.7117959528565722
0.2034296982816456
-0.43125968636594614
-0.8869179156863107
-1.0540023862922274
-0.8038123520541011
-0.29852117264762895
0.33590876635761774
0.7882056577498285
0.9550440122852346
0.7011668987284729
0.1956445405495159
-0.4428455290623365
-0.8953564778422003
-1.0666852149991224
-0.8130021028895204
-0.31247022234654737
0.3258498320937757
0.7727839899417851
0.9439719761219602
0.6840180133886359
0.18338178688716142
-0.4620397041803758
-0.9090320252578508
-1.0883277724224079
-0.8283721783065366
-0.3370803757625673
0.3084219050915761
0.7445248346175889
0.9240088470711598
0.6511959223615493
0.1602427466951151
-0.5006824517706367
-0.9362284772973469
-1.134576320843844
-0.8608742883239391
-0.3935665776262283
0.26878606654928566
0.6737297165266269
0.8744564807192451
0.5593826850070399
0.09636175211824
-0.6255878769245126
-1.0215846962428141
-1.3174165700105482
-0.977205436436886
-0.6993286505835224
0.18753036892895206
-0.0888005323160279
-0.5774831885883289
-0.1264521523820987
0.3520510658564448
0.6550134740408231
0.7859508977778878
-0.23286377946463488
-0.7700239866793062
0.13384982859018071
0.49334903441326755
1.0976274737421767
1.0925972640310855
0.9471884137757932
0.31254761094569167
-0.23703061160837519
-0.7963045696221626
-0.8901839046837559
-0.7294346253468358
-0.15826673386909382
0.39676271387872986
0.9100660782331204
1.0042814036038499
0.8069612896722018
0.23228874364334615
-0.35469535987755413
-0.875613995349544
-1.0012001269914774
-0.8174800889989177
-0.27931973506978175
0.28258432695552826
0.7467982362285145
0.8161762003236336
0.4513338964944416
-0.33633563849143605
-0.7410953898060684
-0.6856995215306362
-0.2452386570507909
0.32437804743364324
0.8642460613478203
1.081300713124265
0.9654652997748963
0.4758867801104323
-0.12414025593226131
-0.6889175949935907
-0.9255127479906937
-0.8258812500238147
-0.35057385800959595
0.23711820666688477
0.7905911308515623
1.016592444319917
0.9074563351190074
0.4220867806735811
-0.17401034713067765
-0.7379071705357717
-0.9717152194008024
-0.8742354065741849
-0.39651736355953454
0.18560424787325866
0.7415066985642581
0.9573809640083779
0.8508576982331271
0.34838053110587935
-0.24505753035034275
-0.838346793251415
-1.0703686947122293
-1.0280552038588524
-0.5532662555921143
-0.09874048938592256
0.42888561337411796
0.07049795892532894
-0.265909583865632
0.2557705772083986
0.7251981587053847
1.1843444874662934
1.2372967734090634
0.9889836314879359
0.41133989563149354
-0.19030294623012287
-0.6669002981113813
-0.7737329057751247
-0.5261520159551367
0.03015674189191293
0.6450349903507144
1.1228302770778522
1.2633186441264261
1.044131621964913
0.5699945493149372
0.044129778151406354
-0.08658744531513674
0.22029365891173525
0.043625333965392143
-0.47652146483218905
-0.9461232217550546
-1.1410143883296968
-0.9796527359643307
-0.4842448255775138
0.13740920466796916
0.6856720707839482
0.9236332068840791
0.7982770820544979
0.3249182469913125
-0.2765348770431349
-0.8131067110964124
-1.0384754274048253
-0.9077131562603955
-0.4260074196123521
0.17625264119069925
0.7185377718743449
0.9406165035333954
0.813763323952013
0.32428691205468135
-0.2754683388168621
-0.8315022688469501
-1.0524132439306126
-0.9489534316167151
-0.46004411665287387
0.09713343527922438
0.649248666126932
0.7753980518088979
0.6574741694526547
-0.2437620422363237
-0.9022953512204375
-0.6850471323296617
-0.34638078439028197
0.301269702185073
0.7910787955616422
1.0843635968716698
0.9407260357968333
0.5127642306488518
-0.12478837386569536
-0.6569189100102908
-0.9465038781923608
-0.8280142619178245
-0.39788570066280976
0.2227401252741117
0.7565663684873419
1.0337647382315183
0.9168456916762483
0.4770610668607199
-0.14196905192541331
-0.6837257860346964
-0.9592171247668495
-0.8491169356308383
-0.4074487318690682
0.20546556630553897
0.7493446110752783
1.019126287057636
0.9114563719349039
0.464246689589871
-0.1458447664178484
-0.6953103235369736
-0.9617670128692107
-0.8599437662227627
-0.40875889174183655
0.19498233232598472
0.7492809919416255
1.0085792641348155
0.912749893407362
0.453183497739427
-0.14294162127426502
-0.7074528546263946
-0.9567713874597925
-0.87394004004761
-0.40075645205074956
0.17797214338486914
0.7621297081242228
0.9866722920621053
0.9346018686106268
0.42304287859039247
-0.10073552679202907
-0.7525810274477667
-0.8508887359221119
-0.9571693725852177
0.1630928146376923
0.21007976984991233
-0.7690903058767656
-0.20298433031629523
0.07977008082121541
0.8530005852359895
1.023962678189252
1.241487052834124
0.5761636136309515
0.4108543314230885
0.2688633068272172
-0.3354956987922254
-0.7948539758136333
-0.9851054165337869
-0.8005836596864799
-0.2905550416911207
0.33201129435456145
0.8663978988202395
1.0863245322654147
0.9384834290801224
0.48146810186676114
-0.1082864252572354
-0.5228259389414345
-0.6875928745664345
0.0014572574211891834
0.7021519368531978
0.2861755226121171
-0.04791365963987241
-0.7894242544374024
-1.024474858916285
-1.3729480636448506
-0.6183571883192193
-0.08943624952659036
-0.5061913730414042
-0.3036926090987464
0.21506704975495336
0.7455354723724518
1.0263343981689532
0.9445219215954876
0.5223137995018171
-0.09602676005168366
-0.6598330164989268
-0.9820010997516342
-0.9116452784276963
-0.5121558874928176
0.10030307263827405
0.6488905574888212
0.9668372853147964
0.8840715249730241
0.48071200600153907
-0.14433547572326888
-0.6967674142111767
-1.030880623688792
-0.950784535959668
-0.5741385319682104
0.0587393911057174
0.550162529712417
1.040717170757033
0.6668500276812868
-0.8970705968445338
-0.9600203377291623
-0.1798560391303485
0.4413987820246516
1.0001568509759626
0.9963104444458127
0.7581784983291466
0.1534973322379472
-0.41668085643136316
-0.8810317140630557
-0.9328269775060962
-0.6718303601080609
-0.0873064391120007
0.49228282002892093
0.944975845500052
1.0017860209246847
0.733012608808241
0.15186107052499234
-0.4333903471913053
-0.8832089767145376
-0.9444605521070641
-0.6726773608618706
-0.09529244402436132
0.493593057545182
0.9399180954206545
1.005951367269418
0.7305828927820742
0.1598355696498895
-0.43313756375055107
-0.8698620697063919
-0.9410415701979779
-0.6511949582954316
-0.08752156525189883
0.5284580492199537
0.9546536203107043
1.0652315862969393
0.7583763919314139
0.27079553411125323
-0.3756659918315321
-0.6166995307102064
-0.7921076318835049
0.41987408667017156
0.6870702631720881
-0.7830395365828665
-0.8310729291286013
-1.23610608406133
-0.6462540980698409
-0.3890541533916825
0.4610673000923366
0.46554519834780556
0.7818787063915498
-0.594658507499521
-0.8412226953349082
0.07622760257245566
0.6117629929448767
0.9781882541597811
1.0810846879881515
0.5868070185530195
0.17329472482368602
-1.0970998250759507
-1.0345717906330987
0.2490690771122902
0.651583804690807
1.0611411406488274
0.8708444002741341
0.4780965560519478
-0.1599539644304863
-0.6678470480522721
-0.91486315426508
-0.7837753701538723
-0.29560515533646564
0.3008949224489819
0.8929217875616187
1.1054038551921472
1.0774238261930602
0.5548180886529667
0.1408901358085248
-0.4946567817658671
0.0037398752884365365
-0.044860445082180664
-0.9320177656584914
-0.9165942768797516
-0.7755324789346911
-0.17021008291905593
0.4310505518830194
0.9486981594439892
1.141978695641622
0.9288454219628136
0.5426380675859307
-0.08890767015902491
0.01183662461415446
0.12097797594835714
-0.38583714437618494
-0.8425029394738566
-0.6174351184478113
-0.6136206762834823
-1.3050418098276289
-0.9241794224935973
-0.6132716621884208
0.1533413068241655
0.5561918895973614
0.8942664245890657
0.6415065987091271
0.25822603825251533
-0.43962068299094537
-0.8741452454348742
-1.16825038517311
-0.9330467144477511
-0.5178566664962206
0.1699641011503593
0.6328241402959393
0.9235825482436203
0.7281855371239498
0.3222524907262182
-0.20917712626455523
