-0.5284822079940256
-0.9652944698234464
-1.0495716120604612
-0.7784761963851896
-0.22024512331147583
0.3933767807443942
0.8514938443879874
0.9620991197305128
0.7041106267711783
0.15796852654584206
-0.44608053507004264
-0.8974129736402833
-1.0004463984039131
-0.7382916137471347
-0.18586688577385768
0.420839737090923
0.8775656818969146
0.9822942811385739
0.7248965921579361
0.1735052424789897
-0.42890801112912635
-0.8850842852997244
-0.9858580944664901
-0.7282836624891713
-0.17318089288620608
0.4291070216518001
0.8888270274512132
0.9892189595895815
0.7350833468117439
0.1793706575751263
-0.4195289827423277
-0.8800706958202553
-0.9770756723358245
-0.7239667254873359
-0.1648217556907406
0.4328452337134063
0.8969107958066376
0.9924689748331994
0.7430233371122164
0.18220219020254122
-0.41161037420216556
-0.8776043215446728
-0.9690591531758491
-0.7218256727796983
-0.15658540243040928
0.43468905400823793
0.905497526061948
0.994032645906495
0.7521065022227458
0.18349153340464042
-0.40186056587151164
-0.8765961779653781
-0.9584367633712684
-0.7211213260055028
-0.14483233856615466
0.43504581500176603
0.9187159904521965
0.9939673630788144
0.7672400153373827
0.18288254830383
-0.3841843652530072
-0.8779474526283454
-0.937301913741999
-0.7235465549981075
-0.11882666409727628
0.43096832848605915
0.9519323273604889
0.9871603341476726
0.8119575888063678
0.1711284229194149
-0.3187617772138891
-0.90001074325701
-0.8249198758886832
-0.7734737423203626
0.2050716263428875
0.21844960001642844
0.8828255588112458
1.3990807475869493
0.3607363653527699
-0.021130802820878446
-0.7158660445937451
-0.7776139797844521
-0.7028975166474564
0.029754288877894736
0.7318845190475638
0.9157477492096869
0.8713521513614632
0.0497344543607299
-0.05449644870707698
0.48236884820790904
-0.22676802375614488
-0.5688368217600225
-1.157756368624351
-1.083233550692632
-0.9542155620934557
-0.24980085049259443
0.19990255677889712
0.8144948750372946
0.5900782106871851
0.5998977504725658
0.45081225474470016
-0.07849053705841914
-0.7218845650422636
-1.0567436424532812
-1.218498473254543
-0.784154434847821
-0.42835007848412354
0.5370189329570099
0.20908082367885494
-0.6551857923863207
-0.22322949084826518
0.14159641677168378
0.7913502988913724
1.0467855235074293
1.1033476607514074
0.671157835413132
0.12701990038311914
-0.520434554801429
-0.8539405374944569
-0.909343769351553
-0.5189573717248885
0.02499646117506137
0.6480564779300492
0.9801568746963482
1.0210715131636638
0.6281389875294136
0.07608624149415266
-0.5506701941743805
-0.8862626187341819
-0.9321375067107656
-0.538980383633882
0.006606932413987238
0.6369664143607295
0.9641646483718354
1.0171195748215462
0.6129193128009702
0.078457145119379
-0.5668563447318745
-0.8776392501268361
-0.9518343639701713
-0.5234584071948658
-0.02154607982967728
0.6608508305280536
0.9149708035308898
1.0515388807150772
0.49670652480401783
0.12217087563196356
-1.1517575131178739
-0.9316181250965045
0.4716053888103764
0.7060136336084756
0.9339443482686259
0.5018896413888498
0.025227720072496112
-0.6235150488060858
-0.9399641139179373
-0.9958150535091203
-0.6100653852041006
-0.050190217574238034
0.5650853388928507
0.9354334852712384
0.9622775531889035
0.6189641936313938
0.029625947321404084
-0.5462981616042424
-0.9513884742569017
-0.9357339152404188
-0.6401021430167412
0.002692323402281376
0.5002713022984702
0.9851965353091559
0.7990980186152524
0.6560526410800311
-0.7746268569424051
-0.7270971433263588
0.7858014133402431
0.6899063002307709
0.7664065798729179
0.07456873626454716
-0.3555244329832447
-0.9576370467114244
-0.9669952429215509
-0.8423388521448647
-0.20406546548738047
0.3173371610764639
0.8872989835608068
0.9494047248223118
0.8036797541537145
0.1999265517328323
-0.3359343059591948
-0.8815249976883298
-0.9537209418041607
-0.789912447283996
-0.1931107818921432
0.35662473313507936
0.8976979363254166
0.9807725359199002
0.814481217637898
0.22630787098681548
-0.32407380090176346
-0.8582997899410977
-0.9402262082024703
-0.7685804185817205
-0.17736047363567314
0.3770353452183558
0.9164798583673226
1.001106699189351
0.8373597317268459
0.24740001642577072
-0.2955331739477895
-0.8355302409936395
-0.9035720198432061
-0.7430662296635213
-0.12846360514938765
0.4063708753501569
0.9853557308243117
1.0337737717787507
0.9460836066656104
0.26220361141942405
-0.17078970878622413
-0.8948425192447338
-0.31646108097774106
0.6828394472764674
0.5786538212685098
0.3167513950024934
-0.3071768312378385
-0.7989153847174489
-1.1062936757372068
-0.997143248477436
-0.5764538355701672
0.046742067839992386
0.6113292364552638
0.9172682989133991
0.8503183252153544
0.42817335475766377
-0.16733478587754452
-0.7333265747171142
-1.0195845051295536
-0.9540361194397098
-0.5170699571451786
0.07697173261156279
0.6546412558260754
0.9392977203685935
0.8833065323931513
0.44453163796441786
-0.14141838057440048
-0.7211828676955335
-0.9987652307320235
-0.9452477525853311
-0.5000878460071103
0.08289430955266557
0.6686168771128598
0.9425853988269417
0.8948327046265474
0.44520374922585143
-0.13196738087505355
-0.7233155577993768
-0.9911385123317148
-0.9506226126471288
-0.49410575827570963
0.0734942047551759
0.673143212653188
0.9278330490990393
0.8983065348954166
0.4228273196484037
-0.1282410378627272
-0.7573889219466956
-0.9820651226001721
-1.0042393147220379
-0.4534654029461266
-0.01580580036860556
1.053254470746111
0.7966032493141378
-0.9374583575377518
-0.8403612059650555
-0.16640961139841334
0.43452782401359263
0.9160021424261877
1.0750837597661689
0.8522363741638269
0.3319754164187079
-0.28752637869288156
-0.7766705410799977
-0.9394050017144107
-0.7299166376970838
-0.20880734195779654
0.39951015847321447
0.8913995063753831
1.0452987126867888
0.8395939115078065
0.31146626486179285
-0.29233862008320066
-0.7899065507392719
-0.9386576258467284
-0.7376479990539759
-0.20372599459927984
0.39610546169072053
0.9001892938468158
1.0454911572687358
0.8518478411774341
0.3148436306472006
-0.2765848040569205
-0.7835189700465576
-0.9191216965050355
-0.7282254353218673
-0.17986365880545152
0.408782975931279
0.929250293821362
1.0618686618006359
0.8874448997784489
0.335667438866955
-0.2323863290051029
-0.757044953015045
-0.8630092436108141
-0.6941185063115657
-0.10616165415901037
0.45399986363815503
1.0313200265883582
1.1250016357619066
1.0420322740297785
0.4327147812011725
0.0480086762236466
-0.5735362967970135
0.05113279307992053
-0.009095213139811691
-0.8543127928700835
-0.7202393602975246
-0.4062027547676008
0.23813292385375992
1.1667507484297772
1.4979635092965533
0.7555295177068004
0.44422587771522104
0.07841593007296413
0.07375560912254094
-0.580269651509399
-0.11178558809544682
0.0033590564027695677
-0.5994212478695671
-1.0393534383823781
-1.2839628968401529
-1.147839705057784
-0.6804689120372595
-0.054263494099559835
0.5220575866027839
0.8085000831975645
0.7336948508189183
0.2974661326295121
-0.2945586984311637
-0.8474504459352316
-1.1126136004038754
-1.0196470846258703
-0.5692862844508508
0.03716652822050412
0.5998009598409635
0.8766322793015745
0.7904915272396322
0.3496762661577201
-0.2520244416038193
-0.8068087589682191
-1.0804593978930148
-0.9878755350121708
-0.5451513330752605
0.06177561227662022
0.617363894715226
0.8951378403265362
0.802320576888884
0.3626640176690802
-0.245553777133965
-0.7991508074581612
-1.079387928754227
-0.9857584475628018
-0.549976654278046
0.05765643854270019
0.6055363948028032
0.8833890464140419
0.781434077728808
0.3407317243556471
-0.2792648092791358
-0.8360148244837399
-1.1332093960759675
-1.0470764076965606
-0.6398283736701404
-0.05019666921397399
0.4355374515729745
0.6613112955417648
0.29127285516671997
-0.4488473005424739
-0.7017460705200909
-0.44239744616506377
0.08141651444302658
0.6531960652115868
1.026417569363191
1.0552320070939427
0.712391178277386
0.13288117882426428
-0.47726939279891967
-0.8753735052133261
-0.9266477275318704
-0.5968305949969945
-0.03238032189573727
0.5707973804582107
0.9577811899287882
1.0057758750664632
0.6670551460288393
0.10193851773021616
-0.5089360293783619
-0.8944585339328632
-0.9496459731839569
-0.6074758886969012
-0.0496472638718721
0.5667900978625037
0.9442881695102586
1.0075555875646256
0.6557776154360747
0.10933443021724802
-0.5196229151956593
-0.8809958345987509
-0.9621035374924679
-0.5867694709124793
-0.06855391658566327
0.5969151724329055
0.906671236698863
1.050533559671169
0.5533914607406419
0.16700463327409387
-1.0984461953498794
-0.9010444035014181
0.5737961933082844
0.6920065552208386
0.9068783807592455
0.35650166426778057
-0.07407548078147136
-0.7591155524094667
-0.9326877197615406
-0.9834475881017052
-0.44243744308814736
0.04858344278455638
0.754719478376903
0.9396093299916527
1.0505091643529993
0.4588391377818987
0.11604526926980896
-0.977748805299264
-0.5396735518897005
0.6544278923480461
0.5282808784913069
0.3403392682779216
-0.31104062743503363
-0.7819561976622025
-1.142857070513186
-1.0373761837514974
-0.6635936191366736
-0.023270726240029717
0.5310247712034825
0.8852987073962864
0.8271483383751544
0.44889307577716303
-0.16095449002165277
-0.7186760804027399
-1.0516471989847422
-0.9964876436107659
-0.6024041962427762
0.00449897886977088
0.5745911183856712
0.9043696872648302
0.8593370519700098
0.4615394580010436
-0.1366790310393172
-0.7113160494657457
-1.0332646217878916
-0.9940173993519763
-0.5887511953350447
0.0018288928757378927
0.5840663915100384
0.8955122463700408
0.8645998946306598
0.44411727609804996
-0.13649613829301555
-0.7425055388099896
-1.0407425362111842
-1.0517815523506946
-0.6113231327795918
-0.12437098942411229
0.51862048450765
0.39236374997571594
0.5167834753412744
1.0260365847498174
0.6690330376390282
0.2546234322301053
-0.4395870479910022
-0.8443133892046785
-1.0507289458669629
-0.7668425118151059
-0.28929882098481985
0.36974837010061357
0.8020649785051235
0.987733833975582
0.7192536553561798
0.22806674645033717
-0.42125640840908907
-0.8631777717848685
-1.0422657755798859
-0.7808724676540268
-0.2850489325623075
0.3588622668973239
0.8041164931348901
0.9789613502784098
0.7199701305232915
0.22074938524194404
-0.42145916571379294
-0.8694808511037053
-1.0431722100833354
-0.7864693876013227
-0.28654335990420704
0.3537470872428344
0.8020950841284068
0.9741575790134268
0.7174500057044455
0.21612206088170421
-0.42447132128538445
-0.8740437038542757
-1.0466855270422464
-0.7910653795164302
-0.29057995868793773
0.34902833156229635
0.7975011559358698
0.9692293337589416
0.7122526327885781
0.2108960562700355
-0.4303314313844506
-0.879661571323559
-1.053282886739227
-0.7971796192314201
-0.29800739294461653
0.34229749249017977
0.7891280992317646
0.9617393406364194
0.7027894965539734
0.20247335718152376
-0.44106670860696356
-0.8892333748135262
-1.0655223389134887
-0.8081765361535791
-0.31205094337404604
0.32951535921104486
0.7728860710523332
0.9466908756413255
0.6838196370965569
0.18449881147770353
-0.4634926272916954
-0.9110658943887608
-1.0924363039113032
-0.8352299329139586
-0.3449693559917555
0.29516187310492253
0.7316322493536572
0.9016925960232262
0.6304347593218406
0.12308849391992385
-0.5356804528098558
-0.9998373902992825
-1.1964812645494622
-0.9754102287374814
-0.5109551706837031
0.03511064710131058
0.410777263290145
0.12207378261004931
-0.4829448149443961
-0.1995207400413168
0.19326603358437736
0.8258153814390364
1.0587505448837602
1.13416231712365
0.6542607231017163
0.15488218821874034
-0.5583550519350927
-0.8218402491552812
-0.9666591052634551
-0.47957712430665644
-0.06889961576180906
0.6892812809099905
0.7859895195830053
1.0491291429442844
-0.14438529989281704
-0.08092987187157052
0.8876801638061607
0.5213595389846375
0.16678545111298018
-0.5063264903329987
-0.9265708297629619
-1.0891322226646325
-0.865015802141498
-0.32400884910327604
0.2222019947016501
0.7416663662066393
0.7060803688354388
0.5675295964751506
-0.7324453952214236
-1.1390399577352492
-0.09689769319460692
0.3155594955832538
0.9537152400708989
1.00186486554665
0.872928171162699
0.2797944625469245
-0.2795141499007217
-0.8178496691462888
-0.9427477643943954
-0.7650585283123896
-0.22256580880062696
0.368367551377259
0.8681817066382499
1.017263047443906
0.8068142699503364
0.28516792557995324
-0.336678038952855
-0.8166115025953343
-0.99825823304136
-0.7669645524385151
-0.28437173093314255
0.36158730558746605
0.785869547131485
0.9988607450408935
0.662434162787872
0.22830647662959616
-0.8392822841702297
-1.1478462150451891
-0.48305856592541896
0.027529750518234322
0.6754458199568163
1.029059082845484
1.0317717533722761
0.7270430440459347
0.11898186636667998
-0.1803210130804971
-1.1533779511749538
-1.3783135120875092
-0.26972733154643674
0.1661057709152401
0.8500157268195426
0.8896729690388845
0.7993376390652702
0.18653401588082313
-0.3334162785576118
-0.8955824919593977
-0.9784134565449516
-0.8289283695070176
-0.24365392299426383
0.3121814211322072
0.8546932410446794
0.9619280652849567
0.7973904209135735
0.22991483345265487
-0.3380197157895847
-0.8669233939340607
-0.9842384052096743
-0.8089409880159253
-0.2501034394072716
0.3265521740465242
0.8478792566989347
0.9723951776896504
0.7903170170107381
0.237507721467705
-0.34532751238432435
-0.8615580515871996
-0.9918022591310506
-0.8053880607538779
-0.2579767968371911
0.32855741072007616
0.8396168860064093
0.9730122218634051
0.781560405006253
0.23681585289170398
-0.3547129070893716
-0.8635473265746024
-1.0019876809745536
-0.8087276205389152
-0.26918220017694316
0.3237457067568174
0.8271043005399221
0.9665240986298728
0.7673575686433285
0.22833928948304885
-0.371130085246083
-0.8744757957416347
-1.0213579937443054
-0.8227977786315049
-0.2925847625456235
0.30548582791581785
0.7980237418368565
0.9424237912979071
0.7299494367975456
0.19565919262395728
-0.42144455098610206
-0.9206272096010366
-1.0933074204907984
-0.8921253246969477
-0.4054766602482013
0.19032038400457152
0.588509683125121
0.7104464918883401
0.08945216563694618
-0.6486547340604493
-0.5711123912910618
-0.2616244584671222
0.3694230841520607
0.8414673847339615
1.144936084749771
0.9870065172538453
0.5760917015123737
-0.0816405738832134
-0.599265954289066
-0.9165008012393586
-0.7830635634493572
-0.38059956165623204
0.26395542640062847
0.7757391488937699
1.088027049584753
0.9500586171280663
0.5512097312425168
-0.09739407132677326
-0.5921426922251563
-0.9087461866201578
-0.7202936336649969
-0.3267766280834807
0.5746466914958503
1.070844335426036
0.8479763801680175
0.46939911315684585
-0.1735294364786037
-0.6970475164896761
-0.9984209570250826
-0.8860658720159705
-0.46528258712512205
0.1588182681926076
0.6965818889017682
0.9923823750466069
0.882267103453888
0.4609915348656472
-0.16905219067213723
-0.7040376536490647
-1.014163338750859
-0.8980763267224788
-0.5032413265093797
0.13707631092977665
0.622175358581359
0.9500236882198524
0.7196433158912916
0.3593805214642356
-0.8013631964845691
-1.1855529001815315
-0.3724391180774099
0.07548619344849192
0.7709072698905679
0.9901238476284729
1.0143985391390593
0.5345599154477709
-0.005754256606213119
-0.632579923541198
-0.8957929062396937
-0.8899494863366504
-0.4358126368944276
0.12172250787301857
0.7318576707157948
1.0064610339452573
0.9890708866572278
0.5432443547701757
-0.022600469774621445
-0.6262020456307389
-0.9069270654471328
-0.8840728106254067
-0.4428033621548669
0.1278637214726582
0.7280806853236206
1.0132716655462517
0.9879480332232199
0.5509994016640891
-0.02139597240913173
-0.6172629636970925
-0.9035618088571824
-0.8736975983719704
-0.43732152639770167
0.1399721707815105
0.7357406938306039
1.0274863852413187
0.9979521203194718
0.5678073736376175
-0.008765332076848154
-0.5972065128698568
-0.8878774419192725
-0.8494846418499755
-0.41796102961294584
0.16964313997939737
0.759681690298216
1.064561074694833
1.0278113106627151
0.615362991784027
0.029061055564601816
-0.5338902989372805
-0.8387670693450986
-0.7600658040281393
-0.35169194313171237
0.3115375023848002
0.85561769845022
1.4113967104459737
1.2076586339832214
0.4377137585261192
-0.016545849943801445
0.06111419551334461
0.42379914868308644
-0.1338693053580423
-0.507699451418274
-0.9406428871341409
-0.8366653538336752
-0.31116870452083895
0.566506141052757
0.5544524144752903
0.43393002426423943
-0.25100439312150635
-0.6746452979367483
-1.195533348331912
-1.0619310198019878
-0.8832655918575731
-0.12863325421466484
0.26565140878649224
0.8650883828896669
0.5795405708142056
0.5319077742674506
-1.0458196540633977
-1.0204509157826676
0.40530872727412415
0.6707745770275149
0.9117069638186768
0.5462762139737654
0.04447012194602323
-0.573405991091728
-0.9741571351742739
-1.0232887797933767
-0.7331361141173289
-0.1264400304985033
0.4324887764853848
0.9187364301385851
0.90462676053521
0.7118371221913872
0.005640127851477644
-0.3927962815043227
-1.2387830624336233
-0.6791245782816978
0.40617785092316266
0.7139323314083978
0.3258261272694384
-0.7312164516461382
-0.9045000459826958
-0.9827723677587187
-0.4834173701223928
0.04300044472717974
0.6564353787602372
0.9144647918009496
0.8723128805788797
0.43139322673690506
-0.16769901997020156
-0.7327167499374232
-1.0553932283330731
-0.9647786391125315
-0.6045177496484014
0.054999757907506594
0.47042871863589175
0.8945445868474834
0.1705066142852313
0.13717903028917647
0.9691264938344268
0.5071986539570318
0.18837541559683774
-0.5609750260214758
-0.8779897035231643
-1.1030837926693935
-0.7409828423997294
-0.2890552150106119
0.4094534404697658
0.7865621457966749
0.980183725508444
0.6522864561207335
0.17877245239853232
-0.49807610291333987
-0.8909456511889462
-1.070193996464285
-0.754279526215213
-0.2712118230035671
0.3962853147924915
0.7951604558141975
0.9670006644883209
0.6542105700488314
0.16524843915140344
-0.5016973277259084
-0.905222205271203
-1.07903402201743
-0.7698061535703683
-0.2855248494909329
0.37888049320413264
0.7745510583621609
0.9468718187203139
0.6257478010158644
0.14117460640751414
-0.540726888010261
-0.9351392933102934
-1.133466159705888
-0.8087838872748325
-0.36471874883278366
0.3247368686283471
0.6494849568103301
0.8638399513565755
0.3908545432906432
-0.012639027551063976
-1.3288177212888466
-1.4567417874625614
-0.34039005619367946
-0.178775569412898
0.030902453074329855
0.3655059886172674
0.9111689508211983
1.1113385655170447
1.0274184557809964
0.551478846725599
-0.056656168875148565
-0.6364123841623435
-0.9301465082207334
-0.8543264775135532
-0.4354695711455253
0.1722768661762737
0.7077608044539034
1.0051536194301578
0.8881538643188278
0.47652372366898055
-0.17650516043464767
-0.7001777132324283
-1.0565214782902306
-0.9203082529164576
-0.6017561860320947
0.08478669076932818
0.4129709099948555
0.8379350927914643
-0.15988526280831036
-0.25180542822408736
0.9776326320928331
0.8953383809503359
0.9209362672746823
0.24513223615908603
-0.2281871811954066
-0.8510336580760443
-0.9169222482539767
-0.8257239056581862
-0.22083046968300113
0.29388141166018805
0.8759450720761716
0.9536719252673861
0.837516164493088
0.22502991519404836
-0.303989272247205
-0.9142735355793523
-0.9958343570204742
-0.9415783464830962
-0.31210969299849695
0.07116364651699547
0.8463135687598908
0.3055525738974338
-0.5557459041478103
-0.29882741860371814
0.07498741445185857
0.6974750528622552
1.0988453049058902
1.2340337209547152
0.9638238610126516
0.42703350093642023
-0.19186130660153566
-0.6641456311700003
-0.7870832664415303
-0.553677344351749
0.00463856253152403
0.6047836295519772
1.1129877160280317
1.2304887205782051
1.0614926909918154
0.5129259553008314
0.05405746569359857
-0.41800513533245937
0.06306035850379588
0.5681367399342575
0.12772318458323098
-0.3292462890151706
-0.8812856749624625
-1.0674085669581068
-0.9649734273361267
-0.46395810654503716
0.13878114905843955
0.7235356097965905
0.9807540433307793
0.9143282839441008
0.46300481317322817
-0.024966778503927742
