-0.26146942558022557
-0.32914184280873043
0.36399965824862246
0.7647013533417678
1.106754452152085
0.9195093644517133
0.5335590092898401
-0.1422778596421487
-0.6463019688377681
-0.9779051897831087
-0.8382311057308142
-0.44522565880659987
0.20287281475721158
0.7120401576867781
1.025335701671183
0.8896169853730187
0.48356129911133283
-0.16137611970518884
-0.6803462107396266
-0.9910428884960898
-0.862969991348419
-0.45473181724996353
0.18407279898292933
0.7049052497256307
1.010577149675625
0.8841125928387513
0.47169017825620696
-0.16571323438684027
-0.6900730242688935
-0.9945167446050994
-0.8710526525853282
-0.45754975632649575
0.17728570349605727
0.7025973619185162
1.0048358381411515
0.8822095197140294
0.4668117267127152
-0.16728897524062125
-0.6942247956962099
-0.9958231170551521
-0.8745802558256711
-0.4586306304756485
0.1743047013436634
0.701708549097981
1.0023428808603123
0.881487246829146
0.46476318269624123
-0.1678640682445582
-0.6958604537381302
-0.9962654577159585
-0.8758243708000405
-0.4589505687136216
0.17343972067717942
0.7015041630676561
1.001852837022982
0.8813947006368579
0.46465181323505966
-0.16784553063549537
-0.6955813396160762
-0.9961336535519548
-0.87513433561581
-0.4587002295827856
0.17457076758310655
0.7018817200539552
1.0034662292997638
0.881912121421016
0.4668024423774575
-0.16717080376483934
-0.6928217335186475
-0.9952781594119902
-0.8716725095586041
-0.45763271062150046
0.17885618017501176
0.7032029143500952
1.0087342584417738
0.8835428790698766
0.47326378302743793
-0.1651545509002137
-0.6848836872331471
-0.9927714415489288
-0.861869159105203
-0.4544871535307926
0.1910705975478928
0.7072028945300625
1.024149161797473
0.8887212854957349
0.4930634578473364
-0.15829009240497668
-0.658839274104049
-0.9833832715613098
-0.8264814855091449
-0.44109837656183687
0.24138544784243937
0.727434398594326
1.1006304212342857
0.9219737625065575
0.6225070344040019
-0.09586622655135821
-0.3899223922672904
-0.8333531757868442
0.215931803873006
0.29435257348174876
-0.9307989862321674
-0.9139445525660121
-0.952617584690331
-0.3308321396360219
0.16866440252439566
0.7835362565769083
0.9162380237240627
0.8296856170047804
0.2789247920967704
-0.2740484009597435
-0.8478865601193146
-1.009484134309676
-0.8968530493154896
-0.3634727099130358
0.20688574796739512
0.7698113932779329
0.9431634051407821
0.8237626494289512
0.2981520396418772
-0.2760070535169351
-0.8342230736771612
-1.009004923300432
-0.8874461662808897
-0.3611528904666809
0.2128453869775036
0.7738454609222628
0.9461621472963985
0.8297108218982898
0.2984470496710286
-0.26761206041349206
-0.8365547889913774
-0.997157518161619
-0.8924827098587279
-0.3440154980232942
0.20489420710074638
0.7998126216142618
0.9350357951255917
0.8721000996433792
0.2842160056989777
-0.189360738102318
-0.8515323949357003
-0.8145099031826195
-0.8903856963295856
0.5085805858243349
0.46901897039667384
-0.9023455423620065
-0.7084415536725148
-0.635659940101923
0.0800745657915836
0.5248204363587649
1.005767907576174
0.9264044491931511
0.6601536879911539
0.0008606420499269234
-0.5302699900706398
-0.9776638519561965
-0.9474482829354378
-0.6591653619968699
-0.03164345814630525
0.5148623155560484
0.9399953381717765
0.920940144433315
0.6161541685141831
-0.0030603282283157966
-0.5623328001542783
-0.9811935520252487
-0.9723564288085463
-0.6628147168922196
-0.052015264068129285
0.5108386590092276
0.9225937545775376
0.9163960436159371
0.6007161016263746
-0.008225853458089233
-0.576497395001463
-0.9870663557118483
-0.9857510630362746
-0.6694815873352981
-0.06503210790731515
0.5032798070718878
0.9096269700527743
0.9078280324674158
0.587504055051943
-0.017947673985468968
-0.5902422081623144
-0.9981239586947709
-1.0003302088945971
-0.6821073774646357
-0.08078408220163587
0.48878445808885923
0.8922990579665857
0.8910654511022762
0.5680948780649233
-0.037513295918786355
-0.6123958378757678
-1.0212331189535566
-1.0261374503983518
-0.7098159761276225
-0.11154848606206418
0.4549108058117101
0.8546127090732357
0.8485868420316004
0.5203426875603439
-0.09265658818357128
-0.6756444234232013
-1.096434188236919
-1.1153027577314905
-0.8204770697674542
-0.2500711871867545
0.2682750577423367
0.5967255046269583
0.3861649324782343
-0.31107191221919395
-0.727932165345884
-0.44503962101557465
0.0033746124150221706
0.621387924264624
0.9568874075624237
1.050163931734319
0.6714267219417643
0.14195900644933
-0.5376176691628431
-0.912134396188128
-1.0662427224432978
-0.7115683548131335
-0.26534695553648613
0.3954252315110641
0.6088359967266622
0.738418028309313
-0.27828606628764313
-0.8469332744561124
-0.26244858105806057
0.17524142571348142
0.8081120244504656
1.0795742602702898
1.085612156564871
0.6624923283748144
0.08264076129354257
-0.5269827684203627
-0.8682122298168372
-0.8668155359094255
-0.48686166218721294
0.09624709052423588
0.6753676872255009
1.018482256787872
0.9933760271532401
0.6149369215005581
0.01187796485589604
-0.5656108700042033
-0.926790463995466
-0.8995944916765863
-0.5387485852066008
0.06721556899516651
0.6262293537496701
0.9916464391236643
0.9434235187913483
0.5890714913010588
-0.04305839406161704
-0.591356099218016
-0.9929719119711565
-0.9246429344922446
-0.6280060497130221
0.0529683674237117
0.48472544794662387
1.1435459134984294
0.6218636753579517
-0.5273546182678128
-0.6792400253340759
-0.6939680580261736
-0.16209346378501305
0.363128933684499
0.9277815778266614
1.0926435376075334
0.9737092105358466
0.45041929878548176
-0.13625286955803784
-0.6949483523529723
-0.8954245102633223
-0.7720498570594219
-0.2720017103393565
0.3182049458969866
0.8606240184101172
1.0640860533794452
0.9287984190005112
0.43141377642619355
-0.16774814824980874
-0.7076699676356243
-0.9179505914504807
-0.7802135912867479
-0.2880152130610503
0.313647733579189
0.8496984036984285
1.062625078091464
0.9221355129530141
0.43282556071518513
-0.17058146260408966
-0.703389861794639
-0.9170909034761588
-0.7728671123602026
-0.2833298359117519
0.32448625470247383
0.8586418444687915
1.077683969117923
0.9361721927127238
0.4532922843732951
-0.14998386675659497
-0.6755504782942473
-0.8873302140504105
-0.7342220976996389
-0.23947110545069142
0.3805342304576933
0.9272567445030928
1.1659689518820044
1.0589963531267577
0.6183336110982156
0.1893261800052321
-0.13861758493095278
-0.6282962909995806
-0.9762421490508809
-1.024209531737714
-0.6653387549213173
-0.11510997010474483
0.5493920604001062
0.9030394786946936
1.0755119074741601
0.47030301015385956
0.28700219784420883
0.47540183097253574
-0.22066699668745957
-0.6170529545582145
-1.0455317452603259
-0.89928568974861
-0.5907332605501583
0.11666203901007402
0.6354196153344674
1.106324141080348
1.0328611944921258
0.8239772965092719
0.20080777305359637
0.07033193474882662
-0.10597486781020808
-0.40811225832876064
-0.8439527805708817
-1.1927013595602065
-1.2392800809620093
-0.8619100826543603
-0.32346343471517097
0.350260261140977
0.7076954187437836
0.8493293766400162
0.45953231125551
-0.007124102496181422
-0.7193400926991608
-0.9961711369805376
-1.21592066185443
-0.6876002830634195
-0.3910411889598985
0.8827766016092754
0.5121226795606701
-0.7389216670598825
-0.6851665374130628
-0.4420646166590315
0.10436760436717663
1.0913217768111552
1.1847829491582862
0.06355123374200781
-0.6033086761600787
-1.1921939524953282
-0.6303157856447812
-0.33781840979798367
0.4576782925666996
0.7592813222302361
1.0558440450703193
0.6765172404831021
0.28207789749197104
-0.47919926116818573
-0.8342692109273201
-1.1389080799512479
-0.7901826714143507
-0.4483628328362056
0.2959935162644979
0.49789266194036214
0.7920898052066143
-0.306785834650907
-0.7197990600587012
0.08404702209271477
0.5708380411197268
1.1213001992477434
1.2659929923691189
1.0921221114207265
0.6402995384524347
0.08548722486553544
-0.013820508404458282
0.1548893297693626
-0.23146710393104833
-0.7317856241983616
-1.1150284481266497
-1.136401526683425
-0.8200772164152911
-0.23212128457584344
0.3741462514121254
0.8036538892520946
0.866827618191016
0.5690092131046107
-0.0038583611348733983
-0.601895619762292
-1.0363449915401644
-1.0969831150333307
-0.8361906764797121
-0.2674708558676689
0.12920836323491858
0.5199680526910936
0.9802057579452141
0.9412470419373945
0.6325091900817279
0.011931842664538266
-0.5584169867895447
-0.9759186145375298
-0.9807753323239288
-0.6682192124559175
-0.06909192026296702
0.5001171692542156
0.9036986091304523
0.9054658791544551
0.5819456274573082
-0.021653597211127164
-0.6009432352829521
-1.0103716872198114
-1.0226539378087647
-0.7066150801892115
-0.11517281580642783
0.45447964431503246
0.8485713503364544
0.8481337537207978
0.5110887619180322
-0.09786982103883747
-0.6990455185244743
-1.1189782196853981
-1.172096592138737
-0.8779361555126768
-0.38201819086297006
0.1291997296897257
0.09922756326099574
-0.2331430152749543
-0.005896579820070997
0.33591124874297346
0.9223180179063318
1.130709972424138
1.1385919475475994
0.6464700610276967
0.10444382782914406
-0.5737325660133477
-0.8426095427361524
-0.9241948044946363
-0.4510384614872559
-0.003027591671953303
0.6846352479581796
0.7698998016119737
0.9005773445385139
-0.3842289885717438
-0.6498423979393944
0.6067642857694452
0.887559423536564
1.0562415807599776
0.6126080537946347
0.11114201769301678
-0.5358175349779853
-0.8461357721573538
-0.8912317990512255
-0.49060849703970133
0.06468595027406707
0.6834268641484276
1.0250351918077738
1.0518017733061487
0.6731696051051352
0.10642743212070013
-0.4941291807263423
-0.8416968737855561
-0.8508935291681424
-0.4729865259851652
0.11353566446070704
0.719535785907784
1.093072216940406
1.1168661228994443
0.7794777248117444
0.22506007237288878
-0.2995614369140794
-0.5935240293639565
-0.30065705100279627
0.4139514657114755
0.6026292784303019
0.2853253658623627
-0.26497201160708833
-0.7986080288931509
-1.1020210654596994
-1.032316052653973
-0.6218915912971732
-0.006928933962002987
0.5688856443340895
0.9020062510175751
0.8562178485613108
0.46237770663752803
-0.1374560159558219
-0.7030799544967015
-1.0260657055433724
-0.9736838039801453
-0.5728902229918635
0.03131241899994009
0.6016727396443855
0.9275526418761972
0.8782355841520468
0.47930209954418
-0.12319365141560923
-0.6924557627061294
-1.017816486540258
-0.967990285273442
-0.5696553909026318
0.03287011028668454
0.6004042227211976
0.9253810457064297
0.8726069915252107
0.4735055629209138
-0.13336814618957255
-0.7020533646129343
-1.0330776893054825
-0.981880343695964
-0.590998360927553
0.013774609307401705
0.5713171950294004
0.8995184646919869
0.8330173529863487
0.4381929979853228
-0.1882202875268124
-0.7516703698008494
-1.1120775050551872
-1.0554709229216124
-0.7130992374832847
-0.10638850368894577
0.35436647486172285
0.6619391952449286
0.23925811660383586
-0.4108589604464937
-0.6423358046845854
-0.1836531199967896
0.21953766484888299
1.3404371636931005
1.1378933772064481
-0.29443392760645554
-0.5329545775333271
-0.861004441567253
-0.4235076406397458
-0.02606551585058796
0.6881757463615084
0.9715036120948344
1.1368707765174684
0.714323731270604
0.24516102268266082
-0.4664168076514051
-0.7870755834014215
-0.9570911545760552
-0.5537011627527274
-0.095104948257589
0.6094569281410037
0.9133366493535607
1.0864118206348756
0.6582819059830868
0.2131396813487512
-0.5280592488152686
-0.8052596339455597
-1.0354851348057208
-0.5601695545652787
-0.21442150221057488
0.613186681085533
0.673705188121432
1.0916594574112766
-0.33407455213978426
0.0674864686537411
1.300378372106483
0.4737346541147148
0.22935029824594322
-0.5797140804388489
-0.8231790806159278
-1.0127700539284779
-0.5939637569682696
-0.11622648219868797
0.5654132197206583
0.9146314734860898
1.0359177499078787
0.6780095004403055
0.15648171856660664
-0.48524801380070887
-0.8654876777851173
-0.9583050031293343
-0.6239182790476032
-0.08077121214204172
0.5421694251044159
0.939673993739827
1.016814666390467
0.69682326627813
0.14007787505832392
-0.47038522009118366
-0.8801250251758795
-0.9460526052172245
-0.6374720175468908
-0.0702966751531659
0.5291322721449511
0.9489030589098572
1.0037554816753769
0.7051439038380773
0.12641036450894394
-0.46278211379346373
-0.8951242862771601
-0.9391112836871389
-0.6547968894220692
-0.06412457375197556
0.5079845392452457
0.95394621102421
0.9763257398958887
0.7082291524063642
0.08826385927753018
-0.4634924295421408
-0.9529848098482672
-0.9479723161231995
-0.754056293834791
-0.09318780996488979
0.29648857518922356
0.8593382040780226
0.12680634184684225
0.15069563897134627
1.1237356353665653
0.9399772090660732
0.7436898644886355
0.05617239551440139
-0.4395197113290098
-0.8628082034776845
-0.80094043102983
-0.4731574144122136
0.15895411488259037
0.7299991105329245
1.1266675389473226
1.1298272126820725
0.7968768592561782
0.2415251804057388
-0.3016044627182053
-0.5714741728458698
-0.3927050043250944
0.3766752640008343
0.7573957248363837
0.602813667427267
0.07537706920196643
-0.3563983925135067
-0.8653464198670934
-0.2751630545187937
-0.26487072406635426
-1.1309896244025308
-0.8028671541944102
-0.5397004095953396
0.21325716594491825
0.6426307985167534
1.0156990665851497
0.8190381779059631
0.45931438236872935
-0.2193386576941832
-0.684270522292652
-0.9982932395616898
-0.8082017898158366
-0.35075206247066265
0.39249559345678675
0.7979386447326332
0.923224146671954
0.5706535684660866
0.05812446531523818
-0.5833121998913291
-0.9411341769938625
-1.0350395339112575
-0.6736720934885283
-0.14241953912232674
0.5013947068064447
0.8727012977215107
0.9668705378000373
0.6160758641511757
0.08422449755940778
-0.5508972050916087
-0.9231857251749997
-1.0099878315134982
-0.6603456676379247
-0.1221153091463384
0.5117856693256765
0.8896878913674144
0.9752525325915453
0.6306151078516254
0.09115657814484868
-0.5382339285035179
-0.9173424682987529
-0.998803744693478
-0.6553456928965115
-0.11212274363596271
0.5161161235308569
0.8987047572645083
0.9790403372237654
0.6388227786125367
0.09449665961107166
-0.5307039520136684
-0.9143777494487938
-0.9918454896388412
-0.6527004455946562
-0.10564927045163677
0.5184853926739229
0.9047659417824575
0.9811674938022272
0.6445330470513645
0.0964078386691634
-0.525291878859341
-0.9126628582740124
-0.9866856700164449
-0.651167766556818
-0.10070109196972658
0.5198447921581403
0.9095389061907397
0.9823575598809549
0.6491639585887
0.09742738387147569
-0.520772373650894
-0.9118206306598949
-0.9822488178980262
-0.6505161301041237
-0.09631951745746488
0.52028471277215
0.9138916209408746
0.9825547193543249
0.6535135927060606
0.0973377479886592
-0.5164004910876472
-0.9122586424471605
-0.9778298173088154
-0.6513884980658697
-0.09182933442994892
0.5188570954736627
0.918475290934036
0.9803994887186906
0.6582091871430332
0.0942041211851047
-0.5115827741170879
-0.9167455191754161
-0.9728970317869
-0.657808778644051
-0.08682479348193488
0.5095643502578829
0.9234300758932958
0.9666224908566668
0.6628154619626856
0.07294870155220352
-0.5080585951594476
-0.951702190945996
-0.9723927724761695
-0.721840987019981
-0.09532013224575053
0.36465224185794204
0.8808148952138993
0.33862758056685094
0.3390253434310554
1.0513387387332935
0.60384943478816
0.24879460028391417
-0.48326846572829346
-0.8091438902992188
-1.0131310374662386
-0.6499736552774161
-0.1855903479416323
0.5090005844430245
0.8838446673191457
1.0696179041703036
0.7346024954771125
0.26306155664047154
-0.41307554328304047
-0.7867220751652857
-0.9593491190830306
-0.6148674174515357
-0.13341081069840202
0.5627266479476508
0.9441877835453761
1.1536116770622435
0.8156117907744738
0.404527555387844
-0.28538422019129495
-0.504066304321707
-0.7027141674688525
0.36981524159538737
0.8661271405392417
0.08987007407664953
-0.34527314323373814
-0.9508606403649599
-1.0790333285571072
-0.9760249643207888
-0.43154713494838304
0.14257330583409625
0.7177689235234997
0.9021045390340139
0.7972238852269519
0.27417543077468326
-0.28942178795386647
-0.8663811019667937
-1.0295309144230793
-0.9509172867055524
-0.39214218721837113
0.10462298051264765
0.7440607528216036
0.7339479855377422
0.7846905234112788
-0.6270266685847753
-0.6531367087788988
0.8237662434234687
0.7082371481100982
0.7768602910079553
0.07714761694891127
-0.3548427663392604
-0.9605648565798479
-0.9778411211652672
-0.8472902918331545
-0.16554848912068024
0.33940168471614507
0.9120491763822111
0.9354119262176628
0.787083770665421
0.15566772147913388
-0.35415564627038804
-0.8984025097085153
-0.917830977262627
-0.7455429337495928
-0.10160514548544922
0.43501897645476006
1.0010921218601994
1.06355809101848
0.8999184542928272
0.39411389230271143
0.16760420979588178
-0.4873290700087963
-0.1384729042350693
0.07466356770421484
-0.23678897867550727
-0.848195095340425
-1.1882269086742852
-1.4232119887141634
-1.0640124386530105
-0.6936645918482751
0.061230741677748085
0.2558667755125422
0.5685301785001192
-0.6075227805451058
-0.9481985840430692
0.00154750377334841
0.4501081509667543
0.9119581343650314
0.9090912900215695
0.5831190350708401
0.005596061974024565
-0.6366158084472452
-1.015901023508709
-1.1482640763693595
-0.7789002539271571
-0.376888558750621
0.29696957582713274
0.07526319679100618
0.20961469877827255
0.9649958766704754
1.0142133256511858
0.864408153417582
0.30127258769944987
-0.30153265680622093
-0.8134139598949007
-0.9958531055186836
-0.7904212492101603
-0.3039266577029306
0.33034230727947983
0.782945975390098
0.9915505451089923
0.7292722190213733
0.2713226905998827
-0.4291498638322342
-0.8412011612026373
-1.1445423277839617
-0.7996858010340244
-0.5212749588020134
0.5740563414308191
0.31117694353975445
-0.6505251706719579
-0.22555441026545026
0.11191808780522251
0.7789267788281945
1.0602413908622175
1.1519524848451235
0.7553063486835405
0.2157299801003197
-0.4297140816922231
-0.8062475417774071
-0.8798021567718701
-0.5402729212994284
0.01620198580933345
0.6225716591741628
1.0162312122284973
1.0605905290581579
0.7397729559154034
0.15990186230530715
-0.4245007015338455
-0.8382264671920657
-0.854746910070367
-0.5526886173596276
0.06589276587170997
0.6299116778804703
1.1050407771425854
1.0902028363089675
0.911046109832207
0.15573182202027094
0.07151848195205293
0.1810703949226423
-0.4578361203499328
-0.8616837966381536
-1.1358314978915378
-0.9557679760574221
-0.5067542510242363
0.1323857328796333
0.6760042335322626
0.937751763185458
0.8322836830572701
0.3640416616226788
-0.22018622968723206
-0.7911868212842811
-1.0019010474504044
-0.9376885969628089
-0.4111539977593737
0.10228666488972851
0.7554568628883657
0.8095017619499643
0.8976316826840571
-0.35764712740667
-0.3317316659302987
0.88043131856404
0.5127884258608977
0.3194289335810707
-0.4394377317263037
-0.7994984582379516
-1.1358769222980962
-0.8678328175707607
-0.479741240484983
0.22817969026920282
0.6769962162874393
0.9820111211925633
0.7652457757659386
0.35592285980915744
-0.31868673077317405
-0.7825614357140888
-1.064578692509437
-0.8584850791084464
-0.43299562254280727
0.234738996527168
0.7095031174164022
0.9889733444753612
0.7887611250617214
0.36761300430719424
-0.30053129805038237
-0.7554115867653388
-1.0464057751696552
-0.7730349386054796
-0.393049974123566
0.8013522649573491
1.0368599415059163
-1.0247828756909325
-1.070687179788386
-0.008479277907142205
0.48193967399282955
0.9544951534941319
0.9176626072226416
0.6161075197261732
-0.0031752866009965713
-0.5651168520717681
-0.971209932568647
-0.9660061615532707
-0.6400678270508144
-0.03992602180582514
0.5350999511493146
0.9270192395414775
0.9307912581879028
0.592658840218021
-0.00010688683894332485
-0.586949700668223
-0.971876259592176
-0.9882975594798741
-0.6426641449129784
-0.0647018850400841
0.5312148891860832
0.8972159316867108
0.9261966265479443
0.5538196630882906
-0.0033690090160007173
-0.6425123725456681
-0.9622922107894895
-1.0790697441532782
-0.4784410536629055
