-0.6760090965929839
-1.0269729831357588
-0.8442821691334387
-0.4097343352586819
0.23333574520522082
0.7545402820230445
1.0227157649553273
0.8852844838159254
0.43891104569164885
-0.17837215877624193
-0.700018672092244
-0.9476854699828333
-0.8046826409573021
-0.3373618810475181
0.29177712187893623
0.8399423856388296
1.1092655787106538
1.0076465455363715
0.581982557623214
0.03757136592942931
-0.41246966954703085
-0.3446286696665555
0.21447879639183465
0.2703243996789675
-0.18258349023419304
-0.7351161220806784
-1.1621762955263104
-1.2754706483438123
-1.0106784305110477
-0.49238167907054897
0.12046250786674376
0.5062235809335642
0.606582500122704
-0.014182161466486093
-0.7534162730568956
-0.7260287720109772
-0.437615684121289
0.18573436500393217
0.6848559364066117
1.0347865987990335
0.9257198771994067
0.5572173213884345
-0.09629059002884377
-0.6236100639583863
-0.9943905248617407
-0.8928701935354696
-0.544067106228845
0.11490076055992089
0.6197050773916378
1.0084485742720721
0.8777275949750397
0.5644234060857646
-0.13667572143770645
-0.5721020671383755
-1.0297825489620722
-0.7350155837133635
-0.5606813618155859
0.9239889135380864
0.8516659071189684
-0.6683912297131476
-0.728180105256745
-0.8949097072621012
-0.31792368158448664
0.1416537539253128
0.7881932459738678
0.9566348825338269
0.9314921083441348
0.4071859071453152
-0.1397892748102633
-0.7558379836483635
-0.9758276542698686
-0.9314518741006015
-0.442716361423164
0.1170325642114666
0.7050069875356362
0.9341564267626181
0.863929730371823
0.38394293250078093
-0.2053263517418223
-0.7752332049152917
-1.0517557416967962
-0.8598724618455325
-0.5440066185415212
-0.4120069616049462
0.3284049175992006
0.6104568735212809
1.0341951696911673
0.3280015770138971
-0.574040336132332
-0.6723791705972928
-0.4655437947166308
0.08238180529685314
0.6685807434492328
1.0916027509466966
1.1803032850939
0.9064355327237471
0.3831371971661014
-0.033177664016948
-0.3397137922434123
-0.9180433585716644
-0.8020361444167836
-0.6909366922069412
0.6887395038011598
0.8829763637327578
-1.2085985816806244
-0.948424509639063
0.07649286724406204
0.60668609365221
0.9501678769313272
0.8548114962789013
0.4414094844467167
-0.17116825273863612
-0.717909711915631
-1.0090684281833624
-0.9164477839329699
-0.48836781502810794
0.12405211634558135
0.6759241707432214
0.9672607741040408
0.8763510802534762
0.44822244547881235
-0.16401245432918246
-0.7163038606527398
-1.0082908316021302
-0.9182014214220123
-0.49130916774752154
0.11970035665882782
0.6702084000596368
0.9605582212171514
0.8680283927003298
0.4390668072292977
-0.17532540969678043
-0.7283766732892357
-1.0236425776378753
-0.9342049471175756
-0.5129725700499621
0.0976367560557156
0.6369053630111554
0.9273585194462846
0.806865930964851
0.3784436697133218
-0.3716536725363121
-0.936450500761043
-0.9496087175166994
-0.7054640483967899
-0.1168751337548955
0.4512505887619983
0.9023732685851887
0.9435609977458956
0.6758395238822678
0.07555402125287984
-0.4985536490120285
-0.9734421361691997
-1.011212820875986
-0.7820515145665586
-0.16891439378442227
0.33933728605557245
0.8419153054759424
0.7591858142955356
0.5783462454930414
-0.8992780122512225
-0.8700560635350371
0.471705027119008
-0.1991227105820673
-0.5650022346353012
-0.5693930245570658
-0.001382644380083832
0.49386773586939253
1.0157602391923342
1.068209764412425
0.8817000273089789
0.2812194015158053
-0.2826086399527274
-0.8109778894222696
-0.900963004831985
-0.7155815682566465
-0.13830253125486466
0.4257162611063383
0.9391786403208212
1.0296072196406536
0.8349057670206491
0.25801003227894764
-0.31100865740960537
-0.8242249734449785
-0.9157757146056978
-0.7209502371237657
-0.14105822436560306
0.4280386037949897
0.9495048031136409
1.0412553104208866
0.862818069617951
0.2836443756440698
-0.2533140207495349
-0.7723719920501967
-0.7897484788392645
-0.6021811964623728
0.3073419102323103
0.9151083997094823
0.8067398396309791
0.46581765558154825
-0.13372090189392066
-0.6947037618187365
-1.0136515203426504
-0.9767410867160548
-0.5650891080401454
0.02194586477593373
0.6166446600289639
0.929208217801476
0.9126508465225011
0.4959106561774892
-0.07699876316459074
-0.6766620167846438
-0.9783663156601888
-0.9671179130460237
-0.5412969717635421
0.025669190735049256
0.6335010204504876
0.9283672610187358
0.92495633934578
0.49110453568544477
-0.06790002012065122
-0.6853437752118398
-0.9717012676396792
-0.9800287454874564
-0.5366556164917375
0.007673231682968492
0.6362441455199591
0.9037137444281299
0.9256269663572205
0.4570128306935006
-0.06991238897497067
-0.7339934584658442
-0.9778390769893999
-1.0536060416970494
-0.5503452078146808
-0.11563338789565455
0.6055307964096004
0.649747900064572
0.8414800595259003
-0.5420257793418188
-0.5486071250665626
0.749753742171793
0.5742270196157641
0.3210958126899071
-0.5557142512555973
-0.7619452422947623
-0.727606948253037
-0.18532051651098913
0.35196138827911566
0.9134701663707399
1.0739770510194975
0.9429219985402696
0.4226329232302485
-0.1677626358307857
-0.7011137504446672
-0.8966762853417144
-0.7333442445443261
-0.2388168638958126
0.39173985198601896
0.9043583938273978
1.1563862539811844
0.9745084889746086
0.5732633956987072
-0.07658794858324089
-0.38896348871384767
-0.6658917934664653
0.3973288494692389
0.7684569327265135
-0.417837540913848
-0.6491703853387422
-1.130776870419753
-0.7611710499222256
-0.48151789680578566
0.6446165882265843
1.0078229522438442
0.5871996239496685
0.08491158386684845
-0.5461482328196917
-1.001385553247677
-1.1427218805514956
-0.8914946268798845
-0.41251038696386044
0.21030956348159605
0.317791903129311
0.4879726696819261
1.0569112971827872
0.7810550548549636
0.4676714893044653
-0.2719211740322536
-0.6995983087037572
-1.0848181122595066
-0.8565352799630505
-0.5384164838008617
0.1991315347280941
0.5768099064953212
0.9925284892060346
0.6173560000475943
0.3867764621826582
-1.0776824065511141
-1.1420387307989661
0.18951214325836685
0.5668565257568001
1.0107889107611716
0.8093582716922334
0.4489598038684286
-0.21805982656194534
-0.7072742869866494
-1.0078193718770871
-0.8590345708642328
-0.4328101566806621
0.20443841344245003
0.7340178043739147
1.016341343298285
0.8975706896068915
0.46006369517822715
-0.15091488091365302
-0.686882873207939
-0.9424574269686762
-0.8259005247982779
-0.3569232386394983
0.2563693176030226
0.8351389810552761
1.0995082391736284
1.051790026021974
0.6041416893181988
0.13389793278971548
-0.38781864075871214
-0.05888472558880443
0.2920708827212884
-0.24458398152115235
-0.6968873955198782
-1.1653451615262607
-1.1975807286788647
-0.9557732749324849
-0.35928720372819034
0.23341914557426544
0.7248429790254429
0.8217844076582965
0.5908547491837721
0.03130086201323934
-0.5561719993859747
-1.0242377781092171
-1.1192054511484786
-0.872737894298668
-0.31344606476232034
0.2844995320295053
0.7505044207848224
0.8523214728562336
0.6021112776103766
0.046809177285816135
-0.5566758028614385
-1.0212063579244701
-1.130709368706905
-0.8815308174176748
-0.3367292699065191
0.26285170894982557
0.7128701537133305
0.8146371056159356
0.5447154062296912
-0.013847683994005308
-0.6449171711796128
-1.1202205108923085
-1.2750158786071764
-1.0599712039079485
-0.6108281469862511
-0.19541075779891168
-0.14112249495755522
0.19647143809161494
0.4478708437666424
0.7014916399865083
1.1548358770563216
0.9988350729935161
0.6533674736704927
-0.021366631201708827
-0.5604792020242978
-0.9532970692416389
-0.8841239318969342
-0.5424036616967735
0.0875238074863182
0.6187681165268917
0.984057743542225
0.9069140935350142
0.546676523061879
-0.09098190338382335
-0.6353561153055075
-1.008315385290887
-0.9407537282720824
-0.5883887059832258
0.04221872504987229
0.5782291915023328
0.9460853878464452
0.8693445842347581
0.5135006008694737
-0.12749792241503685
-0.6655073865201824
-1.045495114790473
-0.9692659601038753
-0.6280549946872604
0.01408866932709779
0.5337846722370989
0.9169618153455473
0.8167656291938483
0.48152858899283313
-0.19385844636156468
-0.7033945744076764
-1.136621561252613
-1.0192482930343072
-0.7697228852379031
-0.06360913801928518
0.2589022997989972
0.7557485736318897
-0.1960828553193461
-0.23702226771440263
0.9072305266151023
0.8422126375002528
0.7980280087579196
0.14860083307009778
-0.3658231138638936
-0.9312222002714571
-1.0140009704903812
-0.8555085458715901
-0.2794768743525212
0.27981052528327877
0.7999139456851179
0.9029719830184019
0.7128838149192767
0.1446752197799578
-0.4385618398009406
-0.9590139424184299
-1.0813953838465098
-0.8984317517279942
-0.34660317107880645
0.22253405475405263
0.7285495879576304
0.8281869820686332
0.6321501776616932
0.04507044243323304
-0.5359832661259435
-1.0981578523691893
-1.2081606745487663
-1.1097527362125263
-0.5294503943867526
-0.15440220536278645
0.4134253244933089
-0.280864789758164
-0.29109643889767445
0.009783012838844158
-0.32956669553587015
0.7678587509582198
-0.13327638723798663
-0.00587395245874859
0.7797191631065168
1.0954846822448836
1.0637612846572142
0.7175886156963842
0.06351359700780296
-0.49008814069423073
-0.9438119617519248
-0.8974385462466886
-0.6446811408118076
0.013585488751267406
0.4615528012766987
0.9315743284343798
0.6974572557354192
0.4949823731477189
-0.9261899817710935
-1.1716215286916027
0.014135466714773543
0.41940925755736674
0.9653959221311995
0.8907092989479514
0.6302803999054842
-0.025197551179606308
-0.5913943412800395
-1.0519325061283293
-1.0924214313609946
-0.8289671731461764
-0.317577968408928
0.17802317384750177
0.1949206883522792
-0.18037727101888176
0.07157515710252631
0.5557137334474773
1.0502885198934944
1.2180004072312984
1.07068255198928
0.5544557933547122
-0.0572680158964846
-0.6204096720816741
-0.8508517056815258
-0.7362878730873685
-0.2589778326974846
0.33341646321161406
0.8693312981213384
1.086948449530459
0.951875272019763
0.46537609965285953
-0.14326378309589813
-0.686135855515399
-0.9171016443498674
-0.7875204605263426
-0.312303041583275
0.29185682106763666
0.8249759485831362
1.0521888740335343
0.9140163266090838
0.4355852923160775
-0.17626580309630407
-0.712188381438855
-0.9463853919457651
-0.8106979176626287
-0.3386909107383525
0.270926210204116
0.8008693207403446
1.0330327605951444
0.8917170322253624
0.41783765394047123
-0.19713417807224737
-0.7288195620026165
-0.9661307888450489
-0.8264525615710627
-0.3575730603177988
0.2558448367339104
0.7826241391929112
1.0184466830577696
0.8739046961166168
0.4035853833638373
-0.2147048163952889
-0.7428903074752201
-0.9836459381749282
-0.840491367099015
-0.37522165346544384
0.24168470553184976
0.7646424429732926
1.0040014152795818
0.8553703968284025
0.38867255432520414
-0.2340422528682761
-0.7584819565230777
-1.0040827040328246
-0.8570156889334302
-0.3971196934911139
0.22391178377695287
0.7408266068307112
0.984573072312895
0.8290426462362245
0.36704660576364984
-0.2636804459524446
-0.7830547483638332
-1.0381426215155136
-0.8856129925513289
-0.43720998236181297
0.18966614721695352
0.6922660946336568
0.9420897653119596
0.7680905739351538
0.3118853681438166
-0.34382258773889784
-0.8593033893033813
-1.150574722669861
-1.001424120692386
-0.6115964268988171
-0.018343396667566056
0.3661596178241563
0.3389044929808944
-0.3095902203641839
-0.12180380816354346
0.16851555941287416
1.4084273729465058
1.3289048132354306
-0.06888230868272621
-0.4232092107573791
-0.8648114464900096
-0.5917886785120549
-0.2397288748346039
0.45549394177804275
0.8691290116108733
1.1440306979856456
0.8936181155098357
0.4626562745891331
-0.223260421331991
-0.6830349708684486
-0.9554457614785228
-0.7341464532875874
-0.3056086402596266
0.36379449494488575
0.815216167526247
1.1003291844188776
0.8503331756327385
0.33056436326876065
-0.3270313824169447
-0.7796972019294985
-0.9854585765742033
-0.7307607221188179
-0.2612853697902978
0.39457546349337685
0.8229635347572495
1.0270791362947906
0.7466486770403717
0.2767907863500339
-0.41305467634902826
-0.8398401155052588
-1.0949157356885344
-0.8099346674075579
-0.4279849750396097
0.2710753648413412
0.5050906828388401
0.7769476487793967
-0.359581005054717
-0.7348738916482578
0.31425915432159474
0.6820160723982581
1.183028331182165
1.0646192802968433
0.7845318226042272
0.11581541351545559
-0.41497170604225847
-0.8419809723623779
-0.7992403978824436
-0.48551708276830496
0.14098670669686636
0.6950943114776297
1.0974897869948048
1.0785024034065789
0.75237226937804
0.16091721208641024
-0.39302246815236785
-0.719930868504251
-0.6770231600626845
-0.010744972973149062
0.7585795163531566
0.7017255477525538
0.47817956846910037
-0.19103325336419966
-0.6756858473753868
-1.1479594883078754
-1.041220076676665
-0.8561882791240254
-0.048750018353727796
-0.02553142279418853
-0.16854065969352222
0.45213845231087646
0.8798294772476354
1.1790509365972652
1.0383375351439759
0.6132470214236703
-0.022540078600751443
-0.5772002918092821
-0.8803974555957303
-0.7964428643085316
-0.3722575797920187
0.2312728794678015
0.7863331516176272
1.0685665589165105
0.9857836981351517
0.5466690524379644
-0.055095951165507646
-0.6215627312039048
-0.9014817213980645
-0.8279413290316586
-0.3859438528812804
0.20793090642240794
0.7779103884866272
1.0507591481402947
0.9814606427515192
0.5328265788527206
-0.05593434041983142
-0.6324340400799193
-0.8990967583547468
-0.8365038746451853
-0.3803288695888536
0.20120481834733273
0.7870082049497608
1.0454872426599733
0.9945686351826506
0.5286133066617346
-0.037929457644235644
-0.6361671295730338
-0.8747798497128679
-0.8409099740436963
-0.3474405359145867
0.1932640277882486
0.8321565092989852
1.0253190584562082
1.058086462111288
0.4601535135330095
0.05245049493729789
-1.0975944396213044
-0.8081299794536814
0.5648789928450769
0.8236436471013802
1.0543591224362459
0.6689509128342284
0.2428422886607433
-0.15941061692179148
-0.1417355311062894
-0.47993860338919453
-1.2031091785883739
-1.5171278554391536
-0.9292488755775579
-0.5782364114401061
0.16103389468882323
-0.046217189238097985
0.07778078514398441
0.8462896448353143
1.0247507112048337
1.02609834160396
0.5335972610148467
-0.014712998281634838
-0.6459993024070788
-0.8900566122098312
-0.8995793200755481
-0.4038563888408416
0.09482893690631511
0.7748210405832066
0.8904965980546806
1.027140939861208
-0.0956877882013986
-0.0841078706227226
0.8953231272251236
0.41113100015667037
0.10580300483547879
-0.6232288712682048
-0.89788057544604
-1.0655826174477319
-0.6609966405434916
-0.17690902852718773
0.5117861109131784
0.8670510855293502
1.0103073880723006
0.6520529913495473
0.15165915473017635
-0.5067537164403977
-0.8735469215061076
-0.9953347036345429
-0.6455289137129154
-0.12902498383489713
0.5230711508978975
0.9024794707679685
1.0195166314343522
0.6799279924642432
0.15988684347010157
-0.4836990344272002
-0.8656554928430666
-0.9754289355755487
-0.6375403175051448
-0.11115973760587107
0.5314920305205348
0.9191003061751927
1.0286691153365102
0.695927646625454
0.17007579655527644
-0.46778344187398196
-0.8540849102903526
-0.9590835694086288
-0.624165073248294
-0.09383832926303905
0.5472223693606219
0.9380385149851742
1.0475067547788606
0.7173022727237665
0.19309676535275583
-0.4428410573291209
-0.8252649960902099
-0.9288968813979182
-0.5869786130571671
-0.05573315743594263
0.5971618192729213
0.9887106227795321
1.118475302837627
0.789587998441108
0.30324184550675115
-0.32811511809496724
-0.6238995908787194
-0.7071416274581462
0.018904408424488567
0.7223100261243283
0.7076660859042504
0.38623059569526663
-0.19277236816474316
-0.7212413145400499
-1.0080477406958215
-0.9195059835172584
-0.4306235829793094
0.2713062213718498
0.7684985021389474
0.849437317808914
0.56969773677302
0.007329205204418657
-0.576327691452748
-0.9931495635627247
-1.0394645822290771
-0.7369749097701613
-0.15541480724337453
0.4400644179029684
0.8697308152170624
0.9234570506893414
0.6304065966822361
0.0539194666669805
-0.5342014919723208
-0.9602403472155506
-1.0079758520627755
-0.7122914122030141
-0.13074907897772187
0.4592625870496456
0.8897069895644658
0.9387333445968611
0.64700945639612
0.06623668661867549
-0.5201005010805511
-0.9502639973498096
-0.9957665030069149
-0.704257260114069
-0.11998249234478135
0.46559512083350424
0.8993771626042318
0.9434694783529697
0.6558640253773866
0.06933446836792416
-0.511822275816592
-0.949056097533021
-0.9878539776872267
-0.7055723724093735
-0.11226134799820522
0.460261263486612
0.9069649279750974
0.9301508658622566
0.662833081933827
0.03391589506566555
-0.5093297235195724
-1.1229219632598442
-1.0417427846863807
-0.3585568287635009
0.2277486125778512
0.7746001385149067
0.9589873906526546
0.7931103208133004
0.29157614651054914
-0.31897193666256635
-0.8255515533486337
-1.0222119838190415
-0.8377604975547351
-0.34384552704303645
0.2777532457349103
0.7790055346062027
0.9832334880460084
0.7947313700579884
0.30651301126178576
-0.3183749871111818
-0.8150196358261547
-1.0220694243989477
-0.8296129982930801
-0.3439336423084606
0.28452813252136994
0.7787898502428373
0.989224528510069
0.7944453955374265
0.312114503501257
-0.31869060618414324
-0.809501514178867
-1.0223772538054248
-0.8239004097752731
-0.3441918198915281
0.2907279522625711
0.7786332149089273
0.996261963761685
0.7944570003198691
0.3204532817073955
-0.31842627603185314
-0.7991962257424641
-1.0217630622066067
-0.8106038731532867
-0.3431570161484932
0.30871546843126074
0.7799496846369403
1.0220220500227992
0.7948100748501278
0.3603032541250679
-0.3272262464799679
-0.7294296519208276
-1.1466092260236045
-0.64576113007804
0.3378870689634994
0.7136530427486808
0.8745199852909207
0.5421918474533
0.023444208915941147
-0.5995020678677069
-0.9897760312014604
-1.0698848238735283
-0.7481712622073791
-0.19344592621100726
0.4205382432157811
0.8306771501523696
0.9023145821355373
0.5925987977297315
0.029153483071168353
-0.5774709985791794
-0.9972034015633381
-1.0646737513846722
-0.7661164953127416
-0.2010735102899486
0.391888543914216
0.8107628101636594
0.8605919783067255
0.5583542777366632
-0.030925656051157716
-0.6314730807541774
-1.086484445677614
-1.1504134815052927
-0.9091387804800715
-0.34745725823957513
0.12399294619634896
0.5124046642829374
0.041662405695580475
-0.5298620871921944
-0.24383013001679638
0.20255277853688836
0.7863206850541473
1.0876688302743944
1.0997293222058255
0.70064405092097
0.12177670160273835
-0.4979029879241789
-0.86113931757091
-0.8909292648853916
-0.5281375923785822
0.04079651713601612
0.6365034425180399
0.9942031804538078
1.006986945540322
0.64181888631334
0.060316446030373984
-0.5347727012682248
-0.9018416899982666
-0.9101951144792942
-0.5516269965300653
0.040658115500484426
0.6323954113910922
1.023803191443829
1.034628567776438
0.7401569519393422
0.16764406943026422
-0.10450835662572439
-0.3466184317390021
-0.9739125464798077
-1.2147097173417747
-1.2584236212911044
-0.8289442714849827
-0.37806007309435946
0.1549636762634017
-0.0721870268953839
-0.1821017594750316
0.38301776907350155
0.8384877731622523
1.15754108553617
1.059437342551888
0.660882437454725
0.0292460391342388
-0.5413213453982164
-0.8893284985585799
-0.8419687068337538
-0.459796719958874
0.14390375130269967
0.7038041657288177
1.034567223618463
0.9796196822158858
0.5860697399390028
-0.023366831214096294
-0.591064178163429
-0.926359733925897
-0.8768356385022356
-0.4869890511063102
0.1187126297357963
0.6833038921380334
1.0161495585921947
0.963964763934949
0.5727165168833417
-0.03530500128166169
-0.6003762335627871
-0.9352763959803962
-0.882692178317254
-0.4932908175794359
0.11604546964267524
0.6794298086412862
1.0166870222503182
0.9625321084952668
0.5767873532227679
-0.03405009054912361
-0.591999607147897
-0.930747223099874
-0.8684647888453471
-0.48428611254276555
0.1392903771517618
0.6954561467806946
1.0563341527509755
0.9918132719164066
0.6555763179520202
0.029131100405290936
-0.3196565960585791
