0.235210537343687
1.0988735202531579
0.25913556360523105
0.006559649663378167
-0.8027334083257313
-0.9293756430078378
-1.075770480954192
-0.4846948638138222
0.06381901578501947
0.7487002982768215
0.7492682724926365
0.6375943448993799
-0.018573010545828255
-0.5026195955357893
-1.065342248228911
-1.0632096701337699
-0.9107645607273469
-0.2563618487308696
0.24605948842501907
0.8081815794048637
0.8097563708990383
0.659380189794272
-0.006230844521692575
-0.5025415534981715
-1.098204518411432
-1.0852679747129959
-1.019949734462198
-0.2843119632502987
-0.15411283673930812
0.08953541871479069
0.612123969948038
1.065693109096668
1.057672338907134
0.8803142430871327
0.19871262950181054
-0.1936397584812289
-0.8648661506425958
-0.25120761976882167
0.3198689776455305
0.10144853290943297
-0.9614271450590427
-1.4319379051067214
-0.5417620769780739
-0.12021908473696959
0.6022585732587005
0.7934824793932926
0.8230829158008046
0.3178942078476679
-0.21360910331878233
-0.8575112815931719
-1.0993367963414062
-1.1187682777038568
-0.6398596245074023
-0.15309780043753382
0.48050622533894205
0.5693189585431482
0.5967102550867311
-0.6600819664424826
-1.1050742665605895
-0.04124484380972217
0.3260463145610503
0.9592312813209745
0.915416452505373
0.7848250387023993
0.10713483575605187
-0.3927792139268685
-0.980821973113657
-0.9882344514904008
-0.8752792891861887
-0.21360665224926742
0.219169019955001
0.8175457858870816
0.6540270902935554
0.5890566393924417
-0.8646301015809518
-1.116835396156428
0.03979353208065055
0.4718460018479147
0.9882601207697688
0.9444867994543223
0.6576673712754961
0.04420249297362338
-0.5353417166365312
-0.9368644292556313
-0.9716308571243322
-0.630475193264549
-0.07215851813421058
0.543909602272541
0.8981331941595174
0.9651103654433091
0.5755336832019072
0.053850419715299726
-0.6211332950946811
-0.9210993952054851
-1.0747290499369784
-0.5716683828384386
-0.21617558902631473
0.9923724067307927
0.6743524793228262
-0.6904957844606492
-0.6098755531442029
-0.5622621536831707
0.10145757074487381
0.566725645420517
1.0589986904144084
1.0335131950403613
0.7883308825195129
0.15503253522115681
-0.39887582283482015
-0.8714525221082361
-0.9057679705528054
-0.6485057043920165
-0.053544443852890256
0.5154951325831649
0.9646112022854989
1.0061075421517682
0.7298812493834955
0.14172998270445106
-0.4424850666286343
-0.8856738920456368
-0.939616627706531
-0.6581611761623705
-0.0804629271289235
0.5084546422757399
0.942673934003069
1.0009257739765414
0.7116176767397672
0.13793811805696726
-0.4579922070612588
-0.8884017144789869
-0.953050562279974
-0.6600748400597305
-0.09237805331761682
0.5071351700800873
0.9317617073923252
0.9999632958268235
0.7011107109496083
0.1370055392856195
-0.4690403897909764
-0.8898479269902607
-0.9669111570963782
-0.6618580400420416
-0.1213691453198995
0.46946154233098225
0.915914489492629
1.0234415388458469
0.7536729541639927
0.2109549016898693
-0.40544958755955224
-0.8482507058822434
-0.9649853304205116
-0.6904129758481756
-0.15447075563745102
0.46751630070304934
0.9041030758910733
1.0272225291411279
0.7463043201469847
0.21769934478192757
-0.4112268999953842
-0.8392774602991925
-0.9704009517239133
-0.6793809185300956
-0.160465646677743
0.4806766405471979
0.8964080826505315
1.0427140651546958
0.7351570915440638
0.23579186911813202
-0.4290610461197748
-0.8183848414005006
-1.0018172843538566
-0.6560583873952618
-0.2231365757454471
0.503261606401382
0.7403567450746967
1.0448395577630165
-0.021285190539393286
-0.02672431477541852
1.0394096607827952
0.6627452279003804
0.42153839028467743
-0.3233880141409656
-0.6862038299638304
-0.9862514531651845
-0.7014785574354224
-0.28414098053954917
0.4288296547763276
0.8806248981306519
1.1808150584608972
0.9589454795167964
0.5750677638229021
-0.08174044577819346
-0.43217692107477185
-0.694026713293871
-0.001598757400538375
0.8334541894530192
0.7229057786405768
0.5229979364045301
-0.17318638580587642
-0.14819300615783712
0.0014628650190214784
-0.6183166518997646
-0.994972117304553
-1.2852591322906202
-1.0791868415106198
-0.6585148002158409
0.021377178568382532
0.5373923029828855
0.858033685799908
0.718976628184354
0.31692322962551717
-0.3227347083626763
-0.8261670474728608
-1.119749844466642
-0.971655373309397
-0.5501233863526245
0.09631728310960778
0.6143978165869733
0.9132539619283082
0.7764918865377558
0.35918904759671216
-0.2783332761239642
-0.7929197543808723
-1.084705751100352
-0.9449673362211154
-0.5220763356654408
0.1180665932579945
0.636997672696338
0.9311773906975875
0.7946900614340116
0.3740766326348182
-0.2638256528901394
-0.7804911699629847
-1.073414400451029
-0.934565476991992
-0.513708360270163
0.12677510173680331
0.6425819509238834
0.9384603089473367
0.7974844020451372
0.38016465365303875
-0.26398604394005454
-0.775372520587812
-1.0768896813960218
-0.9301470927112137
-0.5211261273098421
0.13090244832000714
0.6301973228589188
0.9430768084488259
0.7784868409050086
0.3870754921775165
-0.2922256715444213
-0.7610451102794487
-1.1182789190247788
-0.8885670913420679
-0.5774159884665707
0.37136034403355533
0.6675488285987854
0.5271398350130726
-0.675677241635075
-1.1542365718963303
-0.03493632149874023
0.308886860608641
0.9700124561860823
0.9078623608522012
0.7959023912054557
0.10599238653704526
-0.3758505827192535
-0.9700016692717496
-0.9571585182345426
-0.849203211603821
-0.1657031844647437
0.25620397325135236
0.8824042939298954
0.6947188807434521
0.6850126478280395
-0.8649045939867154
-0.9030039483444463
0.5516434930534038
0.7595360171411535
1.0176144082742646
0.6016819087737904
0.13103997247786578
-0.5020612976321414
-0.848205614866746
-0.8536822987819044
-0.5065031273819712
0.4324217534447819
1.0457243713920497
0.6264811066192654
0.28705308821480324
-0.4324347753553136
-0.8434858091439571
-1.1240351848692174
-0.8734450716725873
-0.4446133577535209
0.2346944549115908
0.6903389499939652
0.9487796235362405
0.7250565769109957
0.27940254310883184
-0.38235742435059283
-0.8546923475894737
-1.1016048730229455
-0.9018094387180688
-0.45023436299030917
0.13179421554909573
0.5907185027547398
0.9711265703397679
0.8622709189932539
0.505126856199539
-0.14522030438411246
-0.6735118062727461
-1.04033017234558
-0.9499510955047008
-0.5904887809989935
0.05039935134194155
0.5791087354239183
0.940007939286443
0.8489376289197499
0.4854391951805829
-0.15709641056992754
-0.6886376792296773
-1.052136718689796
-0.96301469630622
-0.603138555192807
0.03817719665793777
0.5649385279255167
0.9278849770305795
0.8326121991353171
0.47285673361624836
-0.17630198169741607
-0.7022013525479777
-1.0751678340920576
-0.9781512232774122
-0.6313417140588667
0.020684788073372148
0.5295075792917541
0.9068686880679311
0.7865895102332964
0.4463853968829193
-0.23889709219094432
-0.7376788591472427
-1.1662281816137576
-1.0300785192888815
-0.7788694525426593
-0.0665250230071585
0.23643132755810878
0.718411752656451
-0.29158256027029755
-0.38558947134533095
0.7987461627918573
0.8693191317959928
0.9559895467067655
0.4038092425057517
-0.11116070937400566
-0.7522955182787335
-0.9819343798766125
-0.9617213105758372
-0.48759136933227565
0.07016429387738828
0.6635754610357572
0.9137428466133147
0.8604157628688657
0.3958828315890474
-0.18702866139072394
-0.7776558364239411
-1.0484345225170357
-0.9975831440432672
-0.5511841196027577
0.02424452144846373
0.5976965757437495
0.855188003185481
0.7866753069549759
0.318962202985065
-0.2764898563931686
-0.8843720704967131
-1.1675603683441609
-1.1594503615525642
-0.7309777649027848
-0.26533160603047545
0.2622192259634247
0.008217685378065881
-0.36000401920942965
0.04542750005015642
0.5256733294708666
1.000810985493317
1.1144999072953317
0.9085198498083032
0.36002319180195413
-0.2602156247437848
-0.7849900302237539
-0.9687260603416105
-0.7921961920174626
-0.29026923748930555
0.3080947621093152
0.7952532091072209
0.9600910063643296
0.7477352619471221
0.22735162765232972
-0.41073344278028145
-0.9180820437656524
-1.1340741798549607
-0.9466194098513258
-0.5042478178472741
0.09809107365752028
0.4523517940483556
0.6021952558596751
-0.1779765028072722
-0.8772159655721244
-0.5552581581361845
-0.2419809564459555
0.19666562344359523
0.20290601678880454
0.6115871112894674
1.0334192254007721
1.3213914497388857
1.1561828597894435
0.7537630956674359
0.07549943648926755
-0.45439449158066203
-0.8168607806673046
-0.7055185505088465
-0.34238795563821944
0.30425591625519594
0.8081233598735362
1.1510557838508155
1.0200432678036073
0.645146226571929
-0.017816520923441118
-0.5277617659934599
-0.8852718241287642
-0.7556471492556109
-0.3946211058313529
0.271289023593193
0.767264918397771
1.1321968198072403
0.9877354833124408
0.6392515908251339
-0.043256058625594736
-0.5202458957721472
-0.9047600395281398
-0.7324378650281891
-0.4084369535671247
0.31534799205346453
0.7595661295683173
1.2080031799742894
0.9877565705165314
0.7722764673866416
-0.03136238197384444
-0.2520150314931275
-0.8688449373371377
0.2067406158060482
-0.2820046094741857
-0.5519114284759375
0.8791075459733934
0.6281970474416906
0.634534338678846
-0.11610713013178606
-0.5244484304443334
-1.051509238414295
-0.9648586192367689
-0.7380508450443891
-0.0653734955255165
0.45664119368551576
0.9372275946457564
0.9188300514654841
0.6607045268294189
0.03377956654575769
-0.5110773432446164
-0.9587605916795553
-0.9579972104441401
-0.6749939473304462
-0.06229415471725213
0.5021125226464697
0.9378989235505542
0.9529933373198606
0.6597255735120057
0.060248904805897154
-0.5132662404943165
-0.9377431576231551
-0.9611355488176855
-0.6579551355149115
-0.06623240846263588
0.5161883775382898
0.9332354406167136
0.9648379293317682
0.6543555853539215
0.07041403799957459
-0.519371321930176
-0.9288180478989009
-0.9680500832897511
-0.649894064833092
-0.0740811305066843
0.5237400078016353
0.9242660853078811
0.9722592521247855
0.6439971586024903
0.07817340531016158
-0.5315029562236798
-0.9200507171871954
-0.9825099947682348
-0.6390186919978968
-0.09168585137737573
0.5387885529241669
0.9022934261737152
0.9959778596486539
0.6158293006592138
0.12250478987447332
-0.568254462467644
-0.8108708692710195
-1.0268642069734732
-0.07713545389863771
-0.040599457807300995
-0.8400861861986156
-0.28493443019471315
0.06974824207378606
0.7721409542570634
0.978974536445422
1.0540688208885585
0.5725926890886913
0.05782317864286836
-0.607024410434122
-0.8862019007927324
-0.9383653001710973
-0.4984344757139539
0.03178170625787925
0.6695977603922975
0.9598364332963968
0.993005800151515
0.5613238549298444
0.01705320042275889
-0.6144406815274388
-0.9154654982964926
-0.9437025699229667
-0.520519965292787
0.02763702439346639
0.6523043445335787
0.9563993320093278
0.979079477839085
0.5583093813636079
0.005590315456945718
-0.6172103029036705
-0.9250652743553403
-0.9463444695737533
-0.5286703494630701
0.025041434046820372
0.6453098519874133
0.9537902209110979
0.97302794470538
0.5556400609020428
0.0003247617688850255
-0.6199786846090483
-0.9296616245868566
-0.9492464539861343
-0.5326843487546298
0.021973108153251503
0.6418145199271562
0.9505226779086988
0.9700064047909939
0.5521386296705197
-0.00225167101332363
-0.6237520516249176
-0.9318066676102917
-0.953334849785838
-0.5343966971562873
0.01751962805890244
0.6405526115876886
0.9456447496608904
0.9692322312288421
0.5467645770099901
-0.002475795014020292
-0.6297101932962504
-0.9313843319231645
-0.9599867285921002
-0.5331824433926862
0.01003521465345257
0.642778383462411
0.9371493691669563
0.9728068456671591
0.5370253154128984
0.0029821083122938815
-0.6410016260394734
-0.9231576901339071
-0.9732421675769811
-0.5206276309128343
-0.005731547108633791
0.6626476079856908
0.9181813385617704
1.0064306635387275
0.5141983209500679
0.06701893819071704
-0.667028423467242
-0.76921852501383
-0.9905887638389511
0.2219149077129576
0.17978832520304816
-0.9108350024502507
-0.5550928709649319
-0.2886120883987909
0.4294962854010175
0.8180974997261008
1.0834724321059694
0.8279042142773391
0.3795412378742626
-0.2883017991621724
-0.7597462772575451
-0.9945862426219754
-0.7874853454456556
-0.31850677621924056
0.3167915918806751
0.8031545364577881
1.0140157331490065
0.818270116407134
0.33032225910326674
-0.2959818915576187
-0.7982736718690292
-1.001766843859665
-0.8201310707761821
-0.3259601356288208
0.2872043885422994
0.7949113040157019
0.9855645498917703
0.8087910328039188
0.30146576388490853
-0.30717519590358144
-0.8290091605756292
-1.015269649969103
-0.8544144893399155
-0.3425841320812482
0.24718973381501982
0.7739909132202627
0.9366043921708158
0.7817954652309416
0.2383021353278703
-0.3430134283799682
-0.9160042676170366
-1.0640776307243343
-0.9857006195999043
-0.4068290531531796
0.015868755370033284
0.7958410424070312
0.3080611098259518
-0.6470530707112166
-0.36737398188064424
-0.05778247554683242
0.6094446161457927
0.9822412255083902
1.1840917017411392
0.8935622192220192
0.4090457421901925
-0.2593351461673444
-0.7134369656499026
-0.9142918897412627
-0.6715228577191088
-0.1853543284486459
0.45124416742639306
0.9072474588788875
1.0852015094155107
0.8444598249440414
0.3408334042642738
-0.29364295339838836
-0.7635394585803953
-0.939271771570695
-0.7099779061871021
-0.20400826972303235
0.4207517199584648
0.893145684057092
1.0604108823234908
0.8338112250325304
0.32028068634900775
-0.3015346435438333
-0.780840157062871
-0.944841893305213
-0.7247074844551807
-0.20750594468504027
0.4081199590956858
0.8916222114331072
1.049557244045915
0.8343075347276131
0.31101412171628373
-0.2988085930749137
-0.788581762130917
-0.9394535440522916
-0.730825540159283
-0.1986754041620444
0.40397077033635936
0.9052875918391574
1.0481712613482572
0.8554290355009102
0.3141275926722992
-0.2646887582662326
-0.7769964065320465
-0.8774828207275357
-0.7037948207087322
-0.028171563330349612
0.6164787957706215
0.9904176692728908
0.9017867584510809
0.5886824836084188
-0.0888098413280518
-0.45735557250650793
-0.9130884276514875
-0.0336313220895975
-0.0012721740724418282
-1.1389135253442328
-0.928929244089266
-0.8513919395583831
-0.14749602659216607
0.1892279897661588
0.544522110327908
-0.08031831829060161
-0.35622129128959285
0.007772499998393002
0.5679125588100941
1.0267031112448186
1.258014284661748
1.0600876548431668
0.6043286212462001
-0.05165724769716985
-0.5504870314673419
-0.8153386174072226
-0.6354633608785782
-0.18974733979163147
0.46311435639005616
0.9654951951574012
1.2430971659172665
1.0787699994135371
0.6723810211564051
0.0514636119011725
-0.3402329290403567
-0.550265631366322
0.18693458035914176
0.8554435433424069
0.21526013315635772
-0.05358362442181095
-1.2912798922050504
-1.00875772460657
0.40806924206298933
0.629441573342006
0.8628698073414769
0.39640667985932126
-0.05037666959274759
-0.7202226440058824
-0.9716150425668258
-1.0427997165402276
-0.5833882013187351
-0.0664145694532316
0.6047424662651796
0.8930443521049932
0.9702506844500727
0.5310361291905804
0.024005145125886657
-0.6374599610869215
-0.911406582905653
-0.9870460606440884
-0.5274398496361122
-0.02664398071828356
0.6646750429629436
0.9230570353844562
1.0454432648818202
0.5564946306362951
0.13828656640813386
-0.6076520503878273
-0.6806949594448156
-0.9198309495535456
0.4243960780682312
0.4148577109215447
-0.8971470056797729
-0.754889735979753
-0.6766133527645541
0.005157472841026589
0.4910698931621215
0.9812758067876913
0.9710030871469494
0.7156244979542409
0.09965477964148567
-0.4661778137657097
-0.9160020955968089
-0.9530243197781069
-0.6695623828899409
-0.08700132495824019
0.5004792068638192
0.9225337484092264
0.978329228418462
0.66709498615139
0.10413381896140776
-0.5183901662167508
-0.9108640073112402
-1.0279842731757194
-0.5989106104828322
-0.25901604455640304
-0.013579021300557373
0.6423559436619544
0.9797001541871971
1.104100684617346
0.7597086578981695
0.2364103458647031
-0.4118094552579511
-0.8134007085705087
-0.931226594336258
-0.6164175818000419
-0.08765416254992812
0.5436164438181336
0.949889493799021
1.0569696010634975
0.7462914625741924
0.21038989266907437
-0.41714366583822093
-0.8281995697792872
-0.9318258212906154
-0.6242491811186657
-0.08509458561786994
0.5406319851868546
0.9548050666540694
1.05769148628926
0.7531505765084817
0.21419416964370044
-0.40852972115588154
-0.8216282768990067
-0.9214992561961184
-0.615016648944157
-0.07298590436210725
0.5525848187709228
0.968865953218395
1.0725757157645985
0.769439767089704
0.2323840885907497
-0.3896093308662127
-0.7995598929120661
-0.899378451372754
-0.5882318562551815
-0.04686210262056039
0.5853043910896722
1.0001411097940636
1.1130279185435419
0.807553858665496
0.2833025321238474
-0.3420801509224409
-0.7338285930307116
-0.8382941902318729
-0.5003256353450548
0.034912898766964136
0.7090436830118303
1.1161964609920643
1.3017964716255421
0.9881137917488634
0.6180222210684517
-0.007678532893561624
0.21725945438565533
0.23635293865631316
-0.3727743348385063
-0.6280115557971274
-0.2099826835928866
0.4029466873016879
-0.10855986429067661
-0.4670213842166391
-1.1204673254796527
-1.197226001841877
-1.2575824738371486
-0.4677580661837121
-0.3304182515946254
-0.3750373472617782
0.2679199757400025
0.7244483595770107
1.023663314902986
0.892344242911944
0.4660960273766052
-0.1583959792471666
-0.7028268110408668
-0.9878729338561797
-0.8880217425244258
-0.45044698285367946
0.16059176662672986
0.714679775565801
0.9937829350916647
0.9026790582043912
0.4627457694872759
-0.13990749817316642
-0.6945280793222178
-0.9651333560914893
-0.8736469331552057
-0.42459199116421903
0.17879335050331407
0.7438469953330235
1.0150617541046192
0.9364461352413198
0.48728982976786006
-0.09856533821453287
-0.6654822422661659
-0.9090551030792926
-0.8365324192074464
-0.33070310512743095
0.2369638651702673
1.0480616413021568
1.2090627333480322
0.5829730277003603
0.06766122338273521
-0.5795436423088702
-0.8521214315368828
-0.8627963746054366
-0.4123123596359005
0.14771562950344833
0.7929598019905653
1.0911587981494888
1.153291291941673
0.7224692193797783
0.30447794694493224
-0.31891107684824366
0.039875954560060795
0.06436059386695168
-0.8145124746750041
-0.9582934677674412
-1.0432934421145235
-0.5286815623177917
-0.011427543499706929
0.6919759575650242
0.9706686503359263
1.0900547247253662
0.6424230371533904
0.26418100808811595
-0.3878273681799499
-0.017359814443917855
0.004607881367609139
-0.8000677279052786
-1.0656411942791513
-1.186048865327621
-0.8073500417466629
-0.2704911310033288
0.38176737545156275
0.7856138203784794
0.8886027572683161
0.576106622615733
0.03656241964100286
-0.5759541294931413
-0.9788890800544202
-1.0548665566398916
-0.7403823342617071
-0.18090911081753933
0.4338900993662558
0.8524453217238241
0.9307221996447006
0.6290840517375116
0.07182784911228282
-0.5319705134936918
-0.9484180499826675
-1.0169327504763803
-0.7132906479637909
-0.14708575503328633
0.4586355526097989
0.8835392218711194
0.9539303653207657
0.6585149761477784
0.09418612596730179
-0.5033008453909128
-0.9262677358259696
-0.9881801980483511
-0.6906837804679182
-0.11736924672512306
0.48246199342469953
0.9152437628742082
0.9799413341695691
0.6935223777867677
0.1237123486302296
-0.46314329577156804
-0.8912394800927819
-0.9400462053259976
-0.6469434138953
-0.05653085379562879
0.5405803232365732
0.9975871599093873
1.0636262062518567
0.8163707031253086
0.25897970826926625
-0.24704374289868428
-0.6237893886718232
-0.3413901220739389
0.29880024255929083
0.4511517965645738
0.04080241785849614
-0.48893070360052854
-1.039631145093962
-1.2432783590299863
-1.1749618530999173
-0.6981838583541328
-0.2780496826665588
0.09088435253463592
0.46164335609191043
0.9993765530674182
1.046194611047922
0.9392387988757046
0.29929034569736485
-0.14977372949487314
-0.80259735806968
-0.6673885939698427
-0.7218477843357336
0.809988005430381
0.7281187659440769
-0.5266509095254914
-0.5150043005571333
