1.3656610894745835
0.382361236886886
0.06607732035532779
0.00729477177105747
0.1944411061965723
-0.6056939544143479
-0.8425223903702047
-1.1425626139956335
-0.7665421422280014
-0.36073235449640373
0.4045800576068765
0.8066120017435829
1.1361339766555214
0.8481979800168699
0.5412831099499029
-0.15794441702628081
-0.07831616883969196
-0.2746046939005558
-0.9339515682298637
-1.106181414763596
-1.007072681322093
-0.5188132255774258
0.09322463172755514
0.6593067847154631
0.9271479944223783
0.8316694996405684
0.3829715737443531
-0.2136613932231403
-0.7627193308577717
-1.0096875347593652
-0.9113103464650969
-0.43548614230228605
0.15000590188014115
0.7368038111911808
0.9499741965666326
0.9112428057781149
0.34163837234231087
-0.12568624780084703
-1.2011472064292084
-0.9754159545042673
0.40694409351487804
0.644421700750101
0.9472775960925394
0.5073209679607313
0.09616320537580561
-0.6133109479764779
-0.8988624519844076
-1.0541782679718479
-0.6302766711679804
-0.15494520334132414
0.5461454328521888
0.8643686129414418
1.0807403158515965
0.6811396989984058
0.2959371093911815
-0.43341649970161944
-0.41119621859231553
-0.6725277086000068
-1.0327105165466877
-0.7890822426809889
-0.28033302438598806
0.32841447444517397
0.8484105710680765
0.9888684550956311
0.834489442851315
0.2735107310917296
-0.25043552202078373
-0.8150798312983581
-0.7141287649371856
-0.688655550745505
-0.6157117770721553
-0.032208101428333774
0.5681803443450202
1.018003195737633
1.1625444123582926
0.8887418849755309
0.46471230325181095
-0.12143305782904776
-0.02609525741104842
0.060885652653346126
-0.5384341792444678
-0.9488999961715738
-1.2198242443094176
-1.0444186461232683
-0.6021545628459474
0.04800205679534088
0.5880446952187631
0.879303129293668
0.7660815562332582
0.33436479111774386
-0.27845011383750784
-0.8122370303274362
-1.0782669839566335
-0.9610437599496172
-0.5109736691518735
0.10449794184356154
0.652341655694971
0.920138668722271
0.8141037038336264
0.365155909510061
-0.24113531042513797
-0.7883655062378946
-1.0484362822845452
-0.9422227686994058
-0.48662700578598783
0.11944224965537871
0.6725097756807581
0.9319643880076351
0.8309771756916635
0.37435407593582865
-0.226943393737386
-0.7814889408310924
-1.0364961477216499
-0.937502274204518
-0.4766399202095737
0.12205306433349825
0.6807427712771079
0.932396866308673
0.8375727253061109
0.3724131641618953
-0.22194457983599278
-0.7861522507569377
-1.0331379926263908
-0.9454337068991854
-0.47510994116826044
0.1100795566646299
0.6796944527869321
0.9155858420911039
0.8252218525371293
0.3535162756753838
-0.16371676614667577
-0.8089888243994866
-1.0227995578600995
-1.0958923459183803
-0.3937013021968592
-0.2271833564718719
-0.3278364021384461
0.33927176909988194
0.7592945735949745
1.0913282977535663
0.9363885808757079
0.5384083992786296
-0.11490781678366432
-0.6468707817680189
-0.9699474060346542
-0.8655674495175736
-0.4613452029891375
0.16311750582945783
0.6997326207707981
1.0041941871309397
0.9034637872830377
0.4862769866773761
-0.1352089948553105
-0.6813405673937637
-0.9832999169970039
-0.8898287563426223
-0.47048793078798734
0.1452952266132855
0.6933170109204502
0.9906904551320831
0.8989043482444398
0.47580485341103135
-0.13845622641298963
-0.6896081953058775
-0.9855912957692753
-0.8964478489080212
-0.472065991706333
0.13993714061906676
0.692281982017173
0.9863150272730755
0.8982896810371785
0.47220702894925787
-0.13874080766771613
-0.692582797826969
-0.9856134128752417
-0.8989176886997031
-0.47187703270784254
0.13787962188060487
0.6926425258780764
0.9845965830643695
0.8987912272254391
0.4707688015674172
-0.13812202110460856
-0.6937887322232418
-0.9848957960830613
-0.8999308493811041
-0.471074671056883
0.137026237357439
0.6935191748338438
0.9838750754328083
0.8997349001045359
0.4701552784700557
-0.13711559680406113
-0.6943150033192791
-0.9838278782226049
-0.9003881043108002
-0.4699432235376512
0.13662174022125362
0.6947200869531805
0.9835086568248538
0.9010161739143616
0.46981355560160043
-0.13573634225133463
-0.6946442643476481
-0.9823234186065434
-0.9007159396122922
-0.468271935834471
0.13628588310292888
0.6966224406790169
0.9831579811505996
0.9032511627287677
0.46944641556315597
-0.13300188053704307
-0.6950185346790761
-0.9788001529754656
-0.9010627875928264
-0.46341835232794937
0.13606420435217234
0.7039383546021571
0.9833383806375449
0.9158418015877591
0.47092208983788375
-0.10558689546467816
-0.6883572211945814
-0.8612769004667534
-0.8494760046384056
-0.663111303663012
-0.05828106481860038
0.5186962038100476
0.9344312733723587
0.9570953240568287
0.6413990530646506
0.05337528177155287
-0.5335262145536762
-0.9406892410800074
-0.969650876633167
-0.6515830549536568
-0.06641606257997808
0.5194613953532269
0.9261515073866106
0.9508610339992737
0.6346209335445397
0.040922647295391246
-0.5400791335365234
-0.9625171270211841
-0.97719805632284
-0.6919318609043542
-0.07745758999981184
0.4282814690374992
0.9010381374296322
0.5456819733830146
0.474905741317839
0.8050434357017637
0.1788397797233058
-0.2731996120786637
-0.9223551757989148
-1.0277749915378236
-1.0161568396256861
-0.4206138863620494
-0.021858175995268143
0.6443154859757938
0.1554081680326296
0.2543354493311062
1.0660255013571391
0.9151824512661852
0.6632244858166058
-0.004102275368547879
-0.5295662506375843
-0.939030418337809
-0.8939645825065107
-0.5626541217550607
0.05574984600840932
0.6140994031840007
0.9955923222280663
0.9680188258693168
0.6187553408751549
0.010925170335216535
-0.5598554084222387
-0.9344668709361847
-0.9159980503894543
-0.5620733667121197
0.038770626668443185
0.6127388432086887
0.9817495635534046
0.9653915685428304
0.6067594542603655
0.007151145066898721
-0.5710070013610324
-0.9395864216650865
-0.92724466936408
-0.5690304006365295
0.02633868354586912
0.6030416089235054
0.9665734280890795
0.9513066709672706
0.5861499747971459
-0.014581877098432585
-0.602670827061417
-0.9764843037585391
-0.9853934800954834
-0.6441305075489864
-0.1432707941675148
0.334784220236901
0.8384540969526144
1.096533214783113
1.0118304517557628
0.5633032378606916
-0.03756558739808406
-0.6131706135261643
-0.8950928599086165
-0.8308019448681557
-0.3889464544555757
0.2001862200524804
0.7767075589836635
1.0491430237568242
0.9912453711431647
0.5394816291988279
-0.03756908282384228
-0.626745212476106
-0.8794470599131635
-0.8406562374599574
-0.35667932687943327
0.1859835416179812
0.8320078593116433
1.003496830975067
1.086149960542216
0.19417184372557159
0.13065592863441294
0.6751221647234026
0.031820528483159846
-0.36822898137689536
-0.9495229743762202
-0.9908046277489866
-0.8557932863427009
-0.24798337630005474
0.3022071183431537
0.8673365247863003
0.9751748203300655
0.8328991285821806
0.261967494257648
-0.2902361560159885
-0.8326796098977626
-0.9387793355823493
-0.78187500393944
-0.206026567025773
0.35562803603921583
0.9061267447390146
1.0179740419733485
0.8726635626770372
0.2996146093697062
-0.24598087921158426
-0.7963164185853382
-0.8858750174311399
-0.7430817256525801
-0.13812825157508704
0.4018229271007513
1.000798140546183
1.080501390306702
1.0208649400052887
0.3994596170271363
0.03851451111320341
-0.5890432446311948
0.10826920422176062
0.12092378703456734
-0.8562326069856057
-0.991157637355881
-1.0018052726309565
-0.5091846706504088
0.06850156800880962
0.6537762095630743
0.9493622617559406
0.8697171054345378
0.4652430650000547
-0.16738126057404856
-0.6868965985524375
-1.0370427679454015
-0.895169201135823
-0.5681990599434905
0.13867464389197662
0.5000831245264208
0.9678223952875432
0.1240023531760558
0.1406749014182262
1.083636089996391
0.7669127568519417
0.48586791005594365
-0.1959594046206882
-0.6160779670916373
-0.8145354001252237
-0.5983862476117044
0.28511256292329584
0.9963403035056924
0.599661999224947
0.29631489714522735
-0.42864316191041757
-0.8168065226693303
-1.1073948646684602
-0.8392469232066919
-0.4200488921017263
0.27594198927891184
0.7244148815066461
0.9999887128509356
0.7703693586177637
0.34132616744414424
-0.32731409316791504
-0.7828877309746431
-1.0377301331307385
-0.8134695368078356
-0.3679779574386623
0.29652799771794264
0.7656105827640313
1.017237844659741
0.8043877019185359
0.35640443574236363
-0.29822575686505487
-0.7692087604565262
-1.0120922922634916
-0.8006432929467444
-0.34474082133096484
0.3089228520859644
0.7872551319722254
1.029562036595638
0.8251262227904704
0.36900788971659976
-0.27773395328458456
-0.755937222671486
-0.9911158959241384
-0.7862101333424363
-0.32233356456348194
0.32522531007678296
0.8125201470089009
1.0488689196990924
0.8557613510388309
0.3933478502417592
-0.23642255715648913
-0.7226275039407628
-0.9243058533556666
-0.7423839541235144
-0.14427950456666258
0.6100134768066648
0.8944775161283378
0.9160774065391186
0.4746896789069143
-0.07265160880932182
-0.6804338101023273
-0.9534597716371181
-0.9398962422792323
-0.4917895821292196
0.07224274989561912
0.6856493477860522
0.9685444142313488
0.9605201337267543
0.5188755512184988
-0.039240502457723266
-0.6482284765413854
-0.9245091994452733
-0.9134760755088878
-0.46420785682312504
0.0958158964835643
0.7138102750124068
0.9910302034179933
0.9908930613469069
0.5416085221041517
-0.004885014843668102
-0.623946332342495
-0.8838323243760232
-0.886038136849273
-0.41364432703512116
0.1288075332898218
0.7803827408469096
1.0337541162734252
1.0854157973102556
0.6025431254316826
0.14529337160836053
-0.5239103198366608
-0.591309510813833
-0.6757729273979995
0.6281983423925592
1.013492294265171
-0.042615100850630146
-0.4505825039817108
-1.011986826218964
-0.9908665243242174
-0.7706695193767679
-0.14675179152650378
0.4167906383454532
0.8937238913426926
0.9481493783476185
0.6928504077997263
0.11452604795139575
-0.4677246730323789
-0.9136566265331663
-0.9793519989096012
-0.7012485509351629
-0.13018534061245987
0.46983814367156923
0.9109257376047845
0.991119955219019
0.7097527550659796
0.15097744004003585
-0.4512072719144934
-0.8815295681470228
-0.9630724051256152
-0.6719892154506981
-0.11393255683438697
0.49726339230222355
0.9273799324224833
1.0174952915129991
0.7266450461687074
0.17694111559427744
-0.43362729009518175
-0.8554177257516973
-0.9445320375783816
-0.6451986803822861
-0.09412180441070567
0.5252749584001106
0.9488272135767951
1.0473224478466048
0.7501767647178709
0.20927701088700143
-0.4074451976010186
-0.8197209981789226
-0.9149621095128049
-0.6050438197825795
-0.060172800312635534
0.5713628427302723
0.9885324004717718
1.10141182938682
0.7976238185167993
0.2744047510141204
-0.3492641535993776
-0.7388517773097351
-0.8412847431042653
-0.5006441001083834
0.037143981799280884
0.7134252140418968
1.1248803091570603
1.3105614662753462
1.0069477695172575
0.6291087044416724
0.03219566757837743
0.1836005302227962
0.3489111525631986
0.0326827211806837
-0.49343804908099
-0.2500982488543134
0.14098990710813902
-0.4313853421299924
-0.8300666598465639
-1.2621520656662693
-1.2082984034794033
-0.9188782879821968
-0.2758447354775234
0.3041674050177157
0.7703999278011462
0.8077957994182406
0.5391737833086033
-0.04751677140995105
-0.6132156111571626
-1.0407451719980518
-1.067478932492143
-0.7704374444884325
-0.17532899755298345
0.41221866939315993
0.846712182648671
0.8908116870782403
0.599768270352297
0.018805239098523545
-0.5633821699314908
-0.9861494169057521
-1.0252855125488323
-0.7244157011915743
-0.13868957876554053
0.45175335888400253
0.8792656206965853
0.92526680939368
0.6293200280412807
0.04910370834387345
-0.5359918382753603
-0.9595046347396236
-0.999375504796949
-0.7014267248739406
-0.11369753691859723
0.47017232086851235
0.9037404234285711
0.935784715991058
0.6531331735073568
0.03861524690499749
-0.5162242784661921
-1.1025504402544164
-1.033206629002732
-0.34094569620666415
0.23271575167388597
0.8007822884495596
0.9734415087849866
0.8343394506080372
0.3168750249492823
-0.26570130257957897
-0.7963443430238638
-0.9622096647884217
-0.8086239064989449
-0.27289005810181793
0.3125608088663888
0.8764861937992662
1.0308892972265056
0.9389113530351834
0.3528660588860976
-0.0955070491580749
-0.9957231811522192
-0.5784155169211881
0.7041676334748945
0.5959865248351126
0.5711942025173922
-0.14850650014370637
-0.5087996178226787
-1.0791338382133804
-0.8119966576323061
-0.7339485925458221
0.8115195622559898
0.7928690330506172
-0.7049543721567009
-0.7717982784956257
-0.9517561054986973
-0.37228498812691574
0.08271381429263792
0.7765775811942077
0.9544365612357597
1.0191802393306377
0.48081478771385955
0.07380548083384492
-0.6210578294566231
-0.31002118366916825
-0.4626795099914374
-1.0971949367529263
-0.8717488429615985
-0.50788903482947
0.16212569612717243
0.6645319597949864
0.9649744585910562
0.8276331764227641
0.40348173175499075
-0.22447335299287402
-0.7473357318087778
-1.0224854316057925
-0.8915549804695948
-0.4500421349929954
0.17929017673791406
0.7151058706381251
0.998370902098635
0.8775054888067271
0.45310518972455865
-0.1686461371950188
-0.6701408848371678
-0.9491271069186662
-0.7461096061017297
-0.3244477064913225
0.683973670380708
1.1591757388606554
0.5906435045893481
0.19662791609297098
-0.5356944915385591
-0.8598899987971905
-1.06834481600729
-0.6769813474466885
-0.2424134240827106
0.5102723000289047
0.800114270917757
1.1084914991295374
0.42729439449421264
0.36905070759847713
0.4634280301923819
-0.06788490213413115
-0.6169693346673972
-0.7879939329254801
-0.879802432497738
0.4285164692946518
0.6687069166606763
-0.8101701370882686
-0.8134601916917843
-1.12780143549193
-0.4218925435334234
-0.01407352796640322
1.0818559603298894
0.6944185624499679
-0.3586764303941691
-0.8368975429932753
-1.0673462945846068
-0.8750073378180768
-0.3667569314121196
0.22486358194963657
0.7318086119715501
0.8716216058086939
0.6916769794297356
0.13467992541152723
-0.4463349365279039
-1.0063240450658237
-1.1221357298106032
-1.0431684842886746
-0.3292165631784194
-0.16219896356111632
-0.25690907942933755
0.423404851401066
0.7881933482898876
1.097296757551556
0.8500118030648366
0.4566524282194796
-0.26494893003084097
-0.7061507222656012
-1.081980851545428
-0.7997373861586793
-0.5525292919050642
0.5524890719157496
0.37563479019137985
-0.5100226926542748
0.09298737720627119
0.5754329001333863
1.0900796430617643
0.9506358455803173
0.6492848248389382
-0.024690096232744537
-0.53029335736197
-0.919362240897176
-0.8230630082317472
-0.471153457967878
0.17929853395895837
0.7313706316224388
1.1116688293760772
1.0816770108484648
0.7361162362310165
0.22491815694750472
-0.29153261449110013
-0.0533642931026987
0.19451555387985753
-0.6291620649331597
-0.9107837830505019
-1.3357504280628012
-1.0215577100969722
-0.7637239677245964
0.04583300198697316
0.2875352218351926
0.7939179405796413
-0.28225184415476395
-0.2560080965471601
0.8712630165234985
0.7752985061164045
0.6424779647144309
-0.002887770466822218
-0.5309082082335868
-1.0006396498151653
-1.030894817147992
-0.7603314236521999
-0.17394684114018844
0.4140117079213558
0.8491239461755338
0.9125754985734612
0.6185429985165577
0.05287839248321973
-0.552939915206379
-0.9742649988673265
-1.0528190060853835
-0.749376121762667
-0.19784840120812544
0.4142706604868555
0.8209823627965811
0.9033063873748371
0.5832095467208824
0.033001321460314446
-0.6000815457412642
-1.0084184937071055
-1.1202307854946074
-0.8062823915330557
-0.30404869239348925
0.3136955725642694
0.6223863118129683
0.689981110766049
-0.03550728204920188
-0.7332840830344094
-0.6663247779261511
-0.3335996996212404
0.2710116155378257
0.7845366420206291
1.073558559905422
0.9667662584365089
0.5352338908093047
-0.0843613258854657
-0.6449978730174754
-0.9404794375590987
-0.8620299888870095
-0.43278113576337796
0.16744651361700336
0.7284493984995125
1.0095314972602327
0.9335998509992239
0.49295211554278273
-0.10252637013961839
-0.6730290052459702
-0.9464654363748496
-0.8788504267910381
-0.42596122891923216
0.16170333550851854
0.7534430297028585
1.0178005553401148
0.9953395640223537
0.5111945402819825
0.10819561606656515
-0.3084697603132641
-0.8474310032428612
-1.0772866020688134
-0.9609823991664377
-0.5045537501582016
0.11606116262069481
0.6568855909130765
0.9355856174460078
0.8137201941388028
0.38090415672491834
-0.24859569764918116
-0.7747600805709715
-1.065044008651808
-0.9326790067122485
-0.5144682359208571
0.12330598409222136
0.6309019819773574
0.9281423496262554
0.771489585784195
0.3593223285149045
-0.3117284504907792
-0.8141940650449971
-1.1604027500534266
-1.0002137081669735
-0.6690887370691169
0.0011790776549332805
0.335261088616691
0.6638057725552838
-0.19185155501464937
-0.6927031737239044
-0.11509854789192946
0.3649868667748055
0.9180287526919393
1.1507627189883871
1.0180929529391702
0.6025933792445741
-0.03081695227115631
-0.4726278537191256
-0.9523267068386179
-0.5077651390402701
-0.4907071426840026
-0.7316618101035781
-0.2159610775821097
0.3439387996546341
0.7123338670286988
0.9752645273877243
-0.007921839208785428
-0.11779640669812681
1.1163137072089435
0.7885968860847947
0.7073628473827599
-0.09352175601114726
-0.4687775021546746
-0.9612083775854855
-0.8052432096219045
-0.46486595049291557
0.5315775317094128
0.7506209546966506
1.2685052189040615
0.5651701004740807
0.14423378445427829
-0.07151921417567698
-0.6865668915431252
-1.090632222464387
-1.1654079152700336
-0.9300594882221597
-0.3971005399114939
-0.04021105070654056
0.08981153944721558
0.3787126923316242
0.9524958208049683
1.1751228972722851
1.1790274764461328
0.7063134325061249
0.17036684497613191
-0.47692364325705655
-0.7250720997323477
-0.7605087701820631
-0.2394286517969043
0.2754676354085113
1.2189419613468868
1.402592116653063
0.7745572996274909
0.33696520458158025
-0.2520042837308351
0.06358662041385486
0.1970624104560294
-0.8057604675554444
-0.7016503477952822
-0.9703349551479377
0.5239126015465797
0.5487163829321191
-0.8202192811586376
-0.8929232238155513
-0.9920622368276498
-0.4387124370072531
0.05953977504453002
0.6837371950379653
0.8568294724527203
0.8391771433994341
0.17712377276814414
-0.5692006969877057
-0.8871017165020582
-0.8586155550138342
-0.44570157015787765
0.1415811414945145
0.708945510236965
1.004749438070782
0.9454380989582113
0.5197999092776167
-0.07652231169917803
-0.6526199850397607
-0.9506932664445026
-0.8978876540243388
-0.47182312001308174
0.11941866649372616
0.6971442665991275
0.9911512311092038
0.9405148776884084
0.5112041498181913
-0.07769151482305318
-0.657858818234763
-0.9496610014417523
-0.9004290668731509
-0.46961864413639254
0.11971741730004853
0.6987541536876734
0.9957793997093681
0.9253192533265292
0.5269876004334847
0.02063039626754238
-0.6033113217220885
-0.9255396343626743
-0.9639050076319433
-0.5638814057647928
-0.01370408518756281
0.6142956221942016
0.9412208616165323
0.9852181726237184
0.5827770456712419
0.039597449124372415
-0.5943376279687987
-0.9127781968826117
-0.9655614691479776
-0.5528095511740505
-0.02150278373164926
0.6251531481063014
0.9277818686602655
0.9966500712199132
0.5625024145275631
0.0522491042534858
-0.6244630883895099
-0.898185439708939
-1.0120151888607143
-0.5353591342623836
-0.099934754854441
0.6463515041700795
0.766070780888113
1.0186754775707623
-0.08126313255656203
-0.01782624643815768
0.5616042907994059
0.1386830379818375
-1.0093064255953108
-1.3781703413150383
-0.0036458707205454743
0.24879422473430804
0.9495478496492317
0.6460992464079637
0.557017258984609
-0.8141519107242217
-1.1042200450588553
-0.25844078569742807
0.2601674511873513
0.8677616969877495
1.0703964949733358
0.9715878598838555
0.4808512985720929
-0.10776045416654881
-0.6634037627979982
-0.8822417947507681
-0.7728599537620005
-0.2772249055371779
0.3073152984578926
0.882108119058387
1.0854612416317089
1.0196544846528834
0.4744521714721192
-0.12394634202871106
-0.6680725547718523
-0.7566246157305778
-0.6336350690255957
0.05123593029473585
0.5282656692228963
1.6050162155337695
