-0.8684082139431968
0.3287960303430031
0.7376804161780905
0.27230735896282043
0.27059912111281864
0.817256339877215
0.3615395542445981
-0.13505612803471817
-0.6086831432520281
-0.9815132644781338
-0.2456903963219919
-0.1736113079504268
-1.212417405393293
-0.8396740723867065
-0.7003768613995761
0.08104028052324719
0.11448016110789967
0.4775035875255867
0.9778644545815267
1.0106786469324174
0.7074769780004806
0.12827843080913287
-0.47513451250844696
-0.9137574268113394
-0.9711245683348255
-0.7007835043341597
-0.10888692795378638
0.4405161833936825
0.912827620695932
0.8790058023160591
0.6698241438439784
-0.19882583567867265
-0.6459835736884308
-0.8433512415115351
0.17748664738740677
0.23534009630518615
-0.9278762445803402
-0.5173504156076539
-0.3424992532132437
0.4552512746086151
0.7842640725589282
1.1607426043619888
0.8548188788565058
0.5125247888932395
-0.23862445773658225
-0.6317527122885008
-0.9874291266122779
-0.7014344102318136
-0.35655753402591117
0.407587479090878
0.7812768629378127
1.1921771548621107
0.8359423232673684
0.6394322623327043
-0.5291902834274618
-0.25805538877685014
0.6488444980775889
0.2424085688077941
-0.13965165939286908
-0.7715032950594118
-1.0774189807309682
-1.1235539460897905
-0.7494594537481153
-0.17505971867137984
0.42976742304883286
0.8235443701108939
0.8411965405652596
0.5199404118782843
-0.09058938061659132
-0.6563314242789098
-1.1033444379550459
-1.0846517603039185
-0.8552962191950756
-0.19884834330500556
0.16339799585499054
0.7170489033480719
-0.21200892428891324
-0.47258014441955526
0.768005367455467
0.8663359044168856
1.1184587172748903
0.5959479941160521
0.16979063482955953
-0.5721018593363897
-0.8334472183499637
-0.9924878751243484
-0.5364665005357122
-0.080931530980663
0.6362962828931799
0.8995912875076159
1.0643247816020864
0.5883616745517416
0.17716073235023505
-0.590139596644548
-0.7187217862793422
-1.0011554724068539
0.17215181810785216
0.12460821180981978
-0.9063976174034841
-0.5474049136200608
-0.252624677449505
0.45387771091141194
0.8429188537194278
1.081375984986097
0.8161667029728681
0.3498706879167718
-0.31222294460968636
-0.7776495947436527
-0.9910189100802345
-0.7693663314550818
-0.28770062373772815
0.34595331807572266
0.8210385717117841
1.0140610910174301
0.7982568490158809
0.300963381680764
-0.32972712859807196
-0.8175787751730048
-1.0101476995261474
-0.80540366955404
-0.31019300969659935
0.3103175486875243
0.7931131719434149
0.9756694568806834
0.7618753526527642
0.2560316143026996
-0.3796146153050062
-0.8748068409355915
-1.0830764302298175
-0.885595799885036
-0.4272606758795429
0.18285010719043676
0.5707014339336642
0.7251493963182205
0.06129337560783858
-0.6493794101361073
-0.4720656328720908
-0.12590306054061837
0.5197747023450753
0.9472971296849775
1.190182705400011
0.9545134624895502
0.5024572756214205
-0.16945758525131793
-0.642006690858523
-0.9013870569142652
-0.687996352959095
-0.24832385187745462
0.41293515518703167
0.8749920060592654
1.131026702991895
0.9078834719279203
0.4703648230795084
-0.2006905068215218
-0.6556770526953984
-0.9222814864285883
-0.6868745291456744
-0.26164247015690656
0.42810006329775924
0.8674390235402085
1.162011239664682
0.903757339790873
0.522557587369521
-0.21056943837529024
-0.5689761091807906
-1.0449941009914905
-0.5250265463149025
0.3579873404891108
0.8996356366892564
1.0674219649993761
0.9703738004769716
0.40408473494786346
0.11883838464410545
-0.37729842245112355
-0.6873954290014497
-1.0378959891736852
-0.15314999761556067
-0.13631528062347947
-0.9554471282277153
-0.5204881287610069
-0.14236930132051465
0.54891996352531
0.9328494025865784
1.063775356976354
0.7973326797219307
0.2026231260617578
-0.31683779070051293
-1.1346215787374483
-0.8007654621376746
0.4957152979342075
0.7122947171734831
0.9346398553560862
0.4647074324760904
0.011951892196404459
-0.6614865832503505
-0.9266470223982001
-0.9984502200525709
-0.5567798366270559
-0.02929670281027149
0.6254893506947138
0.9380809716994358
0.9968096260501254
0.5895588808304528
0.0526900141843837
-0.5747617239245701
-0.8940342798519995
-0.9294791469929203
-0.5267241993589444
0.031219966175522758
0.6561309607185631
0.9955999950192008
1.030460947662105
0.6481939481617094
0.09187673175107489
-0.5109761456190992
-0.8459855533689772
-0.8554998103487911
-0.4646454062499786
0.12308012343233589
0.7414311551026977
1.1192413908723584
1.1580069920457832
0.8339929389710053
0.3115522586873698
-0.1738275188732647
-0.2910462385745601
0.20379962611395114
0.3448510413580293
-0.11944301440962932
-0.6397984433273227
-1.0244264881241063
-1.1074939511335837
-0.7340805509709168
-0.21292125854935268
0.8241164069723907
1.1298030394162988
0.3416959054875008
-0.11055256011907395
-0.8003866959715384
-1.006680082897082
-1.026086051062428
-0.5311368858933845
0.006816684657612484
0.6422016146580567
0.894685323861474
0.8940620023149447
0.429194351741682
-0.11726005896604665
-0.7310507248817145
-0.9865409325126799
-0.9694820611118882
-0.504167136603995
0.055234627762804224
0.6723788031659558
0.9381383024244786
0.9277740100026072
0.47006153105811516
-0.07738621263958397
-0.6917839581046195
-0.9335837994498016
-0.9512063673825969
-0.40753805589375114
0.28377009469148023
0.8068659335233259
0.9782307844646707
0.8105707978340961
0.2877760652153421
-0.27924658896783894
-0.7774882857201637
-0.8730252582954422
-0.6267987991078173
0.1327762482730999
0.7104187129810513
0.8010175153259955
0.5013341699561077
-0.03924739810499
-0.6393965817671774
-1.0099935933231061
-1.0648499208021465
-0.7117094890238945
-0.15392252327220665
0.4737281597136949
0.8554402537021002
0.9287292553478157
0.5844085041257194
0.041399736971557785
-0.5777429254189596
-0.9456008362412601
-1.0088250196839113
-0.6493434010874481
-0.0917003484233573
0.5470078977139637
0.9411366844020308
1.0350824506586684
0.7374805838772772
0.24455196548473407
-0.10919992716953589
-0.213165741121685
-0.7438832841059861
-1.1284511682804654
-1.3774494969834987
-1.1122362478589165
-0.7203694239788497
-0.026582032644890036
0.28127733797427984
0.5533849142106718
-0.3612845536107629
-0.8878110275778297
-0.2743775054200633
0.17985848676569094
0.7798785742185053
0.9931232477464861
0.9253804622900983
0.451487785105292
-0.1466329620079328
-0.7256047528559674
-1.0081856302901762
-0.933906779057749
-0.5039217979463876
0.09521983935474973
0.6403409913613625
0.9198285640062369
0.8141977646701007
0.37617770867673544
-0.2581127815928137
-0.8193170880405235
-1.1476562942642146
-1.0747847896460312
-0.727683311594001
-0.1736958565070388
0.048863710148598104
-0.008996594371151502
0.30542445151010833
0.8377154839908304
1.1573237419462972
1.1806256052969828
0.8038804693945072
0.23601106837801372
-0.3989002202191058
-0.7702756100031687
-0.8436581820492064
-0.4768004282760367
0.0588869115390944
0.7072033933694742
1.0536439564395361
1.1646175496680704
0.7747776060893309
0.3174349833349334
-0.3565038533818833
-0.5181169100989199
-0.6646785523817992
0.5661765767913784
0.9670487273742226
-0.12618515291915436
-0.49075456007096613
-1.0444965206669516
-0.9425759400930451
-0.7071492591456129
0.009833784804387052
0.5559926133333095
0.9370977104145412
0.8293752313295235
0.47291919208657657
-0.17281442551177043
-0.6898055630055242
-1.0367785800717146
-0.9310108804677982
-0.5521139830805954
0.08929391690960733
0.6223888992108392
0.9651833141596965
0.871544353995592
0.48899054583007245
-0.14297889731894567
-0.6792058500063602
-1.014476706181757
-0.9235122973465573
-0.5348499853754877
0.09482986001998853
0.6360881347618013
0.9693914613023957
0.8826180778329761
0.49225873608852705
-0.13389936413250228
-0.6766258042983542
-1.0069501956260458
-0.9214496981071607
-0.5285588079438162
0.09649446280276346
0.6413782856660596
0.9707436800210103
0.8870833831095382
0.49336104301038797
-0.13012434111615487
-0.675727229701109
-1.0037613901411555
-0.9207204421832634
-0.5258749768434475
0.09708011861103913
0.6436209743499344
0.971204884168307
0.8889352272022648
0.49371186598279326
-0.12862376371404702
-0.6754767385360386
-1.0025811609921103
-0.9205635052691101
-0.5249913234310492
0.09714753279770968
0.6442257855549975
0.9711844191005662
0.8892736868959299
0.49360300408764385
-0.12854385712173336
-0.6756765562019993
-1.0027563531555748
-0.92085885267266
-0.5254223313045538
0.09675000609360018
0.6435340847631644
0.9706758403053236
0.8883121073134921
0.492972036049081
-0.12978912676189472
-0.6764440628677986
-1.0043042554746207
-0.9217803354762696
-0.5272976707150757
0.09565318601609861
0.6412996334619144
0.9693775576582025
0.8856786334951269
0.49144029101031117
-0.1328716058405558
-0.678248617487206
-1.0078982672406926
-0.9239063632027567
-0.531481638406369
0.0931450448125004
0.6364268011436294
0.9664110432556405
0.8799911695435776
0.4879184595933728
-0.13953532494481544
-0.682450563003551
-1.0157486804520348
-0.9289514308884084
-0.5407970991201673
0.08704031703793642
0.6252711087202745
0.958953313827761
0.8664780475220865
0.4787011079268239
-0.15613837249933626
-0.694006706688216
-1.0365137577825103
-0.9436985685599005
-0.5673586724026913
0.06779786134104257
0.5902885688765296
0.933120610369162
0.8185619386359094
0.4427094710708677
-0.22552239999305523
-0.7466536378683721
-1.146012264219277
-1.0250604629729279
-0.7696440624314294
-0.03213017352973955
-0.007623218791986006
-0.10594236443547851
0.515534619708685
0.9199998938874856
1.1842001715040031
0.997788043025204
0.5477895508638307
-0.0998528679219478
-0.63189950877347
-0.9050384569495171
-0.7772440908305634
-0.3308207808867637
0.2831307864315178
0.8139872654333785
1.0654318900044655
0.937768724970988
0.4764295143823327
-0.13652801235403905
-0.6780284420728909
-0.9278352097392276
-0.807882317629651
-0.34437013513751685
0.26305330084557493
0.8072091614470462
1.0532271669112596
0.9363880093250884
0.4706125432300319
-0.1332540257109493
-0.6782019824219631
-0.9202496361066455
-0.8026146000198068
-0.33254373548036786
0.2740672027817248
0.8233819631565577
1.0709552270380551
0.9570399268417982
0.4973527717684186
-0.10839108399797323
-0.6353914615834292
-0.8935072438974673
-0.6853302517510412
-0.31816526896084085
0.03952676838985423
0.7305078157517683
1.1044493373687716
1.2931710868199602
0.9826415018614844
0.5635953361823981
-0.022382431729031625
-0.1489489257082268
0.14481639472820684
0.5273426616596832
-0.3807308510309659
-0.23457477780519487
0.2573184032062435
-0.29323249195646045
-0.7231394693998701
-1.1838572009036576
-1.2165485326643803
-0.960394409213327
-0.3721306763738448
0.2399925452376084
0.7206982364248274
0.8405193433324207
0.596396383587002
0.06016159304901214
-0.5443812798489086
-0.9901378946189557
-1.1052064700222126
-0.8357672929625822
-0.2967513781309623
0.3271504215456074
0.7742023863235195
0.9047112494804249
0.6353644606132337
0.10910151016788669
-0.515751514062778
-0.9519416172488221
-1.0843700087871486
-0.8055055157204895
-0.2821202956445702
0.3513052355828539
0.7836106088423139
0.923977406140534
0.6401101289224537
0.12429198646978325
-0.5154410836108891
-0.9403061433983935
-1.088574546599179
-0.7971391465609124
-0.29125756203517084
0.35646967614531727
0.7686817829012318
0.9257620762421473
0.6178664630384838
0.12218623022481086
-0.5476529069994168
-0.9473511097643248
-1.1355686924035586
-0.8111887431775033
-0.36259049906296353
0.3310930693871537
0.6508029094666574
0.8785547302318021
0.38391574962755465
0.0186330542917756
-1.3951730865009504
-1.3698538475353677
-0.1801603459681194
-0.1659343027090099
0.4562389302041711
0.8177469178453001
1.112618348643336
0.8645230349355054
0.44332386612130475
-0.24055014603169542
-0.7205416430736982
-1.000409134285394
-0.8139378536148766
-0.378630766603516
0.2664869034618804
0.7574573352463334
1.0103080581224766
0.8324197268503494
0.37696405354290374
-0.2612762663195668
-0.7680332035525718
-1.0152355745201003
-0.8502058069558637
-0.39001104935725167
0.23741134058355512
0.7482156721540423
0.9860564711420373
0.8245337011476732
0.3560275309508534
-0.26832101703750366
-0.7866840972809928
-1.0218072746989277
-0.8673208172784997
-0.3963980974243068
0.22124681514475558
0.741763905894019
0.9703476006317636
0.8177773624874826
0.34031602022612734
-0.27563859253467204
-0.8028676586354649
-1.029989088248623
-0.8845093598861572
-0.4058337865767701
0.2023858949448782
0.7305345944872822
0.9488994058639151
0.803953341589802
0.31491380052072554
-0.2933342261748845
-0.8344575834475931
-1.053768794486116
-0.926352635151101
-0.43997615698669246
0.14167808089481504
0.6762819335098639
0.845596011525188
0.6998393885328457
0.033681287851229175
-0.6494404812409644
-0.9465203894872902
-0.81984348253962
-0.4157410975557651
0.2145956767349983
0.5172648734480166
0.8004660440884289
1.063261007866249
0.75751459188357
0.258529542519946
-0.38813273122623515
-0.8322300597672125
-0.9842274330103521
-0.7257810305507933
-0.20552564957265684
0.41558129134817107
0.868698258225491
1.0038068276784995
0.75052151732376
0.21782530183707852
-0.39976449339031705
-0.8627148128481261
-0.9951298490845369
-0.7500208896949807
-0.2150862088131621
0.39543561396132404
0.8603578136323229
0.9864696951011074
0.7431722426062805
0.20246965349998158
-0.4063362413460944
-0.8766532991937613
-1.001102422651111
-0.7629474202882062
-0.2206055689940594
0.38321590736317684
0.8551709175269682
0.9747159092140131
0.7382152808166084
0.19098198905462965
-0.41115355321653146
-0.8880494709507544
-1.0058632058881118
-0.7744134489288431
-0.22539033344300163
0.3715221346689633
0.8502798316227882
0.9626308173015706
0.7331288984766912
0.17832660589111834
-0.4165365927041342
-0.90148112079815
-1.0116641581511534
-0.7888696380582043
-0.23176085623268547
0.35572910468668517
0.8431421410376793
0.9450918090821222
0.7249564149975684
0.15848338762839434
-0.42612057424008426
-0.9244237175541905
-1.0232117294723155
-0.8161004467966879
-0.24611793079722896
0.3223272608678841
0.8246119467347501
0.9023118760974287
0.6999225567788065
0.10029772134768734
-0.4618892975310764
-1.0111301597072335
-1.077312908061606
-0.9682424978194345
-0.30544213156794886
-0.1061738541909411
0.07954376584965252
0.6626481490677436
1.027885283498578
1.0824707983639554
0.7847881926325871
0.1926863403875327
-0.39254856463868093
-0.8623350902616693
-0.9020939452509547
-0.6613897274694425
-0.04201477529960457
0.5014743056821667
1.0163124509389874
1.019472008490099
0.8592262794997881
0.2039817446905352
-0.16059736150963044
-0.7098162778578296
0.08013814190883517
0.27630836523829844
-0.6493066722600792
-1.0538995788352303
-1.3719319915199395
-1.2428054865834908
-0.8101298778981951
-0.32745873487733174
0.17986070628308953
-0.23519911591846143
-0.5631064112723676
0.08116805159534235
0.43587513861039057
0.7716214548561866
0.37776892306395904
-0.31896935954925393
-0.4104748724988381
-0.08891006373642338
0.5188438334946999
0.9284792350368941
1.262682791224612
0.9271558588836152
0.670311152319057
-0.7163217672183301
-0.5624587286808819
0.870286908194136
0.7240932508892702
0.6921887729336548
-0.00860259330682544
-0.46380948388513127
-0.971820282730549
-0.9404162309022707
-0.6973654178742045
-0.07108767134104164
0.4908234492956186
0.9370071778078514
0.9853511294734841
0.6793448833234473
0.13974850179603784
-0.5022229247214758
-0.7988547021065772
-0.984661049803661
-0.049025273071678414
0.025781733160924886
-0.9137914570434053
-0.3552665457093539
-0.07914290574394951
0.6949842606268222
0.9014625378805855
1.0945292938802673
0.6129131726600522
0.17136189089980142
-0.5744219564192461
-0.8534321200327091
-1.04834254904473
-0.60241035805399
-0.20727857389819207
0.5298741461975885
0.5350892188473376
0.7827130594373505
0.972771297554106
0.6402342320477088
0.0460915696392409
-0.5263868657215641
-0.9779314072792521
-0.9795889475058402
-0.746444344251566
-0.1289643555099284
0.17684419459226416
0.5805113662108689
1.0404567559164297
1.0821167545539756
0.7726373230233428
0.2093636440251122
-0.4151430668317393
-0.8281452760748077
-0.9244760322321363
-0.6106060319999257
-0.07303845369449703
0.5511234289606297
0.949276805664249
1.0440044173949559
0.7206140683432082
0.18101729640664985
-0.44964448131610496
-0.8499633333496324
-0.949316854073365
-0.628105347210693
-0.09189768491082834
0.5366298882786034
0.9344132200272955
1.0317058381575648
0.7085680372750648
0.17038680397617476
-0.45962087049872524
-0.8592841894264098
-0.9577234809269902
-0.6363701187457036
-0.09908246030380642
0.5292358952531409
0.9282000853946163
1.025043433915801
0.7031416524902473
0.16434900353591878
-0.464400279595285
-0.8647812267338039
-0.9619636551787003
-0.6413931753506208
-0.10286785144266511
0.5246328953116075
0.9248023104754758
1.020816457851479
0.7000773912276509
0.16046177034769307
-0.4671750932276839
-0.8683588162223492
-0.9644852618548189
-0.6446862076251006
-0.10516630655734173
0.5216034655024075
0.9227019039871447
1.018033138069638
0.6981539458130859
0.15791001959838286
-0.46893936822780513
-0.8706909768111264
-0.9661054142028395
-0.6468084885699489
-0.10665506889412933
0.5196834056593186
0.9213337854397562
1.0163095413484373
0.6968974625259975
0.15637893415275814
-0.47009166888349563
-0.8720317384961109
-0.9671595520509723
-0.6479593399811574
-0.10761569947841187
0.5187238882956251
0.9204633566577822
1.0155447413024123
0.6961153241280458
0.15581438496798575
-0.4707859235354707
-0.8723880789553544
-0.9677646325838387
-0.6480967104986498
-0.10812832174575698
0.5188195677932838
0.9200489067779893
1.0158915673206288
0.6958078188095358
0.15643541656097806
-0.4709737551054365
-0.8714635274260824
-0.9678148140836941
-0.6468312828332814
-0.10801576258961973
0.5204737749258971
0.9203591480929769
1.0179965802987474
0.6963646113744498
0.1590725959113267
-0.47010142210891287
-0.8681857080573501
-0.9665282070374988
-0.642765296715712
-0.1061710416368981
0.5255334365119972
0.9229762197551513
1.0243445758837992
0.7000818378442003
0.167146417536411
-0.4647657786622617
-0.8577080912529014
-0.9587214182648034
-0.6287754209139049
-0.09441976486118137
0.5449777735700471
0.9413736634780969
1.0529807233329616
0.7304190154695726
0.21321982377050325
-0.4119847970124116
-0.7713088431212713
-0.8968827548137299
-0.3879898723786786
1.0174667126371677
1.0549168637814104
-0.20249087471146762
-0.5035204570519042
-1.1077481537638996
-0.7357810597863671
-0.6620822387311177
0.7896991673162049
0.5464110172359552
-0.746801725752792
-0.5962175312599786
-0.41986115847681427
0.23227793021594023
0.7254338480225608
1.0818856272374475
1.0227342897329095
0.6233773363109203
0.04363522222906556
-0.5824565045227243
-0.8338914667511528
-0.9271244651092743
-0.11603236905666921
-0.0007491109779157058
-0.48096381134051364
0.20266301048724483
0.6079523711176968
1.1984294232920198
1.2175033952885623
1.1012135288050546
0.4973954280805455
0.056754275716394374
-0.42803171997659134
-0.03792935856433343
0.47191601467632804
0.32069603443385003
-0.17523254382137615
-0.7107878754582859
-1.0752953899834947
-1.070251876828547
-0.7266826521320836
-0.12392918739324858
0.4724355522747685
0.8790579243043053
0.9081361874285131
0.5839439778367214
0.005007319258383291
-0.582953149805166
-0.9704524807552036
-0.9978025558768113
-0.6564429908628925
-0.08088481683660137
0.5240934463857979
0.9032728517166185
0.9491238963323826
0.5935299076756724
0.03993838066998768
-0.5876783717617784
-0.9383913360909804
-1.0206847409057231
-0.6245488080212744
-0.13389641364576943
0.5587167742039548
0.7819924044654235
0.990383712764371
0.17069148642032553
0.09968189741037281
-0.7897440964936074
-1.0812723512914346
0.5621820111779552
0.6029982961376563
1.0617695881946552
0.4821100602911865
0.1966724715024094
-0.6448813153678093
-0.8207557775241683
-1.1142994422516401
-0.5765054656964005
-0.24684888013486378
0.602218472399718
0.7518833883378554
1.101679212916595
0.4337475735848767
0.24885871841149562
-1.2592264297740188
