0.023145322321127936
-1.0659649112250345
-0.9557441413907606
-0.855081376808256
-0.1822664748821461
0.3183668129321339
0.840120162508302
0.8492096039472097
0.6368579701134712
0.010964726949931844
-0.5348898177638903
-1.0400433830802474
-1.0723212115013867
-0.8633944317780557
-0.2511145863663
0.26921987543322534
0.7648550354842414
0.7264491071518201
0.5062298110221517
-0.4269063157126502
-1.0054205678230024
-0.8928942948139224
-0.5350596021279537
0.05207399559522961
0.6218754814198378
0.9155522859516086
0.884795855852282
0.4419059887173066
-0.13110959071715325
-0.7589205838749852
-1.0460113828820776
-1.074362035103179
-0.6267873667682076
-0.13536742073644442
0.4960131031082162
0.6258514959940709
0.653096043064784
-0.43685667575058934
-0.9950991774913827
-0.3984961534450745
0.042604149043482496
0.6864304460812725
0.9890786350282733
1.0163375899113996
0.625276054925211
0.04326452846498716
-0.5617676695820293
-0.9389913253705051
-0.9483385689565998
-0.6088749481863671
-0.01490347130185296
0.5476251326654079
0.9348150701889951
0.903930160466342
0.5740638352084666
-0.06300769837086262
-0.6153970140109389
-1.0547500271400279
-1.012697122290217
-0.755445482645275
-0.10705658260862243
0.3205873562398391
0.7605531469270824
0.33560091879764375
-0.11504544132503139
-0.5293051529206959
0.759504034247829
0.7270192046783552
-0.7039227387346498
-0.61393950876137
-0.6389163052196128
0.03023566783940771
0.48471451702615215
1.034086360432141
1.0466277136980355
0.8625588406424518
0.24099006037274148
-0.31444311376367146
-0.8361878238687698
-0.9105749891547664
-0.7083973330809431
-0.12990956793090525
0.438352920692893
0.9273856229548255
1.011383456048504
0.7826310765223382
0.21168166443985142
-0.37951948249738787
-0.862348919127131
-0.9674096344926079
-0.7331889150539257
-0.1830001179149753
0.41366171286790315
0.8740883929009893
0.9860078139494315
0.7242253054982563
0.1863174946794557
-0.4532238266738839
-0.8786006149216226
-1.1280986203605068
-0.6250590594211632
0.2747292898235385
-0.0719528066340937
-0.46720424625254026
-0.28063303765684483
0.2569242272830125
0.7781268408004411
1.1174449673172036
1.0654062859855322
0.6901975342765077
0.07198967203205407
-0.5061483490275607
-0.8763611829196396
-0.8548728170886407
-0.4948455682434585
0.10330639454473328
0.6730557470441751
1.028568013547339
1.0021896176856424
0.6306013513337198
0.029580966451142332
-0.5497169312145748
-0.9068276053906733
-0.8886259886203299
-0.5177840272036133
0.07603605806541257
0.6551919528726408
1.0058187197023232
0.9879254682095041
0.6111354458128253
0.017975385805510655
-0.5667240941897677
-0.9164035589944283
-0.9037492738347649
-0.5257666227967165
0.062379875816142884
0.6484907704315409
0.993316439890976
0.9822769822243977
0.5995433600962952
0.013208334008735279
-0.5776025710208414
-0.9204197671712208
-0.9140790902465216
-0.5291332407285742
0.05245394366131347
0.6456938488638652
0.9836604873130231
0.9799852798650098
0.5900258133026429
0.011367947459556035
-0.587120071779362
-0.9218567186361982
-0.9237530568107729
-0.5302138074505097
0.042432593733669026
0.6449161743449713
0.9730404126894386
0.9794384818216584
0.5784493447506893
0.01093866562794247
-0.6002060945266388
-0.9223712064288546
-0.9392906892440654
-0.5312187079585446
0.02262814180287711
0.6425054009467133
0.9447859847211927
0.9731617466237886
0.5285922688991087
-0.008214657951084177
-0.7660510747755263
-1.0308826974317262
-0.7856982052192653
-0.28250021449490575
0.31880865463940045
0.85052272539403
1.011802751840102
0.8691328288284957
0.3223365058956841
-0.23963231307315588
-0.8111826730195553
-0.9349790701437177
-0.8423334893083129
-0.2472017737187379
0.23544428740590195
0.8824276307868484
0.8367736588851821
0.8931731615216183
-0.47681964517150666
-0.41573721540881775
0.8961605241282778
0.6411973944078775
0.5040200400430085
-0.22319890300604117
-0.6503903629471907
-1.0598065306451754
-0.9145226738025343
-0.5780078902718802
0.09192565153208045
0.6098221115776691
0.9826640119140239
0.8901679996078294
0.5274059048883202
-0.10747657997535981
-0.6458162551711448
-0.9933188775047124
-0.9177993400317254
-0.5355611682788624
0.08443690563110635
0.6384793579382005
0.9722781837397451
0.9099317019821097
0.5144811046280676
-0.09407764227019863
-0.6614493977097006
-0.9850011580451757
-0.936738729474365
-0.5318478962150068
0.061077177741637116
0.6373563178167577
0.942563100205434
0.9028298690365345
0.47490124427137487
-0.10995976712446037
-0.7180335610006091
-1.0165284712536038
-1.0286312629311043
-0.6001789371966904
-0.1591592927814064
0.39183843993920403
0.7837478662417299
1.0386500651795012
0.6879263706117565
0.30973428638272926
-0.9722833983426529
-1.1797323055595539
-0.059513667916056986
0.37573166313257683
0.981088063270929
0.9753274474324429
0.7946196026205573
0.16943252376352747
-0.37438816595704505
-0.8743202996901323
-0.9239921559981997
-0.6958036970780099
-0.10536222494561802
0.4662274996633311
0.9417936947943081
1.0101867034299945
0.7636103227255171
0.1870073430954735
-0.39921517330379835
-0.863856829454787
-0.9443828744636321
-0.6887396470500258
-0.12253983327528374
0.4715139608967979
0.9269780038894514
1.0144945921641062
0.7505495589506462
0.1907669325966678
-0.41096873578646587
-0.860396468570076
-0.955172604170364
-0.6854247396333051
-0.13264102462152502
0.47478451254065546
0.9173330138800843
1.0177917459235564
0.741152727768966
0.19414406054082678
-0.42031650366770795
-0.8568963104124044
-0.964675866910077
-0.6817645489947349
-0.14252549675596857
0.4786380117664898
0.9068008248769432
1.0218688499012347
0.729638030426563
0.1984709800943882
-0.4332587437651082
-0.8523015522143653
-0.9796696394936366
-0.6769020757460924
-0.16049388006876059
0.48372729525660557
0.8844104790506859
1.027050981521749
0.7003958554567762
0.20339129028509867
-0.4738002781079212
-0.8485594859165526
-1.0406712504518874
-0.6768585430116556
-0.2644973353867756
0.47202844323459375
0.6614119386126852
0.968821857237019
-0.23460610681463334
-0.25239586448797835
0.9949560266860811
0.7972744078342926
0.688872800973646
-0.02086973488559738
-0.48777196594590716
-0.9560246038619964
-0.8962095004957867
-0.6119383645903683
0.024677945896244866
0.5790050395553058
0.997178893020458
0.9986405018643673
0.6727779828936956
0.0928913953594759
-0.5033024501702854
-0.8508547979328295
-0.9049265274593764
-0.44987757371017384
0.04091824132065182
1.178997378596701
1.2362374765560367
0.011025172844029861
-0.38554663554498275
-0.9480950215015023
-0.8079949115926934
-0.5705961875107316
0.12501379178013516
0.6064263197466407
1.0528038165244207
0.9560827040114619
0.6663621955548139
-0.002475194471721238
-0.5135162617410333
-0.9417790712783365
-0.8636437738367667
-0.5610978532704471
0.09562634787298208
0.6158520042081959
1.036354814392652
0.9646185219065552
0.6576083216953824
0.004917064020125622
-0.5169820737541599
-0.935690706507571
-0.8629912437096816
-0.5565512290464089
0.09987190215724684
0.6184208497536247
1.0440720443226514
0.9644032328363016
0.6689888598891397
0.0003983440956608888
-0.5014510542182209
-0.9475428198234433
-0.8425235916458857
-0.5824374695817278
0.1262293376119516
0.560881209203612
1.0762618900191199
0.8115493197868923
0.69610830488692
-0.7866115837937158
-0.6781061326182203
0.8022660747093444
0.762943206418304
0.8130858616863291
0.17102639311473142
-0.2977955412786132
-0.8699844964416554
-0.9289479427883474
-0.7810126172911498
-0.18273785717846266
0.37475326739809356
0.9259216586375874
1.0355974473576766
0.8795526294828863
0.3144647555541038
-0.24175166953827684
-0.7690600923511889
-0.868703811252582
-0.6940771145305867
-0.10847190614386369
0.46341714621490104
1.027102474720256
1.141053837857837
1.0331809938752867
0.4602726593140882
0.03543623614437496
-0.5545694321416176
-0.05114471598480748
0.5753525687700106
0.1855998017134174
-0.2540424234419743
-0.8344875709889791
-1.0909150618249734
-1.056715419381706
-0.6204947951390931
-0.025064411627711038
0.5733040252392482
0.9023308691087577
0.8728058357163138
0.47816343086417085
-0.1447364249419476
-0.7260457213281175
-0.9805855982782442
-0.8812382781212919
-0.42652473364145616
0.18370915054370493
0.7376366280015717
1.010034719476846
0.9098866854670477
0.46853505584839583
-0.13698142177551312
-0.6786009649237633
-0.9426794997968373
-0.8306001696378148
-0.3767477999107412
0.24080087354270724
0.8013338591678093
1.0780281784100771
0.9964725607548478
0.5564600592908291
-0.00555939644881812
-0.5497864360417505
-0.6991473878898128
-0.5943118189159466
0.42800577209828966
1.0749169208067275
0.4318379085555279
0.10003298445053355
-0.6571796199541107
-0.8571975155696738
-1.0577460240799217
-0.48439986004091484
-0.1096495095691025
1.1663826547933476
1.1508947078267089
0.05978508235197893
-0.44215034402269965
-0.9034527447780715
-0.8873178224146759
-0.5436534120425663
0.03957573156262743
0.6688596255094653
1.0185999123343636
1.1201259352623691
0.704449981797695
0.3082033083576038
-0.5380000185997502
-0.21398594417878342
0.5459477402837186
0.07078204820778661
-0.3138355681420228
-0.933609468221218
-1.1290318845793428
-1.111379730371031
-0.623363209557735
-0.05666418845731474
0.5662956187887621
0.8440000853080413
0.8297598402016834
0.38312436125109606
-0.17471320964728707
-0.7867660963095168
-1.036103313701215
-1.0612459859995815
-0.4377083892387324
-0.17939932743823064
-0.20450985886381598
0.5298073173089176
0.8850889696610105
1.2492247656422728
0.972473463364362
0.7024803962811423
-0.026864039743883496
0.03809567194110775
-0.16557684874859172
-0.6116248837269664
-1.4501249140047736
-1.2164887363608496
-0.09260589200067375
0.40963411721568294
0.7826019467746034
0.7056594344826185
0.21755166679375232
-0.28048136704004467
-1.3341759745542658
-1.1251853554674909
0.3074649087451461
0.47272377922294745
0.7495133666147198
0.2337848687090094
-0.18487611721545943
-0.9219824332211053
-1.1684200920246688
-1.3387461968223744
-0.8879486540917578
-0.5647128552035866
0.0553398188758802
-0.061620447790821854
-0.017430532905869486
0.5664294664268679
0.9721077662446483
1.118126913286863
0.8887478814238564
0.35429844998018806
-0.26690048896448376
-0.780337679623742
-0.9514723216409403
-0.7662653208153336
-0.2484081579882146
0.3511398610631971
0.8525127991204663
1.0124333202479783
0.8178337482452515
0.29438882058608246
-0.3128483395718624
-0.8164366438704276
-0.9829064516780498
-0.7883138272228154
-0.27063801466857423
0.3381673332421501
0.8365172101483315
1.005784620259893
0.8062961752025922
0.29247466609883627
-0.3210390612113092
-0.8145327853354593
-0.9884625502634732
-0.7830766765705193
-0.27401476406246433
0.3465684256733694
0.8350442506192293
1.0174531669266007
0.8065920277694989
0.30780270872518684
-0.31898032886034217
-0.7947817148347434
-0.9845009218958056
-0.7575741981519579
-0.2678028915220084
0.3801390045339291
0.8442188872468948
1.063401361108321
0.8202324019728298
0.37531795200149576
-0.2971619193995258
-0.6768871956094101
-0.93932757923646
-0.5770899453966135
-0.2138950587373121
1.1176419812600402
1.2445725953297289
-0.014045370713861246
-0.4014058995253034
-0.929503874376175
-0.7863998581186966
-0.4913757282262142
0.19251201693932962
0.801821658963538
1.211655193351716
0.9613327274878184
0.6181579684261025
-0.002831527198897561
-0.37606220870988727
-0.3429547477815818
0.2815466424199749
0.24876210692192957
-0.14467579423667054
-0.7467538103036166
-1.1017444361441555
-1.2378646165232186
-0.8995132281257733
-0.39119632359221596
0.2820715918717383
0.6903168977603055
0.8557585932709836
0.5474677062065989
0.051980341697693236
-0.603257709246856
-1.0085373052122448
-1.163666168814072
-0.8617052534759455
-0.36196735655089934
0.2724920175664238
0.6757561655118501
0.7731759024621404
0.45849324246962886
-0.3248331250563074
-1.0332304430315782
-0.8679058524671263
-0.6585174694069227
0.041914582579813786
0.4964371034628952
0.9707235882123064
0.8318523518097061
0.5947645173008355
-0.15058789649504836
-0.5755533995448634
-1.141740067523666
-0.8959483433758358
-0.8649897914045728
0.38516143439869677
-0.06735069932719585
-0.5438755184392706
0.6409015404714705
0.7979856728190823
1.1043750592012613
0.6809603724966257
0.25343383728374785
-0.466047093336506
-0.8353519691232102
-1.0290109228953837
-0.7033050976133397
-0.222962124445818
0.4402140112544958
0.8399465929282258
0.9970801214402902
0.6907600829049069
0.1848796180311316
-0.4652541566684252
-0.8838091003922541
-1.031936724463751
-0.7400593910527514
-0.22795131986170242
0.41072950303359756
0.8334659657167784
0.9722461936512518
0.6829437574288691
0.1629984733212571
-0.4744538901072603
-0.9039403727826888
-1.0427003767431382
-0.7593789400612365
-0.2405781636790147
0.3914061332857837
0.8185401966202579
0.95212062169809
0.6651006056505506
0.14118998311865755
-0.4961003679817522
-0.9285157328284449
-1.069453071469447
-0.7881884715736351
-0.2744288229146862
0.3562016428963197
0.7743844798096992
0.9070683930120068
0.6051031934570673
0.08025070517559428
-0.5824770932883847
-1.017192202390441
-1.2054718972027503
-0.932110080438876
-0.5270150228849781
0.0711740726956466
0.004788409414387218
-0.11702647336125668
0.4094627425840423
0.8609708546850964
1.1740422103695993
1.0748250374418131
0.6730973908281399
0.04128420599429001
-0.5334193957852423
-0.8812994660171471
-0.8391022650308859
-0.4554985992489889
0.14325467858598484
0.7068308607841008
1.033141747695766
0.9834694472645138
0.5847248542541063
-0.019336472745240484
-0.5940804134962705
-0.9242968829079012
-0.8831553974563935
-0.48734865463162885
0.11003020247287293
0.6825384282444511
1.0074270062842667
0.9645806925949212
0.56447770972965
-0.03419011637788805
-0.6101807321493361
-0.9360220741865726
-0.8959939190848449
-0.49656381509810216
0.09984696182759212
0.675404350146472
0.9994800637826444
0.9592296957388363
0.5584812626326457
-0.03796056198723522
-0.6144120156507817
-0.9383403903758505
-0.8985637956703144
-0.4974962861357682
0.09890721463254382
0.6758486508179308
1.0002106566292794
0.9611002360630904
0.5610010735345616
-0.03454763396795909
-0.6098881807925307
-0.9331851529755033
-0.89169330050114
-0.490284343903833
0.10865062889956278
0.6855997839060144
1.013635208462962
0.9741366312396033
0.5793772696757428
-0.017038085687388956
-0.584475131363477
-0.9092160500991574
-0.8555900470503439
-0.45628468057583815
0.16249445289205408
0.7367693850961595
1.1010433111477376
1.0593212974533748
0.7470168136615868
0.15574966839620685
-0.04348011847932713
-0.2647457884799437
-0.8903386993922803
-1.0748482753846262
-1.0368114116312666
-0.5465397466414582
0.027035417929250457
0.6387448429376122
0.9072091808832642
0.8752934181337102
0.42401792596349513
-0.14346668226287665
-0.7318516530441167
-0.9943990717149869
-0.9441486001989607
-0.48615232693442434
0.11598139361626753
0.7183044421296526
0.9320227355424384
0.854590873079505
0.3574814501296172
-0.21103132357029153
-0.7939111004917835
-1.0006873727561105
-0.9315166568001418
-0.41882133681365386
0.11580267844767511
0.7282383654368171
0.7576430125109734
0.7880171830478969
0.7170331986365065
0.16239250194303878
-0.42226249816047173
-0.8866322114144309
-1.013862072816505
-0.7595583451812862
-0.2312283732846679
0.3961455299476986
0.8477185469714976
0.9966237754775664
0.734686009173472
0.22116911922751992
-0.41130961277673167
-0.8507798780407319
-1.003356103110535
-0.7302146392527524
-0.21945813138663745
0.42441814956514556
0.861777967847998
1.0268654166705475
0.7521509610127605
0.2560727549163645
-0.38883870317831687
-0.807828868440786
-0.973282485960972
-0.6738878107287007
-0.1771468404720066
0.5040206264341857
0.9256067160601201
1.1517699652791775
0.8595232144595711
0.4916373662055663
-0.1671586080938775
-0.04257259288293787
-0.12209105366324295
-0.8300451340617014
-1.095781059651241
-1.1510468612849758
-0.758836479610298
-0.19005383660147465
0.43426948941895943
0.8212234710590122
0.8656984577098303
0.5323047590275211
-0.04067577554891187
-0.6287486117367014
-1.0185482036234352
-1.0371918268933147
-0.7063066382799595
-0.1126222569557691
0.47303647603353227
0.8815474654028849
0.8978793599495025
0.5865647488518728
-0.009104468473547855
-0.5697420924823723
-0.9791548356557507
-0.951534973024975
-0.6368541476515903
0.12594247362134706
0.7269902211689901
0.8426774755564489
0.6212738359303313
0.09610395875832456
-0.518601256236399
-0.971487140033165
-1.1168493895781975
-0.8577000873490288
-0.3416951388378093
0.2914868069057416
0.7361976891129252
0.8925701591119981
0.6244877563703994
0.11549685337964892
-0.528000525733747
-0.9683856606022112
-1.1370226190787769
-0.8668477463915442
-0.37284951659876614
0.2704536202044174
0.6918678480305746
0.8574608265433997
0.5621118936349215
0.060838458222803524
-0.6183125156079495
-1.054418133503591
-1.2772719790151945
-1.0123927898878846
-0.6251394283297234
-0.02218401723050141
-0.025522123170295147
-0.17987847087311928
0.14134186247615257
0.6891371016686693
1.0271340090799441
1.1184982181592813
0.7548085941744721
0.23167454246213715
-0.4535411906840296
-0.8331391875926554
-1.0068864713092518
-0.6482286458512296
-0.19828644656866595
0.505047677544545
0.7944971534643397
1.0155028166302487
0.49433600808596084
0.15589344282145248
-1.2164183243961755
-1.0694623023132799
0.31798473407868233
0.6024115266951464
0.8390073328946306
0.494872503324932
0.10569104461205882
-0.5818431986668957
-1.0005405651047907
-1.2032425617239224
-0.9514233879550201
-0.4842265630300701
0.12205122614138549
0.48466110610734137
0.584772576433763
-0.2583568525353889
-0.9595492708811154
0.7885453695486739
0.5075518234710247
-0.7441239877806343
-0.6408913718173324
-0.4680223801664412
0.16018911469126518
0.6494827016787205
1.003960878365424
0.9386428904509121
0.5421626196335187
-0.06913707283426035
-0.6985805744915397
-1.038828608343843
-1.1147100741775275
-0.6908076155368841
-0.29772781884972416
0.5082278885243086
0.12726371614879634
-0.6591507822373487
-0.2800941349446463
0.0686851695603454
0.32037534185278926
0.3364121956614572
0.9702284250198843
1.2151693402469967
1.3632021786152355
0.9622543325280819
0.4625337521716598
-0.2367313540489806
-0.6266807414580411
-0.7939739886222345
-0.469956957811874
0.02286267729644442
0.6741091971101988
1.0631162918589414
1.1985425661022697
0.877596556025395
0.3637263186585045
-0.2807930713314291
-0.6822445949658832
-0.8065638903717884
-0.48966949427025513
0.041938945360815945
0.6929322946827772
1.124687561659343
1.2733415498413414
1.0190228042513194
0.5569105085704547
0.14551765473505499
0.05578509933127299
-0.32256620576580186
-0.8036934440048134
-1.0651579106771998
-0.948319812146644
-0.5187138358895466
0.11878450788773319
0.6790682181941524
1.0061556643906788
0.928033004010841
0.5316061012549402
-0.08073249198271526
-0.6179589014945447
-0.9253736585241471
-0.826516834476512
-0.4121675568766633
0.22354167400766664
0.779656726839403
1.1190364896116085
1.0434499748484338
0.6817542579425437
0.08083937359549861
-0.3633266489871343
-0.6322072217098111
-0.08799489927243576
0.5882634430102394
0.44940271310243723
0.0666321771899793
-0.5486870563372077
-0.9643236797622567
-1.1449245025931658
-0.8818923210407659
-0.3861551285657338
0.27353088827617705
0.7384149497034714
0.9464484307067399
0.7089720665956217
0.23480979827711218
-0.41144147732452224
-0.8563220363694397
-1.0586983694604881
-0.8000945532072655
-0.3265012097773558
0.3447366363733323
0.7827116928940159
1.0180464033890417
0.7442894397755002
0.3198408202105066
-0.3802057779573261
-0.7310987957097054
-1.025185474682575
-0.5235752516712423
-0.28120016775178724
0.9647232267698493
1.2217058609174907
-0.10136366929141298
-0.4446540585219566
-1.0356800113213311
-0.8634366724709454
-0.6454627481340647
0.08334983249278097
0.5433149128702203
1.0379359323662998
0.9091838628601332
0.704060363731036
-0.020463845272967775
-0.3443353668780826
-0.880946938461165
0.017934009298494744
