0.6135068052364079
1.1218128578864812
0.5295515172417865
0.1727450619112453
-0.41207499783844287
-0.42421668403872986
0.06139308015630374
0.7755786219299633
0.31224835554856395
0.06791789641667668
-0.6772613666342759
-0.687716803245394
-0.8908246816534487
0.4438371642359413
0.7933234319137713
-0.16256905406067246
-0.6130857468258667
-1.1077856703831752
-1.124566125105405
-0.8496006071545549
-0.26159588144237694
0.34646842565695135
0.787790166825045
0.8791651733642136
0.5906104376426523
0.04619165293925916
-0.5643544098585626
-0.9771512512279898
-1.0670617198477723
-0.7584057608155967
-0.21103347110795345
0.4144662974520209
0.830708272626626
0.9322344029178158
0.6270672036044543
0.08905722143189905
-0.5331258626070382
-0.9415651446338179
-1.0400574001395393
-0.7281779856671611
-0.18747959359860694
0.4406596238463079
0.8513993688742589
0.9553434080096704
0.6453389570041939
0.10978942821143721
-0.5169426976964856
-0.9226635382159067
-1.0257234021714778
-0.7106690671301119
-0.17483420449222029
0.4571420580739818
0.8624420211677004
0.9711208172308886
0.6547851025646443
0.12516018709058577
-0.5091837121454229
-0.9074047993012682
-1.0198760247759397
-0.6952121613982996
-0.1713294916291788
0.47314379036806425
0.8628208187784953
0.9880729862516601
0.650593637261679
0.14354435796682743
-0.5207723276508168
-0.8870566219310172
-1.0450099151982857
-0.6725637980167419
-0.2259215194688777
0.49678302771212407
0.7221866978785735
0.9994586910570796
-0.04667893179381019
-0.05257560237044305
0.9331862027947345
0.49497777429382733
0.2056489299711701
-0.5354461514577394
-0.8579458573221038
-1.0887902004397334
-0.7403378378366141
-0.28786289217768435
0.41216946678361993
0.8063629647322103
1.016180836750577
0.7071946081707084
0.24483874425696395
-0.4312234798624618
-0.8273549752670932
-1.0222484133292575
-0.7077777382081516
-0.23676282969834228
0.4541876757319635
0.8536563389180823
1.0799127045042016
0.7627977912233688
0.36599325931479637
-0.33738552744348377
-0.3993209912018582
-0.665823482233095
-1.0700754433907766
-0.8461088668873021
-0.38873289312071857
0.24482762908153222
0.7567929999951553
0.9684687870088419
0.8100479614326105
0.3133290256440082
-0.2860987246529055
-0.8162108428510669
-1.0048306916386
-0.8581631206480351
-0.3430468027143217
0.2468652158186983
0.7936171964388665
0.9732047993546182
0.843174761217942
0.31847615622696107
-0.25335315703988176
-0.8110929338320888
-0.9695315452630093
-0.8528549617152403
-0.301618648039473
0.2531479288749123
0.8468142140557057
0.9822862793007946
0.9190531574833304
0.3348407881778868
-0.12873150128741476
-0.77444521483536
-0.7104718878488103
-0.7445599308961947
0.7360211755862415
0.9029769798630363
-0.4774200072117911
-0.7787828647700432
-1.1608728062908935
-0.9056862424281499
-0.46729973871472713
-0.04775775986019875
0.1428522274666654
0.8087414548542355
1.010222069388977
1.0635673443985956
0.5914308642219268
0.05905552488431314
-0.5922584416772334
-0.8878986889745393
-0.9243274025594015
-0.5009358482833595
0.04660991231858786
0.6672159795872268
0.9762170220902168
0.9912486454385978
0.5798464312270095
0.01639950185902694
-0.5931289378225729
-0.9145280930815852
-0.9189698089063109
-0.5176445985922485
0.056315873618353864
0.6573005946797319
0.9895823957900246
0.9864091853865861
0.5968849872701315
0.015674632203039253
-0.5718217781770288
-0.9116645293587782
-0.8921053074018368
-0.511511440791701
0.0911208116456032
0.6661973167203047
1.036806550328618
0.9958600053086994
0.6657794492201874
0.012361652030483925
-0.45826289501449
-1.0972050036298144
-0.642910827928912
0.5521612584993869
0.7369120135128969
0.8662273936131178
0.34683384437384535
-0.12016487129600034
-0.7749375801376365
-0.9454721243372237
-0.9729403212143424
-0.38776361662355546
0.0865773348609761
1.1053748922180122
1.1287202657052957
0.17394483997680527
-0.4143151239900448
-0.8883479323928813
-0.9114785268853227
-0.6138102906951453
-0.028078649511350647
0.5582912105007105
0.9639339308996887
1.00129834403892
0.6797174154968407
0.10451435214110365
-0.4905512230633866
-0.8883979621118377
-0.9270813334241617
-0.599454554230724
-0.020908408046361272
0.5790053230356405
0.9840105552462554
1.0265685232192439
0.7100892382361655
0.13434915911539344
-0.4493109628198522
-0.8531689829229399
-0.8718137524547701
-0.5575718474309325
0.05533140066672186
0.6281284586245995
1.0963030581096833
1.0742024798475573
0.8977239876125673
0.007603628012343137
-0.004824140968114761
0.5677891966935706
-0.10408792420742055
-0.4385172888631304
-1.016648852090624
-0.9240589634150066
-0.7891523937531911
0.05470967766393335
0.5712791490862859
0.9928276964091536
0.6621655476299423
0.469728527897901
-0.8077159168905055
-0.5454901740365196
0.6803129822322953
0.4074763881403127
0.19599116975611305
-0.5036515226283782
-0.8949770102594284
-1.1932629381857687
-0.9595158687788471
-0.5384355099375547
0.1448293967472745
0.6315026985159463
0.9226138461131533
0.7434448381005182
0.319772205640312
-0.32838420023461734
-0.8150169800654334
-1.0819376384438035
-0.9010119671379777
-0.4599566093909966
0.19122732595486314
0.690647817492275
0.9616691047724975
0.7902179820485381
0.35429036962519606
-0.28995840466727746
-0.7831564958454024
-1.04931356279588
-0.8703704838994157
-0.43138519188084284
0.22192653392531947
0.7164836322531297
0.9937519775267106
0.8144329460288475
0.3893587393095946
-0.26626416396871355
-0.7428916565081488
-1.0248342976540292
-0.8214797628526833
-0.4042428709927124
0.28539772704058225
0.7495274144360655
1.0835699113982817
0.8600556016104968
0.5333278626162893
-0.19101301497721035
-0.45540619782241587
-0.8589084477979017
0.26245018816452126
0.3694216940531909
-0.8986816352303788
-0.9295684867794599
-1.0295797186960987
-0.44356536340027003
0.049338249039995445
0.6967794818759119
0.8845729221213989
0.8573064475664512
0.3472152059588888
-0.20031719795023076
-0.8026303507301473
-1.020388144139238
-0.9632254714718413
-0.47174488713538665
0.09695985347071638
0.6868405889319354
0.9202627157201811
0.8544171236726845
0.3748607277151599
-0.20006239953230762
-0.7807180706705629
-1.0186300586514294
-0.9456264043861828
-0.4692727044518504
0.11110491528166017
0.6895818396302225
0.9313547118964607
0.8570671901010704
0.382545977606206
-0.19817172934795316
-0.7819431612174649
-1.0222374546205066
-0.9285357898128881
-0.45101190776768635
0.13533365883961285
0.7048894360264963
0.9399361520016163
0.8528924347645302
0.3731748204572523
-0.21018196376510384
-0.7822641516952092
-1.0142339744434825
-0.9307339960690294
-0.44726664724345366
0.1309922690625241
0.7078863409007149
0.932453041037228
0.8553308015519397
0.36083225312043204
-0.20864359493164716
-0.802919516720866
-1.0146731911036602
-0.9680918994783582
-0.45301717036912975
0.048961900697181475
0.6829923620076711
0.5901977806784425
0.6768375203292214
0.870985364271299
0.3837002547440535
-0.16514844276258003
-0.7443369181474715
-1.0136655982233136
-0.9346682078881038
-0.5019382962973378
0.11060990760303674
0.65780645097906
0.9608734058004955
0.8565371261235997
0.4492983713680407
-0.18804646106379863
-0.7106930175442835
-1.0424365441324928
-0.9095532362334917
-0.5406753277466235
0.13573265767409728
0.5984505945989916
0.993744267419474
0.7427543067139909
0.5077071747844369
-0.6128004345343536
-0.5095120153704803
-0.30595262685005764
-1.0661631981564372
-0.583722543378447
-0.26956401737316976
0.4926147156858079
0.8124504822408397
1.0542679401119581
0.6971035363487651
0.25481258397553386
-0.44981313094585357
-0.8303537913620953
-1.0397516483364853
-0.7177788234953085
-0.2555119610251511
0.4267482264817232
0.8199679758410178
1.0146201573527822
0.7004948055562756
0.22863310091435188
-0.44929078102956344
-0.8481517120838721
-1.0411504627883683
-0.7291410042784995
-0.25747507652829377
0.42213325301745147
0.8208778265123838
1.0207682136299412
0.7171071277521855
0.26223650085862743
-0.31616100863558777
-0.6571737133498474
-1.1919564479493878
-0.9745937735368009
-0.8471235947758723
0.23475692354434857
0.08846051853737409
-0.5823871917321685
-0.05052592484382706
0.3771885510250724
0.9459292821639589
1.1019000802187906
0.9865415469354916
0.47328779015438976
-0.1276742781696271
-0.684186974379255
-0.9167393901837916
-0.7927776992412552
-0.3220815126753687
0.2854356332572462
0.8155004668138974
1.0533794618432135
0.912113206922309
0.4459360305849497
-0.17274878954644884
-0.698946819942607
-0.9426679985941113
-0.7983481765273187
-0.33019923983856514
0.28972807204260076
0.8547236494033593
1.0908739423396991
0.839654186906828
0.3663731421883101
-0.27990056577163713
-0.7479960370180623
-0.9583859382284807
-0.7324432388316671
-0.25436822693238026
0.39472428415912525
0.8640231025289129
1.083328802532304
0.8572443238568542
0.3925376909210348
-0.25761995590605313
-0.7082309404697568
-0.9299165036688287
-0.6772096228394716
-0.21782589228190682
0.4726988389614727
0.9096045447051997
1.199917620305834
0.9012355510117279
0.5879452334027122
-0.43003207184874287
-0.2546799074151497
0.7810420849267619
0.032502700382971254
0.08656693536717892
0.16589844745091104
-0.39945246116340005
-0.8658230736100702
-1.1784938660448938
-1.0810260498260214
-0.6801344347787492
-0.04407683988228081
0.5231778873865415
0.8786925598459071
0.8234656079273204
0.4524319589299178
-0.16167704267661212
-0.7059774700478465
-1.049014345218263
-0.9746780489876604
-0.5964347507455475
0.03475740157360791
0.5829360004438465
0.9423243164910619
0.8695159561307347
0.5080413497435694
-0.12345892220302684
-0.6531375886884857
-1.0144090176718321
-0.9194448763828044
-0.5612902619296891
0.09955020125162412
0.6247170322343332
1.0307085774590876
0.9316937662023418
0.6605895975259427
0.02019416060469459
-0.16430546280517205
-0.7397373511165194
-1.2352313778784918
-1.0561676381555178
-0.6880967386826855
-0.06446041395391211
0.5245445483141775
0.853777972714874
0.854855574911136
0.43386546673655435
-0.10877571520517211
-0.745748117157607
-0.9953641923454714
-1.0628488740685953
-0.5064329912692802
-0.09021993509135902
1.1189185520246416
0.9069740935264806
-0.4915859047125641
-0.7282643674102723
-0.9891133419143934
-0.557069543633364
-0.10513483769646519
0.568748239420824
0.8801498950207916
0.979130718764188
0.5855068033254958
0.05916279196471834
-0.5916842909264717
-0.9469382551214511
-1.0314213503863578
-0.6674221636130511
-0.1323421562790241
0.4965626198659676
0.8558604930689215
0.922896313423224
0.5582642957391671
0.008445831485433075
-0.6268554739611154
-0.9992998971462573
-1.081522377893051
-0.7291056187192269
-0.21132699086677725
0.41344562961471887
0.7093158421714518
0.8088682901872489
0.11933685890161712
-0.7096640330601077
-0.8014242194558703
-0.632696429893102
-0.06530247665202
0.4859655628609015
0.9507088078919814
1.0090577679442274
0.7593827534313994
0.1712896470149384
-0.4140166581916399
-0.8968698500660365
-0.9718127110876091
-0.7410322374605482
-0.1604046599407829
0.4028371324522434
0.8846189486783347
0.9312855078552141
0.7058545753835179
0.08522940588376617
-0.4625526263129251
-1.0089171246853619
-1.0129813699559542
-0.9186392989292029
-0.061028620004604475
-0.02554153032695325
-0.3282850460515249
0.30846182436233943
0.7361441146591754
1.1389273336069419
1.0696924900052096
0.7329762010627755
0.10556563580816064
-0.47400022879496845
-0.8651169280638159
-0.8712465978278736
-0.520854607376457
0.05557439092853377
0.6544196311950063
0.999360901394733
1.0563039612847365
0.6253281040340103
-0.039274732749585324
-0.6070926933623398
-0.8722367973122113
-0.8151271343062343
-0.3049725636570013
0.23718494319293923
1.1358536318938255
1.2289818338918361
0.41172503016244183
-0.11291815729715751
-0.7310253321719343
-0.9036035243786384
-0.8010895725898087
-0.28841327257042504
0.2982979501671311
0.8442405921409336
1.0568719990819204
0.9171233857989894
0.44164988963623814
-0.17137948691430166
-0.6698308804077842
-0.9061908938797433
-0.6785079748757638
-0.2313082729469323
0.7419411775966558
1.1881249894684103
0.6764303171412168
0.25609365847065413
-0.4476963553034607
-0.8333083925362154
-1.0204122760344312
-0.713347369133275
-0.2240921452764673
0.43553032051648816
0.8557579545702986
1.0221392601485555
0.7366559175438275
0.23476617258466603
-0.40973499072527136
-0.8387513444495556
-0.9937111798923305
-0.7148310135212885
-0.20384027498936985
0.4354517495619743
0.8720227359514041
1.0227382837472045
0.7503397248102496
0.23581490777242003
-0.3977584842289783
-0.8373145243836978
-0.9828587097657929
-0.7130029935096568
-0.19369508366010582
0.4377047896540325
0.8817801792058729
1.0254698694197224
0.75997411510432
0.239096514831163
-0.3880083123590071
-0.8333904265583916
-0.9727567786615816
-0.7083161179254498
-0.18298618983435586
0.4433138962536152
0.8933963337217217
1.0322180750874625
0.7728787929694108
0.24728816881611232
-0.3732964277843607
-0.8233116202947506
-0.955483460207884
-0.6956719999052516
-0.1619746811059092
0.4596242801255963
0.9201402917413634
1.0541309183870504
0.8091199732484659
0.27861163856841314
-0.31923015594696663
-0.7736978665606787
-0.8592602902601322
-0.599744252355834
0.12831503246772677
0.8017474395930339
0.9158144528803033
0.7424929252615022
0.19867942915050224
-0.3806883633274475
-0.8669089550468979
-0.9854098555249972
-0.7638021846323129
-0.2146665831533816
0.3901296567122102
0.8822191430446354
1.0184384884145825
0.8035426796746815
0.2692303439516338
-0.32725591967410234
-0.8050133543714892
-0.9302098994131862
-0.6995899244623901
-0.14964016399942862
0.46629470343670343
0.968094206129463
1.120611519968361
0.9315593898239991
0.42667484082045154
-0.10018467978399827
-0.5052861089933388
-0.29662596860493096
0.3214838172201458
0.3895831826812498
-0.028897881831926042
-0.5846883140062863
-1.0424240984593538
-1.1977382157904093
-0.9776439935869027
-0.46072017600958015
0.16916792592246127
0.6642304956885192
0.8537894519184737
0.6449535753137876
0.1460790594714886
-0.49257026734055115
-0.9792090858202476
-1.2052777399728902
-0.9959569448376104
-0.6008763893344651
0.04471362620378568
0.030705658630183506
-0.10992909246948324
0.5511017248796336
0.9298443718367864
1.2792594113408176
1.0728069067810209
0.7387045904136242
0.04975929404854759
-0.3032296869277811
-0.6340369457935084
0.1710420221528501
0.7008919523967491
0.16059942701910485
-0.2970755383514258
-0.8929929301831626
-1.1215425625270137
-1.0687881846507699
-0.6056616217740883
-0.016159798973743818
0.5702628250589626
0.8557323090778721
0.7973619654879576
0.36421660553957547
-0.23178081583542082
-0.8010926396352752
-1.0952644261612055
-1.0270180985401167
-0.6059212416372132
-0.004527365815965538
0.5476805464918453
0.8445100804586049
0.7510262154102105
0.3317580246110027
-0.3093031811644295
-0.8560366294843114
-1.2222750846412451
-1.1005705821945173
-0.8310441800362471
0.0649072456687778
0.0005087269694678866
-0.7666423468468619
-0.11933418934785943
0.05794106068173306
0.714516607754526
-0.012618097003183266
-0.08822598530379105
0.7625869071687259
1.0743339646395844
1.2242804071470479
0.9075850507269746
0.36993626386635026
-0.2708107647950807
-0.7331704754157872
-0.8654728582150286
-0.6199717407115414
-0.0824562129078179
0.5159892643624221
0.975655687357299
1.0792711636195136
0.8315010843589298
0.272564484654642
-0.3269632407245729
-0.8040015870307664
-0.9072529660216484
-0.6747437958422751
-0.11380245444207907
0.47113998786308714
0.9521238350835083
1.0400684946888112
0.8139983424242843
0.2351669646332181
-0.3397803929121364
-0.8445760701876815
-0.9167730230259887
-0.7283822018886134
-0.12281209790681227
0.3730782021853916
0.9321069794930973
0.6510568193580664
0.6566673706393266
0.902963885464962
0.35541590259676137
-0.16369051524118214
-0.7390856930078874
-0.9346817455083452
-0.8245220471397418
-0.3314155282476546
0.26732607468071
0.8148494640632921
1.0483239587324542
0.920716585336359
0.4515205089313116
-0.15942407414938095
-0.6890042771069945
-0.9316574376865656
-0.7887533731312274
-0.3268366450267766
0.2985502209829121
0.8221112676298321
1.0796102592359238
0.9315508606343103
0.4860557712423838
-0.14388670301017567
-0.6480308609209416
-0.9096710989991196
-0.7370926060154102
-0.2954524121560574
0.36777519759277155
0.8682956370080772
1.179406358336322
1.0035723204274152
0.6458527342561743
-0.019327559910314106
-0.3390284347168364
-0.6449203074154019
0.3135906894439894
0.7666747759040089
-0.09274251261218132
-0.49649626850796597
-1.0507062524001438
-1.053109536035265
-0.8575699914125257
-0.23852643443785884
0.3251194773857841
0.8368131475647509
0.9138022709898799
0.7006113480694054
0.12367845774732021
-0.45023831302824147
-0.9369212702778161
-1.0214241581062824
-0.795181992033125
-0.2251091598005077
0.3494519973558631
0.8278645502407798
0.8898225205530259
0.6484613959377339
-0.06585532055070979
-0.7095882202952296
-0.9075795088654846
-0.74989271425038
-0.2574184854878978
0.3519199026586397
0.8536700442585476
1.0484975025637604
0.863040804218286
0.3665486458492651
-0.25125855992885726
-0.7553441997552045
-0.9509956087700017
-0.7666944734465635
-0.2660410518594714
0.3516544718716004
0.8656456956076894
1.0625582419231574
0.9006173359934451
0.4044212688026354
-0.11985923955831436
-0.6072753847244794
-0.9710483372237554
-0.9156730640182017
-0.5394305141302953
0.07319927388695613
0.6454643075061822
0.9993471133040073
0.966374199685009
0.5933206104892297
-0.007679313956829276
-0.5737272697027404
-0.9203274161309162
-0.8778260149218047
-0.5004553529066672
0.11531227242980657
0.6820088408454069
1.0529536632311094
1.0034145878495857
0.6708443714588792
0.022842723410701524
-0.4419511894420142
-1.0419482727340421
-0.5543133037086064
0.6368953164586951
0.7176267153593031
0.7865272918318442
0.16763336762374956
-0.25381496922588626
-0.9216882756029391
-0.882904578655332
-0.9452355647561606
0.2550794929967493
0.22096254080434466
-0.6401864486391579
0.007917354071232808
0.5376771218755316
0.9748784351296157
0.790821965889213
0.4121344133585932
-0.24713762993411797
-0.7360253192566115
-1.0258356312308505
-0.8676877178639898
-0.437323928234025
0.20317765976342383
0.7218648723028883
0.9988189291915401
0.8608596411762001
0.42136338374315985
-0.20418537231341544
-0.7296433380822127
-0.9948386417153632
-0.862102007461701
-0.4129373200595296
0.20843621784113633
0.7421293503927247
1.003876383875567
0.8783613163412131
0.42626199563218314
-0.188620187038263
-0.7248816733020462
-0.9806669397141695
-0.857459503875682
-0.3997797664714899
0.2129770437418531
0.7545517274401037
1.0083332103683742
0.8902633566001767
0.43065242042078167
-0.17706563373301096
-0.7205404947896958
-0.9693146491605723
-0.853151159516447
-0.38850224684796775
0.21726797391427205
0.76587151563716
1.0126209052439021
0.901737791425681
0.4349494998665678
-0.16532378755368365
-0.7162234449425857
-0.9571873707962791
-0.8488063439261667
-0.3758610633262002
0.22164432839372775
0.7791715972379326
1.0170265187457135
0.915865914290293
0.4393726401122215
-0.15016415526693327
-0.7118097776458978
-0.9407442091738577
-0.8444546627341301
-0.35781307536772383
0.22583723401067385
0.7992463648619006
1.020883498596911
0.9385394721936076
0.44256234141898243
-0.12408867779580794
-0.7099365441638759
-0.9100935164156322
-0.8452676709124453
-0.3207943002093618
0.21910186984944255
0.8455064549442732
0.999079568765889
0.9987831935809542
0.36997294345072856
-0.04336679224768847
-1.1626081965998474
-0.8552704580520994
0.46912503876582184
0.7446463427474282
0.9490162862829511
0.5496338737029405
0.05295610019565851
-0.5703731636018196
-0.9118064284733652
-0.9440588145670198
-0.5853070555815455
0.006952027991967271
0.5965577810394214
1.0160092694428875
1.0123473399935605
0.7415761563162152
0.10077725435225245
-0.34364836284101635
-0.8496162159340384
-0.2999306017670091
-0.3102201294950805
-0.8608823724655075
-0.3977534294343381
0.0781250907740919
0.6709841528369125
1.059633554197939
0.7065634765475652
