0.6246859674792913
-0.5662173005358805
-0.7328022294668831
-0.666764211200786
-0.17443106227109276
0.4138168961595556
0.8879487313210226
1.086200337742589
0.8569990720573026
0.38471643765832697
-0.2813012902095364
-0.7392617089847224
-0.9873223211465908
-0.7421659926016495
-0.309105680077227
0.3754219743977423
0.7965286087015305
1.0690925472946096
0.7832740398305539
0.3869545218905666
-0.3498636487003178
-0.7067532644494553
-1.0587745728156144
-0.6273812375047112
-0.3846936970903963
1.0448256024079534
0.8453329898589584
-0.6192555905732224
-0.6872619204485249
-0.7747969134719049
-0.20879858095809306
0.2860193273030865
0.8639076875264287
1.015631899216282
0.8955404400660636
0.365223351501657
-0.2383910635331063
-0.8060031131384636
-1.044863988755793
-0.9432864557793033
-0.5262727536643544
-0.04864663314585675
0.14584184699112265
0.4330142843284602
0.9772595248906871
1.2111632033065531
1.1530083256667392
0.7055214656122198
0.10427064867068987
-0.4875623248508481
-0.8032731449877198
-0.7615675685037815
-0.35478413394170843
0.24090158789060592
0.8079166384184789
1.1233937400142977
1.0650601993187787
0.6613434770732138
0.05401941140377403
-0.507426560538519
-0.8311135945837519
-0.7649402391612555
-0.36682167247768926
0.2507300912896227
0.808782032294968
1.1455071033868645
1.0780191384867088
0.6965443527173104
0.07990200551839326
-0.45652767045870896
-0.78960472988474
-0.6930918017431641
-0.3040126087062212
0.3537013440366478
0.9046891154651232
1.3011989908978443
1.2356594695213998
0.9628152571181641
0.4166055248765056
0.23753549276301886
-0.1806829527636211
-0.46471594599200083
-0.722149095075382
0.30091530102096886
0.5568789935772086
-0.6550646113981259
0.32191895582640906
0.4851018014089449
-0.20058929137228748
-0.7072446568587993
-1.0830487557376551
-1.0774114130757977
-0.7249415070473925
-0.12438111783525808
0.4827872303911823
0.8911747790898829
0.9276510402842325
0.6118020525618704
0.03403216001687831
-0.5369377685930095
-0.9313306664623329
-0.9296554063733738
-0.6045918950246101
0.01776773742819552
0.5950719223266862
1.048696676864069
1.051662115854099
0.8195891777743773
0.20173220475868492
-0.18472900060864555
-0.6276818295756084
0.17374403638423258
0.506985051007933
-0.42697640118948277
-0.773055763704026
-1.201859805450697
-1.021749088436956
-0.6888670919875395
0.0022823208460125955
0.5160999471856027
0.9046613916802562
0.805661254914717
0.4580004266968352
-0.18432371554546953
-0.7052180193637774
-1.0607739321821519
-0.9656181725155171
-0.5939624959928579
0.04614228730877224
0.5853751832016073
0.9396301406278282
0.8590106887381393
0.4866186198231489
-0.14163955152584856
-0.6812383195392984
-1.0256258066008095
-0.9451154076322271
-0.5643584399776795
0.06397750237022842
0.6107711934324918
0.9553785759470339
0.8811330633361917
0.5007088135254005
-0.12211420196259903
-0.6684818772247089
-1.0081927806576583
-0.9334410373289422
-0.5486312553469098
0.07476950855298191
0.6250957107367753
0.9654502618071722
0.8942983018394237
0.5101946726216657
-0.10990823745837605
-0.6594675247777334
-0.9967776158310885
-0.9247984668564605
-0.5378610197322017
0.0831298359414194
0.6353513620348327
0.9736113898217139
0.9041601897782039
0.5182364710029661
-0.10032327475232615
-0.651465099435923
-0.9873510696595195
-0.9167518504781094
-0.5284663098790716
0.09131198512383024
0.6448568636089518
0.982033552608117
0.9139459285027388
0.5270236475352599
-0.09004552403785329
-0.6421566348322044
-0.9763036289031594
-0.9067180741339198
-0.5162680003667851
0.10234931576828697
0.658753636821048
0.9944715847656723
0.9303661129060173
0.541458157671414
-0.06979172252347349
-0.6247794283597823
-0.9500007647955014
-0.88478823170028
-0.4798605624942196
0.13182266502747955
0.7135385383665389
1.0377525303538668
1.0233973148558504
0.6142476171046042
0.12533734388875814
-0.4684949469119549
-0.1978995260550174
-0.21499213766486097
-1.1321725889378376
-0.9957903972344118
-0.95228643534592
-0.2122158610924728
0.17533464779665345
0.8233032834502466
0.6015430699257007
0.5936872466355045
-0.9131797803597562
-1.0611643563920754
0.2613022536568961
0.6182636756323071
1.0335057251844662
0.8159455447606793
0.43088675783566505
-0.23132379865947333
-0.7243293426640773
-0.9984146735430416
-0.8456818721267655
-0.39549952911812186
0.2277030809780282
0.7610954718653851
1.0078578366047024
0.8854079096969834
0.41349900476004825
-0.18332523817621973
-0.7361904589367004
-0.956791336088051
-0.8539617274384221
-0.3528522526691497
0.2218177946130178
0.8112278654006336
1.0038670910455771
0.9528035495243699
0.4120766060895807
-0.07656443644800714
-0.7304977435089193
-0.736421790906313
-0.8160196505879495
0.5761128529767198
0.5867381390630174
-0.8364996247419333
-0.6724578518591907
-0.6713857017570923
0.0496984428823788
0.48905747285155005
1.0496169304823029
1.0122053862686045
0.8354517183523071
0.17640701009581228
-0.32893491244828976
-0.8545703626509458
-0.8387245506374732
-0.6443186845164927
0.02430854614358816
0.5282634874798614
1.1016711282543605
1.0405215698956174
0.9764088521301569
-0.04132030822621624
0.020135696691692205
0.6970220963684449
0.11544329012257094
-0.15497569832909688
-0.7017907889505065
-1.0078440746929043
-1.0966933993375039
-0.6989238461608299
-0.1707548439300781
0.5227628962225551
0.8920253566263912
1.0655663746180646
0.6934725253103984
0.31125435052340616
-0.31817412333991296
-0.5574251051231284
-0.7983874984325894
0.343427942273406
0.7254497917661347
-0.37972014361953305
-0.7075901187454927
-1.208181567786387
-1.02890887728234
-0.7466210140614965
-0.03952897705850678
0.45700626565233027
0.8884434875532438
0.7889508688345384
0.48521806517184635
-0.1759832424548963
-0.6733728195555422
-1.0756955005660578
-0.9527789191818815
-0.6279677992538605
0.1734129236716122
0.7101181379051886
0.8236833002192245
0.5456565337412057
0.031846887030920014
-0.6162326756661762
-1.0335980317431863
-1.1983470525431401
-0.901446895357336
-0.4324936912489649
0.21015164779413598
0.5294933032192011
0.6628180305597741
-0.06208430790074431
-0.7681886833706658
-0.6904474898148129
-0.34892976368133705
0.2541009985587854
0.7581873411248052
1.0298336635573593
0.9015743120071883
0.45572205917693165
-0.1787782332169133
-0.7375342039940019
-1.0432385141229008
-0.9670368513732918
-0.5790632556994147
-0.10160685623481902
0.24803868120971362
0.7734385247253355
1.0394342768455838
1.0926252797746405
0.38376646996081143
0.3257698226405689
0.6988918502845999
0.07585869658591722
-0.365706113497341
-0.932253977462222
-0.9776800904176166
-0.8315050288069661
-0.2219096312481266
0.3187632760481597
0.8780925655085409
0.9475567853097234
0.8108442290660214
0.25321465014870115
-0.2920666512436209
-0.8559890990973107
-0.9517609906061346
-0.8426436962184133
-0.20018074463149063
0.3848796035761007
0.8704968961324617
0.8177411131721887
0.5891392453261374
-0.35141042691649477
-0.8928858282607796
-0.7606830707492688
-0.3619390777566124
0.22264259917300025
0.8352534055010078
1.1033128711945777
1.1409462684831015
0.6504713093965682
0.24344149465679368
-0.5814925283691869
-0.188107232575742
0.6062021322262335
0.18884427378754493
-0.19661714985072434
-0.826130020414464
-1.0829517098458281
-1.1129562584510617
-0.6809650237511858
-0.11964268958416457
0.5138641148039844
0.850230023313666
0.8836310335429617
0.49568624515071646
-0.05929309576368195
-0.6670796961893675
-0.9893175411198332
-1.0097705731496835
-0.5843118659612919
-0.03050639960197674
0.768573718019585
1.0499698267655688
0.6166243827249532
0.13593423809640126
-0.5391012108707444
-0.9525462414606726
-1.120451026417456
-0.8308019335070397
-0.3457553054617641
0.28619313768760607
0.6545236066817274
0.7661884585355844
0.24203056409702497
-0.4835340579357262
-0.7913348755611537
-0.5899397827448529
-0.12190499084602933
0.5003001498917806
0.9334354801571854
1.10302568273042
0.8351795549207003
0.3403106221291221
-0.31231510521720424
-0.7483853995079377
-0.9356658658902952
-0.6577605481994313
-0.17450474744926006
0.5003577789457981
0.9284357187684973
1.1549848370793994
0.8720429295590515
0.4604288693503971
-0.2152348270128569
-0.48449701006937557
-0.6990748612125552
0.27435539073908305
0.8128865166292699
0.1752175826127065
-0.27111876283612124
-0.8823427486188454
-1.0980360801016054
-1.0420345974787188
-0.5717332814342178
0.022072040503264476
0.6038790588862091
0.8905115760089393
0.8209115524212105
0.39353226726753876
-0.20958663626340773
-0.7618559506182091
-1.0563268668867813
-0.9645294103710776
-0.5445418559445645
0.07642719530274661
0.621248855805615
0.9309068055767278
0.8312870266703833
0.4248775266925136
-0.20454579843162846
-0.7366661253160881
-1.0556629551505947
-0.9436479265848374
-0.5477465671126277
0.09427277724621087
0.6143648306340517
0.9466765531101115
0.8206531615300154
0.43939221906276255
-0.21924847949836157
-0.7225736528420272
-1.0750309693208322
-0.9289408287847108
-0.5727275831894417
0.11117412912862323
0.582340200735093
0.9686477294774134
0.7794651274314889
0.4726289492604046
-0.27264863566235353
-0.6617295875260736
-1.1443212797514655
-0.780680271816014
-0.6553798078697849
0.8603862147928123
0.6454114976125797
-0.757437787022173
-0.8608794461523004
-0.776219295650226
-0.3709902164029101
0.6348162233384803
0.4662295668496319
-0.7268361628501835
-0.27861822170795747
-0.07821704463667652
0.685393904844425
0.9483051686264609
1.1975267424961091
0.8073930309120897
0.37020269423721514
-0.35426442527214086
-0.7349581765178387
-0.9546152897491637
-0.6379092061065614
-0.17631295103565425
0.4963875029906207
0.8988372645921073
1.0787440199303597
0.782880719974824
0.2885174940685064
-0.36274064906255615
-0.7940994365110262
-0.9502772903209701
-0.6818294005321531
-0.15909295193649514
0.46394804712395976
0.9323032315463737
1.0565081469783042
0.8416791185289128
0.278242063337641
-0.2547056886244887
-0.7832843911111026
-0.7115997211662466
-0.6089367764361215
0.8391700800480878
0.998542308559657
-0.5387889672415291
-0.6644839586928917
-1.04063064329103
-0.53958212076691
-0.1738963301679173
0.5925486360367022
0.8611214954973709
1.0732353165198614
0.6426387232888223
0.20544758583801007
-0.5185516196497983
-0.8259002844873328
-1.00954853401871
-0.6016627611544048
-0.14402761658726787
0.5670034325553308
0.8897892056688259
1.0675471894763087
0.6718344339833974
0.2144622913638673
-0.4865004862032466
-0.8026224291190367
-0.9714722685870648
-0.5613765967545866
-0.09521022330800409
0.626995959186229
0.9532603089339499
1.198455053741459
0.8101866839161391
0.4827100165232178
-0.21760795364489996
0.01701909466036324
-0.028172888205644255
-0.6632015973030075
-1.0654316072303949
-1.1768936327679778
-0.9467962958749311
-0.3728999760522481
0.21455146568323927
0.7464396739169415
0.8516250129326853
0.6851577229077627
0.10404745998570002
-0.4423890654105162
-0.9851402879381119
-1.0582416604739455
-0.9074607130359725
-0.2964112243120162
0.22777136668340076
0.8038437396211967
0.8449163105991103
0.7386667806167848
0.07936108697002749
-0.37149354929855777
-1.0271275948062022
-0.9046749014647371
-0.9561801102138578
0.488844223617657
0.38390107820733854
-1.0127276588220262
-0.895446459286502
-0.8705970854667958
-0.252612227393869
-0.05094244584567656
0.120608301211666
0.5067985388269809
0.9826503009439461
1.155827274558386
0.9800852439103239
0.49632196976213133
-0.16161973298360363
-0.6553697919115216
-0.9700092938039631
-0.6114590751833804
-0.39775589301002007
-0.3251266378127608
0.34366108511391963
0.7899910345390445
1.1080275947782876
0.9539799974648728
0.5431262265796677
-0.10462537984057327
-0.6362455822450901
-0.9426346431368654
-0.8321236846519191
-0.4135324613190949
0.20635651423711637
0.7436806906569011
1.030096968047878
0.9240752427106103
0.4901397763583686
-0.12606409326696086
-0.6757636343013212
-0.9590770352042204
-0.8634281772413932
-0.4268530555207896
0.18035043338871765
0.732276249187298
1.007498054225866
0.9136489691566262
0.4694893280121589
-0.1364360747533946
-0.6958785573795769
-0.9705847924308924
-0.8848308350275432
-0.4414870479994535
0.15444173138128042
0.7102286656050394
0.9689935297473848
0.8713716361776743
0.37700169885774226
-0.2837137635931381
-0.7949651645677659
-0.9049703076631709
-0.6662326371924464
-0.11073705605285096
0.4807463095475879
0.9474977096872819
1.0406914470039346
0.7977871543290967
0.2343900428634358
-0.3499999989653802
-0.8204446617699609
-0.8919391031284407
-0.6493951292541472
0.008131418560507427
0.645238499279704
0.9654374872671049
0.892809819903682
0.4908299431685635
-0.12626529952671872
-0.6648079185524153
-0.9802795213363643
-0.8810637609207153
-0.47943528684777026
0.15292196953247247
0.6892872290207639
1.0164797248935726
0.9140454297920548
0.5230275544324313
-0.11339270407643744
-0.6391053986256767
-0.9712418452558188
-0.8573360422571621
-0.47233584677123563
0.1770993621608911
0.6953545524717475
1.0429173134387237
0.9194833921365319
0.553550109240124
-0.10859655903164117
-0.6021849684589109
-0.9677565321241132
-0.810584669331047
-0.4724852302832499
0.2394263712958384
0.6836314695321265
1.1316015987534753
0.8608197164789669
0.6915272465407372
-0.5778527312167142
-0.3741935359674027
0.7831853143523453
0.43321863009348566
0.1792982656856066
-0.5289976231473386
-0.883641695967126
-1.1206684028014076
-0.8250591390923523
-0.3617267356196026
0.3184954859735107
0.7712576242775774
0.9921600092932515
0.7562608564571649
0.283922731205153
-0.35350695986595754
-0.8097974233012251
-0.9954106471814514
-0.7574053235973873
-0.2511407203352371
0.3962784068061718
0.8923709137783208
1.1029116813406215
0.9281377109181939
0.487583043810856
0.0443845968774221
-0.13075450785135
-0.4873514830882037
-0.994389828389246
-1.205448628341305
-1.1002591567178908
-0.6222537365845726
-0.027799124659623316
0.5549500052152668
0.7855653136397039
0.7487500021608713
0.12914802941032155
-0.631413515654334
-0.9588356286102883
-0.9604747220022166
-0.5658262880115986
0.019650461949639406
0.5927691739860088
0.9240026753676837
0.8804248039142681
0.4932412346449086
-0.11631770914247955
-0.6811016513603187
-1.030380536459711
-0.9779405707544602
-0.6074644001141181
0.011662206693176415
0.5586749047774234
0.9186446840519923
0.8453877595693549
0.48739767204838125
-0.1580533524268094
-0.6896915064018179
-1.0855034290792087
-0.9920582256458581
-0.6873571666051048
-0.01309840652071739
0.4285164664368066
0.8706661046381479
0.5850993291166022
0.37221548670919374
-1.1217546406782426
-1.2351337038481003
-0.07141712200578332
0.10708983853398894
0.8750731449648659
0.9520929484262551
0.9760603549496277
0.40209487285555595
-0.11153616378718244
-0.7510119489042415
-0.9391069723087173
-0.905302670115417
-0.39154033614418043
0.15520276424299193
0.7561632225122691
0.9657853748492385
0.9049760808212287
0.4063282312411619
-0.16052484389284177
-0.7503189757426042
-0.9755825373237365
-0.9062299863714015
-0.4201622352187559
0.15338662147381443
0.7327853814688239
0.963380392096147
0.8852400783353893
0.40345470862815835
-0.17767185733248284
-0.7536244832486431
-0.9908719067913602
-0.9099747507741605
-0.4341278556867842
0.149168808344973
0.7197344860272885
0.9586364356836334
0.8727744784150657
0.3981144057369981
-0.18983214430072054
-0.7596491601700267
-1.0029790622250139
-0.9167924691285922
-0.44642333137145646
0.14142396666403187
0.7070048625461453
0.9497979366613536
0.8593453206530898
0.3879732399172634
-0.20426302666910207
-0.7713587434845858
-1.0187723537562479
-0.9304135376948229
-0.4640277169177467
0.12544072923176453
0.6870100736340855
0.9308484351501161
0.8361854790950353
0.36522855359691864
-0.23166083010128335
-0.7990679353141036
-1.051951098806109
-0.9647925286850204
-0.5053035939971725
0.08180114768558758
0.6339754786183871
0.8738028561921216
0.7652070101917228
0.2876756420149103
-0.3320259326724346
-0.9105071204876944
-1.2059983362284883
-1.1392564855038594
-0.7791745592062471
-0.23806389391299562
-0.125958216063125
-0.07529210627165969
0.46734910447887673
0.07086184619526398
0.10102020913705241
0.5586440684442922
1.0911025021146041
1.2944060075831054
1.271011249900894
0.7577368056328428
0.2587631301994407
-0.41752698335052424
-0.49143016945345497
-0.5889718974082455
0.7937913551485758
1.0025547359479663
-0.4852318443776451
-0.575516393953574
-0.9823735956436283
-0.3622632665185797
-0.12002232630412217
1.2896072434227497
1.0401574872904233
-0.3537576991387965
-0.7968802226487351
-0.7882293527092222
0.20088749355148822
0.5976791161569636
1.1943974461495372
1.0513951094485743
0.9279317694438096
0.1700705625161798
-0.10763162705110761
-0.7253294961750926
0.12906836817326048
-0.0029071746923147544
0.14981328695045776
0.41742223737608924
-0.8239589064612404
-0.8581483176604842
-1.109501932550792
-0.5267784460507451
-0.11977534266658495
0.6427906086807655
0.8431554824357943
1.0052696143471933
0.4788235735145987
0.07383923756218747
-0.6960240230098936
-0.7941675056772348
-1.04922426927986
0.09866920545854004
0.043372550346057324
-0.8691971761264
-0.44370440844127823
-0.08680062376453719
0.597956678803896
0.9320161250576163
1.067722025659833
0.7205193924470565
0.19967618510289242
-0.44761863750648795
-0.8520040211098574
-0.9660995151840303
-0.6571911089553027
-0.12249955607369611
0.5011185333283458
0.9150259162131947
1.0132391768558013
0.7112289732379823
0.16524416867909977
-0.45316465054746413
-0.8754707366513171
-0.9696107391412749
-0.6740784422132301
-0.12481022081512634
0.48844560046586816
0.9134720758955741
1.0034008795961673
0.7101802604243287
0.15738622612074074
-0.45385819409935324
-0.8819026093492
-0.9700418824473787
-0.6794578697270945
-0.12503797196318725
0.4838585825505655
0.9134094978791588
0.9994202389728403
0.710257935836847
0.1538755996781535
-0.453656359109051
-0.8850453993603564
-0.9697258990800779
-0.6823109659590948
-0.12461348153267585
0.4812342424021428
0.9139401470330784
0.9969762175706033
0.7108950183973006
0.15157264987498106
-0.45291034384911416
-0.8872397101079713
-0.9688664347516651
-0.6844239929123694
-0.12363409850972198
0.47917892715318944
0.9150479260270955
0.9949578434340285
0.7121418406210551
0.14957248960283495
-0.4515113890988863
-0.889238935930732
-0.9672994213844937
-0.6864385900333496
-0.12187972100266933
0.4771332471766986
0.9170130836067999
0.992865664078995
0.7143462853542943
0.14741846847867282
-0.44903273637314434
-0.8914701967202734
-0.9645034225691711
-0.6887625473384474
-0.11871252297179123
0.47470127093530745
0.9206195763874734
0.9903110042413482
0.7184795104113905
0.14472821929895266
-0.44425841883954936
-0.8943050355104236
-0.9589350820524016
-0.6917429718857736
-0.1121400402517318
0.47159014691940576
0.9284947316235195
0.9871154813311428
0.7280998305424133
0.14155795237368288
-0.4321999559444502
-0.8972072030753652
-0.943269694638726
-0.6938344706547259
-0.09067765650162951
0.4716020354994356
0.9605803837519961
0.9927538664470333
0.785038099233093
0.16545192469082606
-0.2577996064908281
-0.7548783152347639
-1.001537633328251
-0.9354672825521451
-0.4170263890287865
0.11214650940699238
0.7561052934014363
0.894094379618411
0.9284076841735293
0.26253071284429697
-0.10509297225643303
-1.3089417707170001
-0.9060016234573824
0.2896939736984371
0.76902394828411
0.3928493287920693
-0.7617861154793095
-0.7468056993173467
-0.6917958096852456
-0.08031121624997087
0.4544800741648285
0.9310343247807962
1.0611436876500764
0.7223441977069222
0.3038585177074231
-0.938005494596993
-0.810994308854087
0.7338420552596617
0.6264315089993336
0.7633986505248641
0.03994359632635428
-0.34523951934060126
-1.0060747934197605
-0.9855010609297077
-0.929346205732714
-0.2507479924341566
0.2153119918511441
0.8512337715089486
0.8676905763715131
0.79998240118933
0.13202536902583015
-0.33283223203315526
-0.9819578008636081
-0.9784490578920816
-0.957287946851775
-0.2225479684235465
0.12079502997579818
1.1463216185399756
