-0.6302889281149793
-1.0464398011782732
-0.7671800267891985
-0.29049154661446847
0.3394630020190342
0.8164788520527907
0.9656788578915713
0.7596988489302696
0.20488419841880556
-0.3788250941466941
-0.9980563332131855
-1.0758187113607292
-0.6011272938065788
-0.032036418974142125
0.5745897242904835
0.9337203494114913
0.933337982949116
0.5753576793794904
-0.022462248125234327
-0.5934138099617469
-0.9773869503546763
-0.9218136410403008
-0.6206775136570002
-0.13467137013311015
0.4778361305455363
0.9003371937301993
0.9890974687831627
0.7037292914255328
0.14471959929212486
-0.4598673653448343
-0.9012857935207815
-0.98455993838112
-0.7093635484521902
-0.1460284712435763
0.45153930332819925
0.8966515972574223
0.9743884176642013
0.7025385237800172
0.13444072392135478
-0.45994594741597217
-0.9094171896182403
-0.9840032382944953
-0.7163379296215648
-0.1450048654463941
0.44520661005188794
0.8981082970615545
0.9683910653150584
0.7044705376583211
0.12857414949695556
-0.45743764346683624
-0.9153063606603853
-0.9807559984691663
-0.7223798114701163
-0.1407756962516483
0.43888618658972206
0.9036814085700907
0.9616532654590688
0.7119415409138
0.12124542110127562
-0.44718085370984495
-0.9234688894971521
-0.9661906920024838
-0.7317493548708046
-0.11901632719255434
0.4277197592326455
0.9390544526900355
0.9482136847908635
0.7802973448751049
0.1223862470329479
-0.20722133829402448
-1.2457845396739997
-1.343416505498832
-0.29863055081593887
0.19997217147760796
0.7991559464466341
0.866184802819488
0.6878593685338928
0.11230622273058577
-0.46227407756385586
-0.953160722013431
-1.062200679091673
-0.8339323360475182
-0.2896173802188448
0.3138016121182596
0.7760446738516135
0.9036730586835856
0.6440748892756964
0.1123676841654251
-0.531512596781358
-0.9853920073333216
-1.1758836229585896
-0.9123301683706538
-0.5090763733438831
0.12879839755416098
0.04406407067181171
0.1451577523908108
0.900092193438209
1.0362311034987008
1.0219078063167073
0.5037223058456051
-0.05586142481138188
-0.674495065128263
-0.9258953970846435
-0.8895280389024973
-0.42750180168086327
0.139961054785221
0.7241991558348798
0.9788509528020203
0.9185145388007361
0.4573344681812908
-0.12842651828824397
-0.7135980365380268
-0.9833252918564496
-0.9256830155462582
-0.47787388593086144
0.10299644075991057
0.675315553777878
0.9368141190243455
0.8655809674956584
0.4031545484473961
-0.19388762599160161
-0.8028261909513715
-1.0860705771964947
-1.0175410991455036
-0.598605057249704
-0.15622252444270635
0.2106045486227996
0.671311625512204
1.0600852099872935
1.0902614961831145
0.7816395165031363
0.19509125637818123
-0.41032042007325153
-0.8493505310574894
-0.9181599490982051
-0.6327092445298832
-0.06553384935656456
0.5263024718828347
0.9533556528305758
1.0130798051048588
0.7194044517395632
0.14555949011530409
-0.4522515383190439
-0.8845846119353848
-0.9487496405303225
-0.6595573978916331
-0.08897339020031281
0.5047458175743346
0.934854041628257
0.9949694821287421
0.7046137652455805
0.1296132682833302
-0.4639732887668649
-0.899539107505416
-0.9576025353657851
-0.6752985722021084
-0.09470441721704695
0.48285078694348943
0.93292357862109
0.9203020725625145
0.700363614629553
0.30601953185914904
-0.32664501610357743
-0.8086246044989149
-1.0158042363426472
-0.8229835043752325
-0.3330585069258207
0.2897098321194469
0.7913500019548534
0.992425901191892
0.8074196492973613
0.31282875726832854
-0.3062854993872784
-0.8119939334695171
-1.0113802614504441
-0.8302596543602051
-0.33507568193616094
0.2800689485031137
0.7856843455355879
0.9807974244370283
0.7991154386529116
0.2991295558822654
-0.31691864004966536
-0.828136416042653
-1.0244151727834887
-0.849504102809598
-0.3508873998505568
0.2566795205050627
0.7663793217022848
0.9516096190574018
0.775101259608218
0.2614096340218237
-0.34772088949804814
-0.8792395818599893
-1.065788127443817
-0.9235511425443386
-0.4105041639600451
0.13752150143774314
0.6699677025452075
0.7185322904576622
0.5803839371207246
-0.5590188598754916
-1.1138871096534195
-0.33520758362074365
0.04742778701818537
0.7761749529130624
0.9575268258709182
1.0499951850376985
0.5169063991873047
0.06052470306696196
-0.6768102442088446
-0.7987993654037578
-0.9976086276139057
0.09674549994104432
0.07555686818444969
-0.8690997617433275
-0.3281732028302862
-0.15092804282187383
0.3166323426783617
0.8039319647673876
1.145029643297188
1.0618958333559299
0.6887192419571602
0.05502079446304494
-0.5104089277185581
-0.878576728050701
-0.8386971877887318
-0.4747190884102853
0.13145396146095245
0.6927584042820911
1.041894673618559
0.9998446694570818
0.6219566878530718
0.014523909410944526
-0.5573544391292536
-0.9072613742705414
-0.8734800650115819
-0.49606943154666316
0.1047682536998721
0.6763588911396425
1.0209425877854899
0.9869986278910468
0.605278549769483
0.004353054225999131
-0.5706920016571921
-0.9153395300783927
-0.8840740094425494
-0.5024589799153713
0.0965653122671971
0.6713655316599269
1.0149977274163497
0.9831807973199254
0.6017337591455371
0.0015409758739045928
-0.5711887267309075
-0.917251683256887
-0.8795308561548247
-0.5033487612721738
0.11358368871792761
0.6731262253267098
1.1072319072175378
1.012544933256892
0.4046915244863225
-0.17655731783614317
-0.7339598491660954
-0.920704901426705
-0.7850723258777185
-0.2737211327021574
0.31701553382869624
0.8598071716358052
1.0493310385992123
0.9133728205023018
0.40172867320767497
-0.18241701982537273
-0.7275936009689306
-0.90477758527074
-0.7731621901624275
-0.2424170789178669
0.33504642242581606
0.9092084304005655
1.0763803981938722
0.9908198203173219
0.4446165820568809
-0.051273292124429874
-0.6511975353791802
-0.6367516099418734
-0.6010616097504403
0.7617631856755462
1.1141042700355988
-0.06329898383275372
-0.435896519075124
-1.0161185740924974
-0.9237459673438283
-0.713488622536718
-0.04037733897254947
0.43750881064912117
0.9184699722251152
0.9911164054168503
0.7709847785263962
0.18328975388972332
-0.3803853807998785
-0.8623338131009597
-0.9241378568052948
-0.6856593139952979
-0.09657914938586726
0.48805220303287483
0.9751618634023348
1.0618423560185182
0.8350326600623568
0.28084339549919324
-0.280301080945546
-0.7025117191650714
-0.7351933490884571
-0.2635210793128728
0.5321106606181727
0.7771705560405906
0.6535584288051193
0.12251057193525287
-0.42070094759537335
-0.9254119032043279
-1.0113773827160064
-0.8220394643973585
-0.2270179483046024
0.3421328650510671
0.9104632672640371
0.9974440561961149
0.9160308593377122
0.21535871867428222
0.049975261544115
0.036295757861857285
-0.5842994098391039
-0.9795039848515658
-1.1893681930679896
-0.9596873411506703
-0.47114933753932886
0.1737326204445251
0.679404030762135
0.8969896945516026
0.7185485935300047
0.2338457079442498
-0.3811357710735265
-0.8847363533306003
-1.082645723911317
-0.9032373070205423
-0.40457210846475655
0.2105298444149132
0.7245763578727774
0.921859579545781
0.7505900189070912
0.25057215552762696
-0.35796937470524304
-0.8741296078007563
-1.065957057016506
-0.8976461340755321
-0.3929452554232627
0.21165315861514666
0.7319771106550073
0.9186642812992872
0.7542145389653581
0.24285756830463107
-0.3579666460486964
-0.8869465048356067
-1.069688796853708
-0.9166549980228595
-0.400807861712398
0.184582678413593
0.7192573675663293
0.8803067329789644
0.7355839299467429
0.18733311748616882
-0.38328927799367013
-0.9715382579292176
-1.0960957604304487
-1.0593788746833048
-0.2992396542885534
-0.1300743547506316
-0.3943571280282244
0.09230539237635042
0.5774624829138532
0.9777737914849931
1.016129058864825
0.6545382767920933
0.10240906481538098
-0.8413288542641483
-1.1695156309588075
-0.5098258308118979
-0.0571558671693611
0.6424916627388714
0.9277264713262575
1.015514361777986
0.5923902555361965
0.06915525711840195
-0.584855414792167
-0.9065783801552819
-0.9773263907174954
-0.5764134974245532
-0.04641288235552298
0.5932282563470834
0.9163267247702074
0.9777953237486076
0.5745327535705046
0.03904523270676873
-0.6061991779012754
-0.931538079988812
-1.0020587452721652
-0.5978007762482055
-0.07561481236101492
0.5744291114346771
0.8805724807060479
0.9612050558675485
0.5286664294944742
0.02549262041369883
-0.668549962702228
-0.9371212210544599
-1.0935694912082283
-0.5690807649377744
-0.22618851149148167
0.9378127339404309
0.5729639106494199
-0.6947734666056283
-0.5470861400543509
-0.4025121208708089
0.27417453368299555
0.7281403550689732
1.1291982760704633
1.0212511357323428
0.6837411334851209
0.029928258129906377
-0.5098836132528815
-0.895420607169967
-0.8349703115713151
-0.4854864064609634
0.13949189140794588
0.6896623011947836
1.0573827781115035
1.0069198370152235
0.6473168665691464
0.03302259053121858
-0.5207940263456249
-0.8758795064073345
-0.8222787288390655
-0.44614913787957927
0.1803951719442584
0.7583914815454766
1.1417452840330908
1.1291534848825016
0.8210216119674365
0.28389886947269405
-0.009917536669280736
0.004372902968802805
-0.28703451574854794
-0.8243180647704226
-1.132755149075687
-1.1459383533549707
-0.762025293838437
-0.18374146774693548
0.44831908734611137
0.8249687284536178
0.8949840647367375
0.5359050234438915
0.03154292881098775
-0.6023158332633257
-0.6691155959012166
-0.8045400651755995
-1.215619259050203
-0.7922660026603555
-0.43892859819329944
0.28011067087227615
0.15012162376187774
0.36003941733982836
1.0030211700158305
0.918381707724536
0.6385516266741532
0.0028181956788276494
-0.5554846522363318
-0.9706865924723713
-0.9676072013951428
-0.6467894284421186
-0.047871592283691713
0.5266026603232125
0.9207274123788058
0.9260752149913277
0.5913561392314397
-0.0024811882865827216
-0.5871148957972246
-0.977907067366804
-0.9913180678506401
-0.6543074490434099
-0.06733248697207114
0.5189062300597754
0.9034939643405553
0.9180160460001426
0.5750917980376957
-0.011157821433061599
-0.603300271117602
-0.9874907675434828
-1.008154406189068
-0.6651403641050024
-0.08552397272437032
0.5063850351085959
0.8831512171040033
0.90319159969706
0.5515638580072157
-0.029226381553761088
-0.6315255196771898
-1.010392388369469
-1.0435525709602256
-0.6959240462459896
-0.13270865469990656
0.4606394125400997
0.813857294817954
0.8193924002525758
0.4282626429676469
-0.3354826348587684
-1.0442440301174332
-0.39326775068232356
-0.4232525988157785
-0.8202175669523873
-0.28250845181644035
0.19238582449440464
0.783382748272249
0.9611021743055961
0.8783653054509084
0.3636209575090573
-0.21862096538054804
-0.8106113406904253
-1.0411713829031484
-0.9745765833558384
-0.49584259890511795
0.049017809483572906
0.6091929240071617
0.7493655663909904
0.6425827596278663
-0.24519557764843125
-0.9234836110773432
-0.7105919940417235
-0.39458379296221907
0.2648228536952826
0.7261090090518724
1.0443375579322987
0.8599256462725083
0.46941099957944216
-0.23327717271025142
-0.7102236822990826
-1.1080297533564598
-0.8886728027386009
-0.6620845013713014
0.3217931189960312
0.16368263606681688
-0.4700756697284684
0.07288161935857346
0.5060556064601501
1.0219110489467256
1.1871615499653203
0.8176628867553566
0.5208415667235562
0.5564560248993887
-0.19451447772302596
-0.59353548147692
-1.0116011528278257
-0.8289331880231623
-0.5087007499208509
0.18893176817745638
0.6630406264054267
1.048354398614224
0.8956252197299495
0.5533546493212894
-0.13126388862774774
-0.6208160773134407
-1.002277505795591
-0.8604788581848211
-0.5209623867062352
0.15607197933195838
0.6366124984836755
1.0131341714573954
0.8546958218303654
0.5124120062094932
-0.19287556883081536
-0.6744317558274957
-1.101207305709927
-0.9423641757261911
-0.7052697963095098
0.014286738512678568
0.029890343816481604
0.16580698618355114
0.6982497629519033
1.1734885106905502
1.2222161762402328
1.1235311175334726
0.2962508511059844
0.19872396363015274
0.42427053627207867
-0.23299893599508723
-0.6645661887177224
-1.040956325547868
-0.9437158008531585
-0.5798653974791762
0.05210129428904781
0.6155766844515733
0.9724174575166419
0.9347754071350747
0.5558609850796081
-0.04172617618118454
-0.6173002109429182
-0.9513627873596172
-0.9238643440149563
-0.5283104179178297
0.06042017481727828
0.6491462126304953
0.9751727829398379
0.958815431149435
0.5556946808114137
-0.022977757905031752
-0.619092023942866
-0.935481703903795
-0.9266020954673861
-0.513720616646607
0.057106176134399105
0.6636321304887208
0.9714840681699871
0.9742644747074168
0.5517350881770089
-0.005405255713634972
-0.6232778105156773
-0.9142782874008359
-0.9310002043811016
-0.48660633758790195
0.05252179323902275
0.7006123686121176
0.9668745262923841
1.0290664838194528
0.547853474529138
0.08673149912598771
-0.6230145368485855
-0.718016744298617
-0.9073427358602748
0.3547871629070635
0.3407427065849091
-0.8686512012430988
-0.5584280426552171
-0.3682230584115045
0.38171581952963707
0.8093600189685493
1.2017528538616085
1.0439645932280062
0.7125412990152392
0.11132581261486439
-0.3036353877955613
-0.26018781028478716
0.2853161032913831
0.08727131302254947
-0.33789690248969395
-0.94888797834374
-1.2013497061574663
-1.265448936041497
-0.8077820396300374
-0.33211762642329734
0.34336173170909473
0.4866558288059561
0.584524406741889
-0.6001533389740976
-1.0709906880725126
-0.1415894051980116
0.2649094345622389
0.9008303224756972
0.9526951177868339
0.8551847964415659
0.241681605685311
-0.2821649488301922
-0.8876276318922112
-0.9637367146661696
-0.8976830686250467
-0.2312068971662973
0.18566393152407637
1.1969058645299284
0.8125017715276583
-0.4794548718283368
-0.7026041729474088
-0.8413436052807255
-0.37678734182103596
0.12765119459385232
0.745998718975543
1.0084406934287033
0.99782374931616
0.5529506612629188
-0.01887329950504727
-0.6254983257892145
-0.9266596126359514
-0.9082724490556418
-0.4887410966561386
0.0886446829755398
0.6772259002438233
0.9826138386733025
0.9505762066330327
0.5344186537909885
-0.05378998688343938
-0.6395630109970492
-0.9538673157240735
-0.9194049156915822
-0.5108373347581154
0.07953498794617252
0.6586577056943904
0.9749515253591824
0.9345071816479186
0.5278205018237367
-0.06806529371292959
-0.6453629209038672
-0.9668565751448023
-0.9245972214589028
-0.5229231602782208
0.07481032123327606
0.6471734789193645
0.9705906095201993
0.9233756212076695
0.523747398335586
-0.07905752927045967
-0.6491991826405273
-0.9778959033605105
-0.928219925522621
-0.5341669024251494
0.07141730542670996
0.6356201626074726
0.9675129944648568
0.9115353291257527
0.5212157273863245
-0.09080078221347339
-0.6506037708040033
-0.9879778954181353
-0.9268861948159033
-0.5359432571332944
0.08133202669472235
0.698172513088266
1.0340802291497675
0.766159766515708
0.3703706113817172
-0.3423525439345201
-0.7667209921417658
-1.1285620792690998
-0.8083948169225265
-0.5657755516147788
0.6589392281867114
0.4354416465288286
-0.7509282052747572
-0.3999516189034944
-0.1750304481952581
0.5556141087955714
0.897401819281373
1.17516153109436
0.8703250617081578
0.4448349230712793
-0.2612567365797548
-0.6915655954819658
-0.9548216302044109
-0.6990533728855511
-0.2678845985869863
0.4031315396135581
0.8471507597961409
1.1111121354376894
0.8781768419020821
0.44662498785862115
-0.22567218970816696
-0.6738770720886706
-0.9330562596625444
-0.6911477538214326
-0.25237460901349756
0.44235867602765744
0.9021491445975754
1.2072782955028887
0.9880798792225001
0.6551216128424472
0.029362918325846806
0.023525055957841916
-0.11047806535291764
-0.6600991561637333
-1.059973037291187
-1.139040036803945
-0.8909732538411238
-0.2987369270686648
0.28624768461584627
0.8228620409650612
0.9003235088543514
0.761853208764907
0.14425602935372653
-0.2687739284151453
-0.8666449799467446
-0.24973679399976262
-0.3021318569265195
-1.208567350994367
-1.0381388363381678
-0.8162441648424976
-0.17390229070347576
0.32501664307759026
0.6104112961124045
0.5417865975387227
-0.4394456660333641
-1.1078680426526042
-0.2587885392785629
0.025682055534795068
0.8396784939731502
0.8539976079643209
1.0813441395950762
0.09404818238370481
0.19161708505009778
0.2846436912131168
-0.5573586054958624
-0.9686843398941373
-1.2178531196740385
-1.049590556223581
-0.5722034247958504
-0.0801726936482001
0.41058353115655066
0.00466399570196495
-0.46022784193136923
0.03211832968110884
0.4842860980710083
1.0122362606325066
1.1378013388901582
0.9805121157189258
0.4410226049332645
-0.1645818439817255
-0.7087055606774227
-0.90927472163132
-0.7583888337883425
-0.2656745313624281
0.33803050499367093
0.8483163040717725
1.049771623460075
0.8713479628619565
0.3817581801320276
-0.2469523992718737
-0.7519195982824485
-0.9787458682779432
-0.7926731313595596
-0.3320462536794374
0.30622973914095003
0.7733587554778812
1.005947752747816
0.7600309522771412
0.21568448377568472
-0.5838014779051903
-0.5913988868689917
-0.6690662445464403
0.7643918957738535
0.8106272539020832
-0.6713540512152378
-0.6498863956668236
-0.8864775875547964
-0.2507549062923919
0.14971431020963127
0.8581627954198546
0.9582118745349935
1.0052357494335555
0.3783154238611716
-0.076084652286395
-0.9965188845237236
-1.0406668089380522
-0.4934247646438466
0.1310134918392705
0.6801009729147434
1.0525003195647586
0.9544901696901784
0.6161255563692776
-0.047473314125011996
-0.5440943591608673
-0.9407253969445252
-0.803894155848857
-0.48948429938900795
0.22140389787165815
0.6837275722500079
1.155860646216814
0.9467104201226825
0.7887095965694595
-0.27666861692861466
-0.11850760216719794
0.5633760674050623
0.03821061677618803
-0.3909323216637305
-0.9562543018144178
-1.1245781986501815
-1.0044985393665045
-0.5083224442923974
0.10629069643806463
0.6443634073283848
0.9014008880174909
0.7516972081999259
0.3119961954431897
-0.33982483619166176
-0.8335592079156299
-1.1440998151773702
-0.9515460427881048
-0.6019994407875426
0.10216145163385505
0.3993823083357225
0.7957037514361007
-0.2785490760455838
-0.3773459111125891
0.8930818074232676
0.8485224940574589
0.9072226108742314
0.26080674902794704
-0.21723528199189765
-0.8484168329987346
-0.9554729231340772
-0.882542456147535
-0.30981592404145736
0.22255040759540107
0.8089646539927644
0.9404084210957084
0.8343280189255851
0.25506328704798226
-0.3243633842821115
-0.8746468199685148
-0.9532206504269735
-0.7793218142437494
-0.1875880219971191
0.3582310930797532
0.8852304585601061
0.9484100572834804
0.7705639662943455
0.15927231197406388
-0.382773186262071
-0.9409644550217924
-0.9920993541761182
-0.8709556057654803
-0.23417967923874722
0.1787075061130479
0.7933119765657864
0.250886825695003
0.32806331385724163
1.0530942141564892
0.7473561764585013
0.3879824906779202
-0.30188653107539937
-0.7526216270962384
-1.0095841142006285
-0.8034597767873863
-0.34636526770369924
0.2944619371716034
0.7879412433997918
1.0149160015524614
0.8329817606428089
0.35506411108359853
-0.26992072569643905
-0.7792613848943333
-0.9947192726013103
-0.8258288212518946
-0.33878258947671547
0.27471541321495546
0.7918792102389138
0.9965572274491182
0.8348787822801961
0.33709178305042536
-0.26928829968191836
-0.7977769217840556
-0.9949746689101947
-0.8458966921400011
-0.33978609299267176
0.2518236406933939
0.7900738769307731
0.969020806314242
0.8319803177389395
0.3019986157208927
-0.2739821191496188
-0.8456190978106507
-1.0030550966914813
-0.9170098826836907
-0.3551442275096747
0.13189245321880577
0.7561718413043814
0.7154134732313749
0.7345701223268802
-0.7343663954071294
-0.8585914518932808
0.6356754276634223
0.7538810449860165
1.0439189781849614
0.5325549966172537
0.1129809425173434
-0.6077436787966642
-0.8701623968876929
-0.9975351136907755
-0.5545129846876375
-0.06464540114624423
0.6175982397135004
0.9181329481699986
1.0226817844536653
0.6023924875084349
0.09976146045967783
-0.5687112035220748
-0.8740882697674991
-0.97105723690954
-0.5476939120485759
-0.04265342907162733
0.639309750947237
0.9416318329817867
1.07064914329567
0.636547368422466
0.21217449129740193
-0.4958564583276749
-0.41659661189875546
