0.827311817501118
-0.6513658804938112
-0.45444349477700624
-0.4640749436633103
0.28357692636067316
0.6535054857507748
1.1847559534936192
1.026411041290676
0.839865763818781
0.08508636036650227
-0.29148891414618056
-0.8812698296221264
-0.2552386339268979
-0.3266165190171328
-0.940843854488065
-0.5316411724801164
-0.10489895998234111
0.5479908906131664
0.8852991168033634
0.9760615057517376
0.6087596300800002
0.057127774414631294
-0.6034151516148802
-1.018106892104278
-1.151492822381289
-0.8770394765043908
-0.4290561105673765
-0.059387589349644346
-0.045304539834425894
0.41199716834096206
0.4875539916975218
0.7226149408049883
1.2499032949408342
1.1851534987908883
0.8892212142066337
0.2569054144970238
-0.3283586802327015
-0.7691019412053672
-0.8052695831059898
-0.5107666244356689
0.06996068402645227
0.6479086968646334
1.0567684927650127
1.0856436541987684
0.7693650806431781
0.1820750383234309
-0.4116777825148113
-0.8264555198094493
-0.8672513633629257
-0.5564718066657384
0.02162220897048883
0.61004480191315
1.0176702764594052
1.0530383839575752
0.7367469614119488
0.15282207516118018
-0.43969110802742106
-0.8539387620018161
-0.8920467085809953
-0.5837127886102538
-0.0010899543180580907
0.5812967374438425
0.9959937491484476
1.0204138788977941
0.7150196070107112
0.11259230729444056
-0.46262267784939964
-0.9085247251013314
-0.9167550982242502
-0.6669721888976968
-0.02091371629764595
0.4307977847106989
1.1239089825555177
0.6099114360916026
-0.5358566653981215
-0.49110531547852393
-0.39414223905340595
0.27165332315828633
0.7467512750669849
1.2637560939874593
1.226306392314913
1.043404194587034
0.3871572240876148
-0.015263799623265264
-0.5504125917668199
0.040446970461887194
0.6906404174172974
0.3856116634865262
-0.060108757885194965
-0.6519409346518069
-1.0017392462996784
-1.0392242125354763
-0.6935857440681654
-0.1145429783957332
0.48884703511314187
0.89248357186717
0.9295163976419207
0.6065907230130768
0.017365270333669115
-0.5834652450401606
-1.0113786684433563
-1.0692557988804756
-0.8039529325361969
-0.2877051466303551
0.07709970774342005
0.12313757221495007
0.38978468626564894
0.9505101345833213
1.2401587376336072
1.2669910633171566
0.8675308994405803
0.3100415635719428
-0.32187997749947395
-0.6649911811540449
-0.7162051350939131
-0.3220770248313637
0.23137684620377014
0.885935779984424
1.2412090998584429
1.3478877479292684
0.9886673611505549
0.5604136293321743
-0.004912965644048655
0.12806340319571258
0.43267825105786545
0.17926771911277234
-0.3147174749483493
-0.642705157618127
-0.6170760073072625
0.08652784925361129
0.41499823779237177
0.11183450047786021
-0.4350378509184402
-0.9411329285413231
-1.294765556216906
-1.176667726834902
-0.8986217611491493
-0.1289685838889693
-0.08498798759906538
-0.2441934798460851
0.40542858988868574
0.8150667448901685
1.1382012191714577
0.9800564031255086
0.5763407885127394
-0.07312955521352126
-0.6061718204687853
-0.9189337263624039
-0.8141874229439191
-0.3985884150632837
0.2219316680841327
0.7668472592779696
1.0619871148261677
0.9689025629292696
0.5418311961811514
-0.06710601210765703
-0.6197750793780933
-0.9031692296698838
-0.8153898685394257
-0.3761084641829263
0.22926316731924934
0.7949747177548462
1.07613851906126
1.002706172726694
0.5623098992923046
-0.026761668259319096
-0.5925623456684767
-0.8545124656644076
-0.7801196029382563
-0.3160511912240978
0.27518597463578215
0.8718550312029653
1.137535346780127
1.1067159927871042
0.6487188440717241
0.1271297571924589
-0.45919388973383496
-0.5840898818838277
-0.5316230181252902
0.4987524174962071
1.1245165091456462
0.6519189823033794
0.2805778555426394
-0.37964029376996516
-0.6620036286889838
-0.7990312054314976
-0.08727166135112112
0.729531333734096
0.687807868540446
0.4795929044919909
-0.19569363360252778
-0.6046583342552003
-1.2778119534275094
-0.8380543813991506
0.2833532522604222
0.6668147188789837
0.8934972905676491
0.5819866928184573
0.0983993889942651
-0.5235999121225103
-0.9142962501582188
-1.0069533837274178
-0.693585143892805
-0.1294742790759219
0.49973556792924423
0.9603632580561287
1.0669633971774537
0.8360345661936441
0.2996397534900182
-0.19040139712287124
-0.5820627825505714
-0.18511243863833482
0.39802590547908406
0.22299671230314017
-0.2321389369305031
-0.7982975819899322
-1.1719352751450174
-1.2043846943959795
-0.8950652146664521
-0.29708888070108935
0.2591855273146864
0.7131545868972885
0.6396242352392838
0.3972918106374128
-0.7681064982291498
-1.2388827673312737
-0.4523650705677351
-0.020469115613639646
0.685358009069152
0.9248580928147246
0.9731399936917677
0.5174346996157208
-0.01936613056560867
-0.643841779776414
-0.9324117844817872
-0.932676915877273
-0.5054699267627748
0.07300298419913026
0.6789339139782533
1.016695624341925
1.0045181681586326
0.6609828528416101
0.07719360040698774
-0.2143181045623058
-0.5110290532994
-1.0666211521216993
-1.034105958415971
-0.7905898754033951
-0.16549208794848091
0.40172343222322876
0.8645740959439875
0.9129783867407653
0.635996186388315
0.06689243668181703
-0.5384070806217087
-0.9375660140452642
-1.049365306053799
-0.6522039522647869
-0.22325831012209618
0.9396992218717228
0.7507545146781293
-0.7259123201959585
-0.5161841144177554
-0.5807890734160523
0.22802169403944286
0.5607250832593197
1.2266046883140784
1.0373736486403942
1.0249547562771995
0.17803005034574218
-0.0012963946604813827
-0.8020898136486038
0.24178614976717863
-0.40159205099556017
-0.6050585849424722
0.7936209572633427
0.4959952975680898
0.4010941321177584
-0.3357504108580645
-0.7444362762473342
-1.1513131051827352
-0.9997466204086111
-0.6557245462449157
0.012211724225087033
0.5391280268238456
0.9037077679065576
0.8210887055108684
0.445629257048233
-0.17781321206107237
-0.7329657965617634
-1.0675619330115156
-1.0162422119558954
-0.6212901753282855
-0.04203935221268449
0.5218723080171401
0.7705304593710534
0.7072279531954785
-0.036647569713325084
-0.7560187476215066
-0.7273665879215738
-0.45937502596785
0.15016317117075664
0.6916217469939654
1.07491626442208
1.0499145082757564
0.7033481544037952
0.10251556509180494
-0.47331366904435673
-0.8402150829848898
-0.8322782539345565
-0.4605641391725602
0.13323150046755947
0.7479526027314003
1.1164291897592233
1.1749513803648874
0.8168885932388729
0.36491834364963016
-0.2058725701976785
0.022195828899038646
0.2143811012946902
-0.45669334324562094
-0.8431671662231666
-1.187202807433315
-1.0146085776789728
-0.6331877385816775
0.043626437886223245
0.56858843085255
0.9259098466782275
0.8187080977692918
0.44641226460153216
-0.1917085493662165
-0.7097829779962603
-1.041287295736964
-0.9282902491897681
-0.5374042228156147
0.10605985462359244
0.6382548898903588
0.9750548542673835
0.8732202187523069
0.4878853716110112
-0.14647570851290706
-0.6725872710549257
-1.001778111583481
-0.8930221204877646
-0.5012061289018416
0.14130876544315663
0.6730021968220071
1.012155629728378
0.9081884755225665
0.529083451043016
-0.1094972934785281
-0.6239969862518483
-0.960492054652871
-0.8310197051737016
-0.45204066599412296
0.23207567791881992
0.7373943592283937
1.227443259870464
1.024977029459498
0.36765155503709424
-0.19628735909675038
-0.5673685980372445
-0.5153040279530678
0.1853907566407387
0.6443882451205629
0.3908456216053328
-0.07837218358219139
-0.6681188283587466
-1.0522123348517216
-1.1186267657808215
-0.8013414859166383
-0.23238754879698525
0.38456427781835656
0.8176435886627402
0.8991828978302708
0.6120138443042527
0.052761693220316604
-0.5432484582529241
-0.9695109357134611
-1.0352474799279443
-0.7429736670184822
-0.17105001754422874
0.4289691889698687
0.8658986853845065
0.9349047982450727
0.651987261558575
0.08281594805575031
-0.5086950332398311
-0.9432410551110108
-1.0042534785901138
-0.7192155058038584
-0.14230394010380532
0.4511454966784525
0.8934022914379214
0.9562385775500368
0.6790939966397638
0.10395327670736672
-0.4811979983078604
-0.9216745568344935
-0.9755521075437605
-0.6965476984537621
-0.11146730493913368
0.4757103431189924
0.9275392844428231
0.9837269433409263
0.7181097525896788
0.13579334933947246
-0.4350043894725697
-0.8833505149371184
-0.9185789833548479
-0.648316539555559
-0.03758838093070403
0.5398236360312758
1.0299006006056353
1.075328283263527
0.8744513546625042
0.2810234307838955
-0.15121919066673525
-0.6167026766279384
-0.06491079558859303
0.5133494264270932
0.14565751670391172
-0.3087784830749784
-0.8816436241010475
-1.1567943312792661
-1.1217415640780282
-0.7018796606158161
-0.09903792656636438
0.4942269487205426
0.8409542629631365
0.8154275502615359
0.4395195004104513
-0.15923041182154393
-0.721614957163558
-1.0679212431935843
-1.0187992258253133
-0.6459223033243547
-0.02854441332267527
0.526020471821568
0.8851660076594358
0.8175528126847654
0.43325207540415994
-0.26212371361488757
-0.7760568696869268
-0.9933647319127972
-0.7537114720894832
-0.28713409625570113
0.3885389921697537
0.8302361106590739
1.0921946526651314
0.8246346664565799
0.44823813766928844
-0.25415975111387573
-0.4939254250346239
-0.7942764977099419
0.3666789040625136
0.674101241671208
-0.48993109117980443
-0.7930023895623447
-1.2146475247937685
-0.9622498735483813
-0.6040362553102575
0.10165544134693778
0.5763120235988577
0.9073101012468021
0.7392706919897869
0.34289103822499756
-0.31024601614098596
-0.8048314981300725
-1.0969278981726824
-0.9383131636729987
-0.5023920805501403
0.16146290777809957
0.6761128525253756
0.9223897643280686
0.7600420728399749
0.30204978038724745
-0.23879067901942472
-0.7107397847295034
-1.1178380549880436
-1.0768684291271886
-0.7456085166452924
-0.12640511258687906
0.43954481865533707
0.8351529235552357
0.8196759839889717
0.48492304881362225
-0.12144076253559155
-0.6906699951965941
-1.0787931218583802
-1.0668474654096491
-0.7277914836533842
-0.12531819082463447
0.44585705977273304
0.8296339731444358
0.8175667839577831
0.47357283302971037
-0.13110342652003462
-0.7080104753375694
-1.0963393076984045
-1.091105550445785
-0.7545840079823737
-0.1583321323608404
0.40714063635768966
0.7846249821010203
0.7620909024299078
0.4107643731529797
-0.2124069556709255
-0.7999395396209608
-1.2225416470541164
-1.2383879694375042
-0.976597732765412
-0.458489175515158
-0.18801290577943428
0.1642860003039208
0.5525549560507493
0.6049875800961699
-0.04650840541882553
-0.5575673364812024
-0.23378334364400957
0.21166477869717967
0.8083625241591251
1.1092062626769543
1.138445781974379
0.7374135233072223
0.1742924721462165
-0.4547216537966147
-0.8051674202765393
-0.8483525371028962
-0.4670176859868885
0.0944657437976686
0.7251087070874462
1.0871307066102447
1.157335311208756
0.8097026352207723
0.3284986903937838
-0.21057520247758243
-0.2138505364436088
0.1682894174808066
0.09173689698559889
-0.4450971578643844
-0.9248639036955855
-1.2412962927277182
-1.1404479331231927
-0.7522033730599338
-0.10903284217145029
0.44087864966219276
0.8043699023645589
0.7287327114953556
0.3669355779471207
-0.26952132957464453
-0.8024056660781981
-1.170133385298407
-1.0823604775729394
-0.7334023188936374
-0.08742788720721802
0.42401408223583026
0.8000443860905185
0.6803767197440793
0.3396401299102333
-0.35306468586371376
-0.8550788721499372
-1.302142808526327
-1.1698169823873645
-0.947452980069716
-0.23475947337489084
0.025867480908333306
0.5104870571505583
-0.571122151561177
-0.7138202654432002
0.24298175122686402
0.7621179990294517
0.40420951582668535
-0.8465815110281649
-0.6018027940982049
-0.5442049843699892
0.18923076854403023
0.4354743684685959
0.8187827432118502
0.06647345401954413
-0.4859636742188972
-0.29037074179555405
0.19376088839037786
0.7315104887453201
1.1361141922628408
1.1568487012231878
0.8591125513870602
0.2544026107308847
-0.3415348157311141
-0.7995747263860506
-0.8601110266528154
-0.5920150294880517
-0.017025270174169636
0.5603945012995717
0.9950240064073229
1.0430925075264543
0.7558496832853293
0.17202101474241385
-0.42152129164996566
-0.8626576412938232
-0.9246348115271161
-0.6423215125066727
-0.07074996769615956
0.5189719981140598
0.9490922908834714
1.008052455852162
0.7156496753836417
0.1416553112142729
-0.45748311769632033
-0.8895815263135415
-0.9575017409065101
-0.6667444964680768
-0.1014517639388815
0.49628447032622197
0.9197439876190787
0.986428581626272
0.6868844980061372
0.12044966548670438
-0.4864691080580194
-0.911055637774478
-0.9876358714514111
-0.6892993441559749
-0.13391433412845125
0.47158499827273953
0.8833040943128738
0.9580526464012511
0.6439471807587357
0.08598178330791728
-0.5401366561537781
-0.9558087208693339
-1.059992225849236
-0.7525123722623455
-0.24247944344917133
0.3712141039298618
0.6879360011509725
0.767496209096127
0.05537871332224614
-0.6880446280290619
-0.6455637171965509
-0.351578175406582
0.2563024834366621
0.7765078865655639
1.109107563948206
1.0325664212092625
0.6388389892127452
0.019918963585967616
-0.5483841546819923
-0.8836254526189347
-0.8365018438565361
-0.44072816267793136
0.15765535142737183
0.7316015765117817
1.0511596962841498
1.0132311749964562
0.6046161239861576
0.019655759039043402
-0.5654715063946067
-0.8658356149177943
-0.838284605477493
-0.4016457047575955
0.17282824229671623
0.8012205781044138
1.0891847080897812
1.1358529934708255
0.6776157668859271
0.26067197328088676
-0.48537560408645236
-0.12985324384349872
0.48976292424343265
0.0068674461330250555
-0.42691450350147647
-0.9936617691522481
-1.175621769119484
-1.0714946962157352
-0.5907217985258708
0.022316196572216028
0.5428820506621016
0.8233627327130385
0.5987816601651312
0.2061629630582138
-0.9672586097047557
-1.3186315332264387
-0.34671856327935285
0.07668573504454307
0.7806368466426912
0.8913632941253962
0.8686726602319502
0.2988987653760534
-0.22223686930448047
-0.8388531761555492
-0.9966980772885599
-0.9349443079125274
-0.3929235695409864
0.1496966251068354
0.7482958818753447
0.9186287180554691
0.8446359826527737
0.309391662791286
-0.2415589881967533
-0.8376966126463052
-1.013361846623375
-0.9407333623801913
-0.4081895032940823
0.13744637327305448
0.7335561145130317
0.8992068520651344
0.8296933919280748
0.28076827327358356
-0.25751207751328875
-0.879779231537043
-1.0315772833041401
-1.0054440759385566
-0.4313381893174518
0.027158111220774474
0.6977664475632281
0.6651051791646878
0.7485231292826814
-0.6965810310368982
-0.723058556878256
0.7363344086656648
0.6533479004557396
0.7329654137409487
0.03786042931797147
-0.39358670698600245
-1.0641556166231347
-1.0533756231536187
-1.0842392222472998
-0.13201562334849462
-0.13748790642344413
-0.5470265007794367
0.059497839858696625
0.5014876172478714
0.9719995724831549
0.9813282563431932
0.7215327774958925
0.11176333409096423
-0.48661314019924984
-0.9707688593650936
-1.0660730498306492
-0.8319606406456885
-0.30070965293645435
0.2461374053921271
0.6091408819272777
0.5256087900586374
-0.16096266613434285
-0.6559681889756711
-0.3838211485312497
0.04900188936913725
0.6700651637089717
1.0245647626906034
1.1317986747576558
0.7839402483714674
0.2536596622124285
-0.40485328960758266
-0.8064505293363788
-0.9390991201489688
-0.6195272602734645
-0.11119036502771144
0.5281118491810571
0.9049696810744479
1.0228679877552158
0.6619317682237896
0.13815460989605766
-0.6710335473187029
-1.103874215376298
-0.7802282931756683
-0.13604232656307993
0.45398298568357986
0.9248461648854639
0.9924386577097225
0.7420294862267175
0.15782597612851795
-0.42155261884486245
-0.8961323362013685
-0.9594555268393181
-0.7205887226870537
-0.13284092975126857
0.43101754263096753
0.9102476981833866
0.9534908525244173
0.721902257602888
0.10702443083214641
-0.44435683828965195
-0.9632199222679433
-0.9823584679629016
-0.8161701680544236
-0.1417804793821689
0.2749620272735534
1.107986544030596
0.5993147283060647
-0.5928157812470288
-0.659588059976193
-0.6039708157681569
-0.02538180921644738
0.49826558319311326
1.0020334258930463
1.0862588761180836
0.8734240346963343
0.3057213798460208
-0.2904290587816524
-0.7868542600698584
-0.913475186471738
-0.6952281930232418
-0.1556643125911387
0.44484859691901874
0.9210095388727657
1.0515023798527154
0.8177626924103973
0.282026705074297
-0.3309430573663564
-0.8028304044158424
-0.9438847413896849
-0.7046636733566989
-0.17864088481746637
0.4426694464703252
0.9035985421805123
1.0611116568030403
0.7926454654948455
0.33072038468623965
-0.20288927059498188
-0.7475523005726112
-0.9808213458933237
-0.8606311732492884
-0.39357639161029706
0.21687476129378108
0.7580218676755378
1.0093185226096508
0.8851188950571771
0.42659942675838114
-0.18783201702709176
-0.723826125726846
-0.9790379197464197
-0.8512754478270697
-0.3966478193385095
0.2204864662257087
0.7525498692766341
1.0099646282125465
0.878158552738608
0.4254375720774826
-0.19594209010669023
-0.7262660295688435
-0.9882401586391338
-0.854769956140909
-0.40707283519103404
0.21596972581167326
0.740590333584939
1.0042949960171488
0.8641135477581816
0.4182887927933276
-0.21301438995553398
-0.735528808758965
-1.0100234582044543
-0.8673731932906085
-0.43687771085968097
0.19745536187776358
0.695134521407942
0.9735357943141136
0.7795105301455952
0.3540864278411278
-0.49683319527790804
-0.9963168030951295
-0.8443057258805118
-0.48800396753295877
0.13557707335199176
0.6848637105320585
1.0133205731483532
0.9531059603197319
0.5506185123858649
-0.053303139837435655
-0.6273291032516306
-0.9455007500322388
-0.9025122015074317
-0.4922775272888696
0.09753798267337922
0.6787541015997731
0.983928635360656
0.9485446299083654
0.5251736234225316
-0.05585355123654535
-0.6514045564182924
-0.9457043545365169
-0.9270576874403816
-0.489362063651832
0.07081055808771702
0.6865702802458322
0.9530106041367342
0.9655239254547543
0.4873079361003189
-0.017867574801542576
-0.7001383383897014
-0.8416588311615153
-0.9892766706559087
0.08426578908459663
0.08197878898268447
-0.8177868328743182
-0.3023513043232011
0.032294652942229905
0.7415302422104589
0.9852293651247136
1.096174410306001
0.6549492298600617
0.14561200901881638
-0.5257162002113932
-0.8483825268614573
-0.9361583702104771
-0.5402574214570448
-0.015280259974302738
0.6265876974144636
0.96051333931219
1.0276152255424789
0.640197763980279
0.09994470087652108
-0.5353082433862874
-0.8809405902463243
-0.9427424358474851
-0.5645369174991862
-0.019940570882344247
0.6079230818561657
0.9571853387928825
1.0129795525632148
0.6378630882237608
0.0883406849709873
-0.53684757620554
-0.8901640970222539
-0.943599050051943
-0.5718143547035558
-0.020170835574083355
0.6023011027480927
0.9575659498381595
1.0088237994526865
0.6388724306651279
0.08553841854458016
-0.535160908544436
-0.891663046076577
-0.9411545738460944
-0.5720039132079912
-0.01685157146950928
0.6034830088883544
0.9619219799098364
1.0115008635317206
0.6444858208712011
0.08990837380276138
-0.5279899123354829
-0.885306817153499
-0.9320135410316029
-0.5632369595198212
-0.005164592700748642
0.6152740198380111
0.9769777129441631
1.0272145948794413
0.6641213839249592
0.11089608585864966
-0.5019227257938648
-0.8569351555153407
-0.8965402470163797
-0.5240112100053944
0.04481641210536725
0.6714833258526544
1.051056574225858
1.1123971769873575
0.783022659003379
0.2525125991415227
-0.2807713627179759
-0.5752364063331726
-0.25546429834371404
0.4567724206738128
0.49319953402335764
0.16779767002926702
-0.3865952936820705
-0.839779042163017
-1.2010248600128692
-1.104964409086541
-0.7549979859398107
-0.1002375593463396
0.441093568525288
0.8412251686206593
0.7738826051949587
0.4464467452728718
-0.19787732352537568
-0.7238485513824313
-1.1242053196262385
-1.0451117473736644
-0.7263316651993852
-0.07201730381468627
0.4368392511052826
0.8467003328974586
0.7401781939059242
0.43173039698157867
-0.26484909121824957
-0.7600693583031599
-1.2375747535699293
-1.0990344499882785
-0.9199986492277317
-0.26859585237475403
0.04478502399239386
0.5603738730073959
-0.30091302277595233
-0.547297290374326
-0.03334258420429956
1.0320729612859072
