0.18269193278889725
0.3848350997315871
0.9699253069576164
1.2013366268302565
1.202906591336701
0.7537064499307218
0.18726978098307212
-0.45732118371970587
-0.7705966472820283
-0.8213737173263831
-0.3870896106793395
0.12320187176306832
0.792197293999378
0.6758239811716295
0.7877428125637668
1.1284849247594215
0.6914339287955784
0.20705630762615487
-0.4193437496048785
-0.7027497483491543
-0.7113109447235131
-0.12099812600244775
0.6104992120949485
0.8806972959613996
0.7382308144146081
0.24635424812970344
-0.3408425322339536
-0.8448536480349597
-1.0038598064547635
-0.8258830412994606
-0.2940147799801073
0.29673304667726674
0.8270039717244081
0.9759266771417032
0.8199216643228044
0.26784485046299994
-0.3013819942950503
-0.8635275985116532
-0.9886026584080201
-0.8827628638832888
-0.3010705863102267
0.18123823949576046
0.7852449923435278
0.721141556289783
0.6870011864380661
-0.7311413460834043
-1.0169942370104372
0.20460718243210427
0.5877965915942553
1.1099941495047259
0.9981604507061195
0.7103389135230066
0.061229312377164266
-0.48140569032055747
-0.8683266094724758
-0.8451919037847463
-0.48050109238824906
0.09901416004761404
0.7072208682252474
1.0174654736117967
1.0701698258831316
0.5740345611411727
0.11454864945080413
-1.0410506273213624
-0.9905973267269433
0.2923135749490344
0.7034510194496293
1.1934536119990407
1.0425277757409437
0.7438601749237059
0.17621695949170604
-0.21048134104289012
-0.002975218574848668
0.28898488333937167
-0.33657357683893313
-0.7234556780313968
-1.1727521134524892
-1.0685943778124696
-0.7916594331996316
-0.11351981668708044
0.4213408031840785
0.8877537891598972
0.8579282558943953
0.5872541924077241
-0.04465821352564308
-0.5776380907011265
-1.0119659902166114
-0.9822850702424374
-0.6877857693093289
-0.05702186792541664
0.49448123935724975
0.9271516308879436
0.9123600272356607
0.6159523484771169
-0.0025361323739606406
-0.5560569394829223
-0.978403290271285
-0.965658531553987
-0.6604272659654419
-0.04396856120440525
0.5171939792653228
0.9375543211483683
0.9315015318540832
0.6243431953558206
0.013800119767558414
-0.5492223199507247
-0.9643109729694113
-0.9600468925770157
-0.6481578555774689
-0.039330838365140175
0.5279626429998205
0.9414078194921915
0.9410202573588954
0.6275593795977104
0.02226714965223175
-0.5465279417577676
-0.9567368264772566
-0.9577822351472545
-0.6413478315161042
-0.03742153091464897
0.5341140771475723
0.9430225911688283
0.9466004523373978
0.6289299527607884
0.027349063949453866
-0.5453593895607307
-0.9520917417993138
-0.956779915592348
-0.6370874087873372
-0.03655467114149093
0.538034457103942
0.943780831845596
0.9502192287063848
0.629603352320383
0.03069958709073731
-0.5447494038080638
-0.9489803309758585
-0.956213669975446
-0.63418946232128
-0.03601373079409416
0.5407416848888383
0.9443141219173251
0.9527560745337752
0.6301462923375749
0.033084397085357896
-0.5441794574886714
-0.9467308399446325
-0.9555988894006868
-0.6320598833860163
-0.03533537711158071
0.5427657387052224
0.9450761829666126
0.9546882432001076
0.6310141453646306
0.034937840989466507
-0.5431811207247441
-0.9449431654081075
-0.9544419706066728
-0.6303249314172136
-0.03398737492688309
0.5444614428052563
0.9466534416390584
0.9563590028465804
0.6328661515862184
0.036599287118914164
-0.540999382796652
-0.943273428948274
-0.9518630978608796
-0.6286264634497004
-0.03092753653851787
0.5462131154319011
0.9503001048857581
0.9581940857099783
0.6372355198283879
0.03855620996266481
-0.5357297311228445
-0.9411442502245664
-0.9454563663738695
-0.626256762622284
-0.023060616090930096
0.5489189238643687
0.9600800424299348
0.9613748186632428
0.6495835100053556
0.042421920325677064
-0.5198291950072896
-0.9362602141484395
-0.9244518451830547
-0.6197943374092881
0.005645077820327402
0.5579697201039355
1.0011977316780714
0.9750102187005365
0.7126747690188541
0.06511658443967815
-0.4117178751955062
-0.8923968519776276
-0.6958041922392442
-0.509207976683527
0.9205111994109686
1.1410511159936774
-0.17180262784241762
-0.521019706288524
-1.0571973546053728
-0.8725479274181759
-0.6011198841577824
0.10396646784992607
0.579955442190604
0.9931773644955348
0.8665298338651406
0.5459636695595841
-0.1287896775095975
-0.6266710147413901
-1.0255750594583721
-0.9050534724048145
-0.5842324666445035
0.09920376909548577
0.5733938043467881
1.006875605608172
0.7301077129833785
0.5656912422168054
0.3341253850600135
-0.279751530219084
-0.795712960121266
-1.0460198155502627
-0.9392625410866917
-0.4656797057268563
0.12559173829786943
0.7014466614452474
0.9345078013171401
0.8636901817407324
0.37153777428290724
-0.1851549892863693
-0.7859176628044706
-0.9705864296603863
-0.9396493219519125
-0.3481946205019986
0.1281426316006092
1.18031015619427
1.0688507330879984
-0.09473606351791267
-0.5390215853686088
-0.9991925646486743
-0.8586327412744441
-0.5285006548255405
0.130923916049352
0.6365162669103492
0.9883065660824786
0.8766966885526013
0.49966524143183577
-0.14416840598659417
-0.6746601538248672
-1.0182056141904112
-0.9205132216774018
-0.5402088893468514
0.09662289981903735
0.6263083229123128
0.9682647215434581
0.8657166365033031
0.48910746215481427
-0.1574025250124383
-0.6770371475218989
-1.0354736180715105
-0.913716195889443
-0.5649468412366555
0.11629649143736753
0.5847958045646395
1.0094725375981821
0.7700884236140656
0.572018432632171
-0.6749306337369837
-0.5176396555204628
0.6563491661414952
0.2545009755957165
0.0180379453565144
-0.7439501241855638
-1.0801061406863228
-1.3768006286175842
-1.0753307836561343
-0.6940742339485312
-0.05849141407138774
0.253411227681736
0.13904754922352658
-0.5665969940366999
-0.4667676233390255
-0.16059983372249534
0.49248515174052687
0.722877760391445
0.9421420900543472
0.15410878713723045
-0.5844025343544572
-0.6250254204721837
-0.28915704731836195
0.24422015821235402
0.8234094749331982
1.092167102214734
1.0832906218859601
0.6251359778184165
0.06945436401561478
-0.5741106905676477
-0.8537252941873329
-0.8892401055248013
-0.4351182796230609
0.08405680722582372
0.7286557349466679
0.9737285015677404
1.014759758432421
0.5236845026366632
0.014653382442961516
-0.6743666964088554
-0.9037951543024965
-1.0053007542153076
-0.49108821312387974
-0.07854965972266396
0.6454663557494208
0.6747055703817676
0.8341682924003133
-0.5385887740735267
-0.8290365529676078
0.24461433629091078
0.7034274560797065
1.1724120665420614
1.1759889553218006
0.8431802817347318
0.3150269139289025
-0.3054547088671756
-0.5407503677058763
-0.6092856466660934
0.2800668204556019
0.9063685740840681
0.7517497945075727
0.31074714454029795
-0.19410648610475062
-0.7621609340272719
-0.7340329703279829
-0.7042940066254353
0.6886260406290686
1.0113279518104745
-0.04807676093268958
-0.5219538597931608
-0.94028653610852
-1.057055721738353
-0.18736815578737825
-0.07540858766077614
-0.9865167488159139
-0.40520471546849585
-0.10722569412300567
0.647465141990796
0.8629695693097833
1.003051927406129
0.5442807837214916
0.04623350059152398
-0.6305223868551546
-0.9643907656325935
-1.0383159212982667
-0.6873913875074015
-0.10411870925999347
0.41838019977855917
1.0567650296156283
0.6275397600868082
-0.6265296231509703
-0.6671953868817498
-0.738295973462438
-0.1107153196655709
0.33906743368842956
0.9602240660513938
1.0248163397617678
0.9475511166131887
0.33633758842662204
-0.18261208175772595
-0.7924095347763522
-0.8966969234723665
-0.811660118204268
-0.22505759757505378
0.2987751358780788
0.8934244701957091
0.9999903171386709
0.9068383810330501
0.3198967683408466
-0.20588855515467885
-0.8037946268417842
-0.9059333166773302
-0.8196274408259778
-0.2204742195984835
0.29360589927682623
0.914857452156677
0.9980302134241104
0.9538157666717022
0.32354151171787704
-0.10994786077770698
-0.7860251152770463
-0.6800267585210539
-0.7502849200994256
0.7710873323946477
0.7921776348764619
-0.6674242778726286
-0.7573145217217615
-0.9121932166590844
-0.3739963930092988
0.11557914468984566
0.7534666074858093
0.980632620379854
0.961660855372111
0.4897344166903199
-0.07554240897909835
-0.6744054044825095
-0.9434077817821447
-0.8988085693811351
-0.45298055595730113
0.13039487641540642
0.711764988436581
0.9942739506100409
0.9374075236390648
0.5021391438613483
-0.09008350697509686
-0.6628367477253734
-0.9518209889138366
-0.887620647986698
-0.45710056250948694
0.14163865462535352
0.7109578831686981
1.0059963945158472
0.9394071574594847
0.5147752296550716
-0.08548163983978015
-0.6488047771007113
-0.9445945772648976
-0.8716176891018002
-0.44701939304088145
0.16034447789296882
0.7243564615775762
1.0283913713483566
0.9568919728684006
0.5422611927379856
-0.06268621165541226
-0.6141243776197938
-0.9145188825788537
-0.8263881371691668
-0.40636260894598053
0.22189173723555367
0.7815184569695309
1.1172351035076877
1.0423585013109011
0.682726176188276
0.07878973500664142
-0.35144673582719643
-0.6288041848971612
-0.010561862052623383
0.6233915614494927
0.3205586949153248
-0.0908997362572396
-0.7144446927552853
-1.0510127225737569
-1.1420179568292277
-0.7828039234900638
-0.24083496204740087
0.4068432552571254
0.8057747945965755
0.9101305286747211
0.5892840760997802
0.05573762826871189
-0.5639921995338687
-0.9571642707815766
-1.0376441007625945
-0.7125902266474429
-0.15451275689152544
0.46863982725501424
0.893679762250321
0.977883742716734
0.7107227347114141
0.16046135010114607
-0.23578062448826126
-0.6088877594170994
-1.1007933288209428
-1.0842514077205265
-0.8105821196293672
-0.19804401521159848
0.37740213540401646
0.8178359991177379
0.8598646520556251
0.5614476130450228
-0.008113494053914792
-0.6217067748831633
-0.9976895530670501
-1.1227747754385333
-0.5440845502891375
-0.31566270891906134
-0.5216268112281428
0.21723261214918968
0.5890711613683537
1.0561540954498767
0.8842391999133874
0.6172373899232804
-0.10637886984099769
-0.5726669351847811
-1.0396403970981205
-0.899285912725469
-0.642015072542134
0.07614401574118779
0.5233383728019908
1.002764622087027
0.831551765327602
0.6059956541281825
-0.1612800962998482
-0.5457348484386241
-1.1090102311934942
-0.7987024709090061
-0.7454326074133247
0.6161866508231154
0.3501715493429244
-0.5143097476110335
-0.22089452878486418
0.7357363990582791
1.2778414194808325
0.483154491397361
0.06895350537954965
-0.6596824015245772
-0.9330123435275822
-1.0060060119134138
-0.5938076675747993
-0.04496676685183836
0.5643478346105745
0.9113568258145323
0.9114756479066672
0.5511270365805485
-0.05552229251260025
-0.6212553830304464
-1.0241453010614432
-0.9812368869686027
-0.6864187979673341
-0.029684988865692277
0.44024543487329726
0.9134082844439269
0.6784020695563112
0.5112670039899563
-0.9832247611370922
-1.0233733214005325
0.48777130997930324
0.6563323873912716
0.9633940709053911
0.496568193252451
0.07145853241419042
-0.6341988478573363
-0.9360838281454281
-1.0667557047471818
-0.6688091326841231
-0.1636251217453419
0.49831637839060283
0.8465580925343993
0.9460883971144558
0.5784853865903958
0.04930380784653892
-0.5913557905459617
-0.9592590386621391
-1.0433399425618495
-0.692748370344646
-0.15235966955055005
0.47273563727523404
0.8482586732253692
0.917116911791524
0.5703808740236448
0.01365764660926196
-0.6129564024850551
-1.0088172367947565
-1.0909743312841589
-0.7777824371173865
-0.2953494408061021
0.21046328954946736
0.6954581501117743
1.009762685018834
0.9411013780433498
0.5403263817543765
-0.072352306112264
-0.6470623198724069
-0.9815502646788578
-0.9405224607007748
-0.5463596238234006
0.04978649874214216
0.6226464121707702
0.944734485626875
0.9041260458987476
0.4995085889762687
-0.09490145939285094
-0.6772271192361388
-0.996676121886969
-0.9650642254163337
-0.557081190647289
0.028461860261670382
0.6148306565125692
0.9252767094089341
0.8984226191586275
0.4810538534757669
-0.09890400077452785
-0.6953092743890886
-0.9991446918194622
-0.9833083584949305
-0.5579894935399573
0.009517342808021852
0.615704634457828
0.9049800510296439
0.9015509113747163
0.45845952070283896
-0.09266958472096008
-0.7218367262994154
-0.9883015368932936
-1.0171782240910816
-0.5398123003392864
-0.040672811143751576
0.6464024194514162
0.8043890190389054
0.9545413843524416
-0.008604330717322
-0.03277967155510595
0.5768796817329181
-0.015096674178928638
-0.451281152272
-1.066641562053566
-1.2345895413361898
-1.1772636258506635
-0.7062666765075918
-0.2814628856064668
0.02984439282821444
0.43358357300619366
0.9023220040137617
1.0271221951889231
0.8156944722033805
0.2886039803631851
-0.33978784792565536
-0.8335802031467509
-1.0281269280981158
-0.8088592265068317
-0.3106790539544751
0.3591863359017765
0.7777155023313378
0.9519233542949697
0.6243017536975852
0.18197573889770458
-0.531789241589956
-0.7716164963565809
-1.0645300620976104
0.07964430297208559
0.1288992864870205
-1.192644503034655
-0.9769319152512262
-0.9865652523207178
-0.24489838862838725
0.021526337537171515
0.5399504526201164
-0.27637564579052465
-0.6070373384442526
-0.047764794786255296
0.2857022846871844
0.8780809079309004
1.045325037393541
0.989196633367667
0.4678082784606385
-0.10163206603095683
-0.7433607659123674
-0.9780992497717248
-0.9935738172703102
-0.49039292144844454
-0.03127210640613868
0.6258409354572504
0.6391714142998063
0.7186987011734172
-0.7201355216944786
-0.9308464504057119
0.450462730919235
0.6787920231591379
1.0400392234216997
0.6708191333828613
0.25212165336848974
-0.4602623911833947
-0.8910881167495214
-1.1097000048527175
-0.8916459129082722
-0.400547209777729
0.10575280804132293
0.602984446746751
0.08009122356187459
0.005287940510167971
1.0443922139280046
0.8196111352393157
0.7571148219818493
-0.026741657724638684
-0.4498580308485391
-1.0674720241377993
-0.9716663968879057
-0.8727687609457299
-0.1438974624249197
0.21964263515090737
0.8215334694650411
0.5355448463642086
0.4682351264712487
-1.1239318297174645
-1.273929475245015
-0.13386246346157424
0.20894328181450547
0.06845552941360125
-0.27995222591377444
0.3449838836745106
0.7469199082917042
1.2014351706796569
1.1459347246421927
0.866227217851625
0.22489793800394842
-0.3470779951597807
-0.8058774509140193
-0.8354024674109573
-0.5585901499240943
0.031216787655341877
0.6002704982211342
1.0246552588242528
1.0511167881284755
0.7499224233180259
0.15703043765556793
-0.4299886573737487
-0.8573059545885036
-0.8973955339766799
-0.5987638779767065
-0.016497816208222545
0.5686295970378664
0.9873219670892333
1.0266629178222408
0.7204263798283591
0.13937567186475058
-0.4537444272083113
-0.867682023964896
-0.9183323107222477
-0.60040172047167
-0.04226165931788398
0.5781998345738152
0.9238843202836955
1.047808894892334
0.2885203514226216
0.09132251319141409
0.9511365321852336
-0.04424819245724024
0.1266221560377748
0.19827097389091863
-0.23144305130117324
-0.8561983698610134
-0.9721735917743988
-1.1602043283539076
0.05541870161660256
0.04978017683809628
-1.0998303479454654
-0.7595670973922644
-0.5419180291551163
0.1930436672086009
0.5836061958556116
0.9047872033744008
0.6664319958526784
0.2529056008940216
-0.4460392624083887
-0.946861441607324
-1.268426845577578
-1.1290060976841985
-0.7528498286444826
-0.1927786256720492
0.19936155454947302
0.09523194612974278
-0.5245516389737181
-0.5000200324967738
-0.16213006582903836
0.34056395387327637
0.30049033240568107
-0.005809999415219835
0.2035308223969703
0.7215437716602521
1.1412633042114588
1.3038178369044344
1.0746539097517553
0.5632274317927342
-0.08794550879222333
-0.6030619043304883
-0.829408316997602
-0.6530689436212039
-0.17931342869884914
0.43681657818977343
0.927172113102508
1.1279513261956418
0.9342318561995835
0.4406599380972183
-0.1882204529329631
-0.694605046129083
-0.9050342660532786
-0.7247061476201536
-0.23860265117582766
0.37879853976463973
0.8793117681596826
1.0796891127572048
0.8946982441600402
0.39963101546092966
-0.2214912526461845
-0.7301267318709648
-0.9334716461066792
-0.7559471986109554
-0.26322907284533353
0.3509383112819869
0.8577452578991862
1.0545310797265175
0.8756276859259695
0.3766503464527224
-0.2384971303438425
-0.7513456863845612
-0.948747568725437
-0.7757414456345624
-0.27703779608087475
0.33228881409146593
0.8451959617658499
1.036787628140518
0.8641732092180991
0.3596034754314031
-0.24898637285980282
-0.7678857889115868
-0.9583715032416585
-0.7919530663050862
-0.2858697583536856
0.31623148382864213
0.8371083052563942
1.020707078784337
0.856809281755103
0.34331077308285013
-0.25561566171873046
-0.7846006655266488
-0.9642150660470918
-0.8093336331774486
-0.290820819640631
0.2978912799258799
0.8332393630888053
1.0010385408491622
0.854343256483675
0.32183395499573453
-0.2561373766452377
-0.8085340459437648
-0.961855461328209
-0.8366332003113427
-0.28387747943113995
0.2658967572023658
0.8481002713766713
0.962323761255292
0.8844281186718067
0.2731871022844217
-0.1917017964162912
-0.8722280824537889
-0.7940123276446716
-0.9210234719100305
0.5757251832395837
0.23691417716940144
-1.1633457693182285
-0.3997408558154638
-0.2532822432859059
0.6047960336061201
0.8126647506222932
1.110784937250454
0.6581486105416038
0.27085227015904473
-0.5153065877941251
-0.8238238408055376
-1.118222444342087
-0.710635841235642
-0.3803373339661427
0.3984010072650225
0.5256091919120282
0.8620967909972579
-0.45743687974668834
-0.5715760109697731
0.7397328198003393
0.8687207008621808
1.0412294499682573
0.5385697060169954
0.045330291056005875
-0.6325326184225084
-0.9184697654791405
-0.9883562031909107
-0.5633862192162363
-0.06168943627539284
0.563168345690602
0.7819329844608915
0.7951198468456948
-0.013907642049762785
-0.6995805792653448
-0.6185663786024455
-0.29117098232572997
0.3145834311907045
0.8398313448525533
1.1477109457772605
1.0605844906986137
0.6459303818020568
0.02875202124323033
-0.5351510380340372
-0.850173493442127
-0.7837532750080217
-0.3732114033229835
0.232356140182684
0.7943968942453199
1.1035757617593245
1.0371781213675422
0.6253047841128689
0.021559279790433494
-0.5374478012021712
-0.8428407772117117
-0.7682434046227993
-0.35013188249086385
0.2691250143672722
0.8378861318923481
1.1710128626679703
1.1120504746333764
0.7463778933396776
0.15478980194262518
-0.29431351804821043
-0.5654320089911591
0.014755852475544458
0.6747349578896684
0.3933125433748508
0.004753136525700938
-0.6367473411798845
-0.9692554874048497
-1.1017002131107645
-0.7347865265010938
-0.228362268606862
0.45981676565008206
0.8400195596026103
1.0201736124773804
0.67188166405493
0.24620072431672185
-0.4456140157652847
-0.5037328608525894
-0.7361159382899589
-1.0680447452385031
-0.762020023950084
-0.2608877433663
0.37202374494562257
0.8264141324440132
0.9567253049061278
0.7132922873958545
0.16971416016992777
-0.4281600419378649
-0.9037632902842411
-1.0065497678503708
-0.7795936060047548
-0.20364637573046795
0.3749248213886266
0.9466910549370187
1.0034685455403485
0.5828222763318961
0.0005953196019881944
-0.5920132761825112
-0.9763449605777712
-0.9771247719902088
-0.6421515057186261
-0.03947529036303291
0.5288995148602625
0.9266776146363007
0.9113589309771991
0.5873855501336748
-0.02942000804100138
-0.5876193701768486
-0.9996191385597046
-0.9739931475675239
-0.6655078014874293
-0.03689778945726283
0.5039666019611253
0.9262810256143789
0.8772771430590722
0.5813591960347353
-0.07431708291097931
-0.5958837035424416
-1.055278837757705
-0.9815358722451843
-0.7399256650748648
-0.048419884848754126
0.3828219048589272
0.9007919949226418
0.6350958816337448
0.5108947049068367
-1.0269013733576848
-1.039835872506857
0.42738736152301815
0.6274905201649641
0.8862136549262244
0.4527453313440476
-0.02957650487678677
-0.6990324957059755
-1.0750362641715296
-1.1639897037925147
-0.8760572121261968
-0.3177331514746295
0.1337074945483385
0.5624919484000548
-0.17700298056782457
-0.35506184310337274
0.8253075482308126
0.5508703492820402
0.6191941702210101
-0.784559516021532
-1.1604039635540664
-0.49985469355449064
-0.05944406852599994
