-0.6204300235900891
-0.40353822240920917
0.2134515483487292
0.18599130631267394
-0.04445988286878882
0.5743857249135821
0.953896490744826
1.2621747781767403
1.0969537410261523
0.6761148248388629
0.030011376498307384
-0.5376576000732514
-0.8298802604061816
-0.7833355253429323
-0.28262796189345557
0.23797627766213614
1.2540857768039022
1.2296838362673752
0.012985008328045168
-0.3891852967777424
-0.9361669306997765
-0.7721133797782267
-0.5267553836456105
0.17990599127238688
0.6325471545837084
1.065735062381033
0.9157363987943097
0.6206022940042477
-0.08983978248151726
-0.5672635996922423
-1.018619572276895
-0.8786239323078452
-0.6195140139734965
0.09352178274084326
0.5030495105423605
0.9728624210301262
0.6807602641798407
0.47085028813069335
-0.9176359004477186
-1.154897134496584
-0.14233251712675998
0.3538448590628169
0.9091975909467206
1.0105243020437407
0.7846276486452894
0.2540780089954235
-0.3890982267625779
-0.8324635716845399
-1.0390908162894439
-0.746885014320784
-0.33711552672312517
0.37228462392116446
0.597360220810639
0.907603799220663
-0.296054887856201
-0.3898324101654066
0.9448933901622837
0.8804428836083841
0.9376618486371461
0.2793401969244628
-0.1944309160862984
-0.8145902507372803
-0.9050291493213859
-0.811887675401706
-0.23124102343234748
0.30785048237065005
0.8797807421628043
1.0058835867212168
0.8785287556774002
0.319255675499816
-0.24731406937614112
-0.8065097825637326
-0.9586071601898021
-0.825433016329275
-0.2978649937284618
0.26556990762221455
0.7670293391999945
0.8924207628191625
0.5186875410097985
-0.2234374594236819
-0.41015845190181155
0.02607445160201064
0.7997663675225237
0.8890053356928111
0.7184714850688567
0.09799794461803692
-0.41071125698476524
-0.9105809673264382
-0.8938762696788196
-0.6818684321979042
-0.01944406447615063
0.4937717661500786
1.0407128715501504
1.0100936526141706
0.8737429918024296
0.17775589898320107
-0.1744523708835502
-0.7926644852380992
-0.0624415618114146
-0.15299731917843332
-0.9909832898038006
-0.8165380164361437
-0.4836233458930366
0.12716300424080965
0.7160862299707899
0.9255360378755629
0.9951508217972233
0.02965938288497165
-0.02422976372781966
0.7813520415305009
0.17997772926640276
-0.16112937950914785
-0.85661123912681
-1.0052060919608228
-1.0427287777948717
-0.5103671097528214
0.006712435678518204
0.6663368289529185
0.8961531980759379
0.9129283952398732
0.42747656550110175
-0.10136615627364176
-0.7307463752865301
-0.9657161115204315
-0.9616925074463352
-0.4753342380937903
0.06850667197056001
0.70582782317884
0.9522631503625439
0.9665589621037143
0.4901398346880011
-0.015699603161559623
-0.6413796667233046
-0.7974883016407157
-0.7878753098897654
0.09301792862197693
0.7347134005105128
0.6214150415246077
0.2512539306839092
-0.34211753103764525
-0.892822067538923
-1.160119442214666
-1.0931758294647875
-0.6355855803533362
-0.06115022030009487
0.5282378951617684
0.7705273186245805
0.7239799806203523
0.22991317119920163
-0.33381472566672293
-0.9786657006593181
-1.2175586739407773
-1.262504187394712
-0.7745723428279202
-0.3914124144293288
0.22136827471389825
-0.1877105989060283
-0.3922831943504854
-0.11499157332253106
0.7993292889925476
0.5132597434236185
-0.5533058861525454
-0.131315478146952
0.13560636102820672
0.8334052756319957
1.0821588297188818
1.2279270513070082
0.8053446200783417
0.3077298571120259
-0.3897149045415146
-0.7502850608417939
-0.896077674257004
-0.5403815322452913
-0.04317112103300406
0.6097530187841846
0.9696105017702301
1.0837988348333907
0.7271316129016495
0.20652499448804093
-0.4476002273569082
-0.8252671395272257
-0.9408731850711317
-0.598003747991849
-0.07902878109380941
0.5643113920050753
0.9401270518269002
1.047303566950172
0.7023502362372989
0.17685980560164366
-0.468817281897679
-0.849531174445027
-0.9593260612169947
-0.6178472376188522
-0.09529460225431557
0.5482178982843461
0.9256247002859197
1.0345187703870111
0.6892981869040218
0.16712683922050728
-0.48064835192842587
-0.856303691317354
-0.9700966749442156
-0.6215812624282349
-0.10510196364152122
0.5477999482829973
0.9167515045152153
1.0379620714606481
0.681417620819461
0.17537748423367236
-0.4873448714433968
-0.8416383706748664
-0.9751857814136442
-0.5976972555773896
-0.10770456791287779
0.5861095670789155
0.9185232772788038
1.1014188345947518
0.6920317312682942
0.29008904143187014
-0.4553116519657631
-0.5893257573714428
-0.8728991164493031
0.4463737622326015
0.5123957427533347
-0.8468008657606347
-0.8434562458062451
-0.9153602811500827
-0.30679972047326665
0.18747556603524448
0.7986098533931366
0.9440626386052398
0.8557719222867908
0.3191279611263542
-0.24733811913882164
-0.816012565121995
-1.0035947260779854
-0.8874395762523216
-0.379143285817464
0.2068457309340367
0.7545346458388688
0.9564034280695676
0.8235477927607493
0.3260183159623183
-0.2740768239961508
-0.8134969596638019
-1.0279174743284574
-0.8886513360920056
-0.4028337136022266
0.20222599538668917
0.7302188713173714
0.9484239094709279
0.7975176867027054
0.31446660041726704
-0.3029656207476366
-0.8291323682698155
-1.0610721350270538
-0.9092863151375925
-0.44220314780453757
0.17505062076348338
0.6816621032046385
0.9120861390170617
0.7347943018606943
0.2642518491423693
-0.38918061099502554
-0.9025760706316412
-1.1912515983447287
-1.0277805421519421
-0.675684024390787
-0.05711521820651137
-0.022336455088719873
0.07942921556194972
0.7263578390135167
1.0103528904087298
1.0784375926817795
0.6993536093547389
0.13003101683654453
-0.5125051362402071
-0.9399930653076249
-1.025231936902285
-0.7710241550053952
-0.23238010832859612
0.07752135512826322
0.3667133296441937
0.9371553784187788
1.1104739629249964
1.019334360685629
0.5165318786681503
-0.08637370886585831
-0.6780789187800618
-0.952235129766154
-0.8967964832483005
-0.48592177620696736
-0.024694773394104346
0.2971590672379234
0.7355603908548892
1.1899266033809643
1.3411859997094202
1.1199656355672516
0.6831455176459407
0.0904210965536003
0.08292941020190489
0.13393422855506423
-0.5036013846100261
-0.8762120254589576
-1.1377809079495214
-0.8976239670994943
-0.457322870661012
0.21929377154902285
0.7032271568161804
0.9755415236615579
0.7845474294294084
0.34689813913408185
-0.30272724960862835
-0.7871850223634472
-1.0429996600188507
-0.854000893329715
-0.4056764327779299
0.24118147154501657
0.7327058525393412
0.9852888251800892
0.8009190971074651
0.3490300957465588
-0.29497633412645374
-0.7903586834996923
-1.0414866002650758
-0.8612853833402007
-0.4091257750399482
0.23034086062508866
0.7249051102925848
0.9710178152744536
0.7889116482149365
0.3311037381753138
-0.3114452847572146
-0.812525005967135
-1.0630994491247794
-0.8887300603752262
-0.43712392685905693
0.19590923772171914
0.6884283111113451
0.9267767175625448
0.740400111202424
0.27217471087687545
-0.3783541056273602
-0.8952886663772202
-1.1608993962508023
-1.0148946477983094
-0.5944088395705462
-0.026698018630553464
0.38495919231231357
0.3315067531051295
-0.2814771939008975
-0.39169290753288905
0.01591348158533805
0.5745917793355803
1.015389711327471
1.177795176844932
0.9389824264544768
0.43060992732521136
-0.21566843545629444
-0.7014491383331941
-0.903525116207835
-0.6883610229703995
-0.19253330591507825
0.4510568812745585
0.9035867399048744
1.059424943794945
0.7976721970604532
0.28402607542772373
-0.35245271670478373
-0.8024055322553753
-0.9621859362334751
-0.7038230813027506
-0.19488639799716526
0.43788583718427354
0.8833129790472284
1.039645100566359
0.7770693038295192
0.26501919242910094
-0.371679890528755
-0.8199097238023062
-0.9799416722984345
-0.7199042112966476
-0.21138907488215586
0.4229867749657062
0.8677879380163175
1.0256638538358172
0.7622493798736698
0.25169827951037155
-0.3860554800678673
-0.8328215820056474
-0.9941295296847298
-0.7326643924978671
-0.22565708901232573
0.4100938942278655
0.8531368775321675
1.0122932232937412
0.7468390302142409
0.2373847293046159
-0.40274430975153985
-0.8487821118740253
-1.0129031149384873
-0.7514897786245714
-0.24795769454309718
0.3858960445971292
0.8241858581753884
0.9758840700890216
0.7019671765210824
0.14988917127262757
-0.5257710472512757
-0.8943151493948828
-0.9590975106540344
-0.5894553586062418
-0.04684065467227376
0.5744213992647987
0.9175682539472716
0.9679830244817251
0.5837335659917486
0.032496530566364756
-0.6032420965000265
-0.9541958482134358
-1.0219537869067588
-0.6473983470602116
-0.12022838470443219
0.4997257490594283
0.8091520949679217
0.8418192327995957
0.3323984835819023
-0.35695901397409435
-0.8599915938187919
-0.8129753322385409
-0.5107142848031779
0.12608823720217877
0.6248753724058023
1.0170410955518876
0.9004992433730683
0.5802158594422456
-0.12054516887070404
-0.6121592421038666
-1.0912447862261336
-0.9330023148537615
-0.7758922550381611
0.1816623426378811
0.0665142409742482
-0.38726745813683744
0.1361739951788352
0.5346865637263082
1.0466299299563138
1.166230821671261
0.9529310033996586
0.43028024150745686
-0.367849465803313
-0.8675332552633088
-0.7134977625607225
-0.36675286577317046
0.2586108745461258
0.8034186012941007
1.126727564377395
1.0692793613690983
0.6546247249312045
0.06393178942950431
-0.5309798744204045
-0.8223366410819285
-0.8176616860904133
-0.3627298007622788
0.142599986281866
0.8005923415563382
0.759241868071896
0.9093954844415078
1.1877154174932611
0.8049564850198558
0.27144744486435063
-0.21870506531901923
-0.634653211161007
-0.08065294341040578
0.7811690079340164
0.5119008354812402
0.20464371381295088
-0.4696226095760023
-0.8367591939717274
-1.055137400528855
-0.7565120644046456
-0.282763999209172
0.4068745192492916
0.8659659287157838
1.102719043882114
0.8787339071649674
0.43841141529315303
-0.1587918476703495
-0.5357814686191658
-0.5201191501270914
0.12248235320152097
0.5185179815483113
-0.001673918040946262
-0.7595822834449789
-1.0264770902598144
-1.037455128723599
-0.5938582941714521
-0.028907789068499626
0.5896437638061639
0.8940430526232673
0.895335260779861
0.4765217686696735
-0.08749872091351774
-0.688436875255791
-0.9903260125551252
-0.9783563729977596
-0.5569217397355938
0.01750959703546265
0.6209495635200045
0.9312699020731161
0.9217220205618561
0.5072849674955064
-0.06469885951625276
-0.6622088962286875
-0.9699277563523149
-0.9552552323507512
-0.5379138460656919
0.038593325124277954
0.6394955294890268
0.9513143003732784
0.9407745013973907
0.5272928097937611
-0.04395917192602201
-0.6410076425753033
-0.945805612948584
-0.9310399537309373
-0.5075369429386642
0.06907686701529088
0.682003344279978
0.9952591261710918
1.0113406983818223
0.606522804336657
0.1434982090822572
-0.3783897135800371
-0.8341843408733802
-1.0841257931071293
-0.9016480553891217
-0.4640748614304399
0.2074733780173791
0.693953994060871
1.0627102391922663
0.8221738182362376
0.2222184001080617
-0.4189348983490414
-0.8225969530309719
-1.086048496171561
-0.598898000988148
0.3139310516884292
0.7216441886654138
0.9148191455187712
0.6198536807781563
0.12005342761676883
-0.5133858893533114
-0.9317675037228393
-1.0596527071627753
-0.7711183807768099
-0.24083211757373107
0.38848875316228354
0.8247018967300226
0.9498012138629393
0.6729538597384489
0.1407019431075272
-0.4804236849979544
-0.9180703711233832
-1.0371685135847593
-0.7613952682518591
-0.22462158548704822
0.3956804141311573
0.8367973193260554
0.9552506558544765
0.6821685970645381
0.1448801883663732
-0.47332765922147924
-0.9148632884486879
-1.031693377486802
-0.7589584032826249
-0.22042766310786727
0.3974870115442803
0.8399497207604664
0.9565274766974796
0.6844530504678904
0.14570109786027952
-0.47178302118899007
-0.9144430638383322
-1.0307927365929155
-0.7588971234579518
-0.22009892376622894
0.3972210229779221
0.8397606871553085
0.9559581591024712
0.6837863169730825
0.14484626130603226
-0.4728987735505504
-0.9155706184654343
-1.0323384390904764
-0.7602888265900155
-0.22206400340570828
0.3955700382146755
0.8373788863187245
0.9540493964319007
0.6809826294899421
0.14267805105055742
-0.47613772847898134
-0.9180030528178155
-1.036035213413328
-0.7629934038119562
-0.22625199535614907
0.3925821451278235
0.8326527524233177
0.950763619967146
0.6756537224937742
0.13907637377251275
-0.48215829695422124
-0.9219417848926929
-1.0428710735153224
-0.767292062388195
-0.23407887872014121
0.38790349475829566
0.8235769356707296
0.9457011637949594
0.664933656252322
0.13368362549858404
-0.49516457077767234
-0.927415478152149
-1.0592903280884385
-0.7718391888504527
-0.25611615453010345
0.3892878546087038
0.7908398739389154
1.0085933346555198
0.6061854481787563
-0.16954899770001217
-0.6999234034744496
-1.0183403143178877
-0.9071161857047214
-0.4877079494291723
0.12969581032693703
0.6664279859358248
0.947102370165907
0.8387397850976973
0.400442978874153
-0.21574283187005877
-0.7648992786469612
-1.0452973856588106
-0.9465089019796442
-0.508549945684741
0.09942638449315604
0.6478153913076867
0.9206121506015271
0.8207664676904352
0.3753585056865013
-0.23379631679712184
-0.7897974742857422
-1.0635822339030692
-0.9717455095390274
-0.526388050010489
0.07422375365119785
0.6332912380977412
0.8980926733105927
0.8209547221183348
0.36540391322672305
-0.1347025440066271
-0.637594490672076
-1.1303829662428215
-1.2618637736871245
-1.0733836950433708
-0.5605232388724518
-0.05750996338694904
0.35981374854480125
-0.033263333794607886
-0.5684444412995929
-0.049656234257200144
0.32177105870342826
1.210258946244665
1.1733650767749955
0.3923866893792956
-0.2282823841929013
-0.8115366142026228
-1.0809072742031303
-0.940696189639649
-0.5829535353201516
0.07003925435512703
0.06574694559429406
-0.09147608638212325
0.5523592247350408
0.9229923472458559
1.2375013557912058
1.0263073339643503
0.6319438933561325
-0.05866765065321209
-0.5397080364953826
-0.8804462550418447
-0.6676477178243977
-0.296895940683027
0.6754947669789815
1.1285195050318104
0.7515251788290083
0.32288027662594254
-0.3503806216130711
-0.8195825997371424
-1.0508031188381441
-0.8436707571991952
-0.37631285332981035
0.2569983948502713
0.7310516503250868
0.9390369590314915
0.7205406058555238
0.23289107014081417
-0.4265444984301909
-0.924233022776929
-1.181447669430214
-0.9986333433033487
-0.6177182708770511
-0.03291774375858734
0.02792804197890132
-0.05442878316860328
0.40298430680527897
0.8749707503109553
1.177718173669527
1.099572672251889
0.6938434314689788
0.07317696734452926
-0.5157132082132199
-0.864413675330069
-0.842931141237164
-0.45870259934144664
0.12656698302598332
0.7043822626567876
1.0273777223947052
1.0009856655742717
0.5958819771337471
0.01049893144430257
-0.5859903662074258
-0.9041886518042643
-0.8961941171310768
-0.4797017717410525
0.08527267995482816
0.7047555635270846
0.9948737146854104
1.038757671725849
0.5383802612850228
0.18644509178542903
-0.1773138201155354
-0.7574182397729352
-1.0863543750512836
-1.061548853044912
-0.7167364051675087
-0.13536135951420553
0.32439910166062325
0.8405944611603141
0.7069987219187878
0.5794270222906146
-0.8870989437257212
-1.054933741246014
0.431669753104579
0.6290645451485567
1.0505216486581963
0.6319615463811165
0.28188408676344584
-0.4848969868058826
-0.8192859309989196
-1.1018674483786737
-0.7467942993171816
-0.3500349366287487
0.38394191790696663
0.727078593068991
0.9962098629457299
0.6228293649674729
0.23264611593369874
-0.5517323180113713
-0.8476042360513066
-1.2292575877148835
-0.5629073174926084
-0.5551026796285423
-0.6209542907533746
-0.18078809857232592
0.47462622925104575
0.20514424478465781
-0.36061677923024854
0.1780423877854691
0.5946628154880597
1.1196882458367123
1.2046532161009114
1.0266869807306038
0.4660287532867384
-0.1392461575807979
-0.6664386729685674
-0.8440868077631026
-0.6607285465581717
-0.1575489403465327
0.45940959632647305
0.9447487139712388
1.14291168783574
0.9225931121512322
0.4568269304134657
-0.2075313575322947
-0.6109534900226595
-0.9789334440266085
-0.42321612587618285
0.5908096192651445
0.8284266036871161
0.8744213842866105
0.4036676042344666
-0.13445324082201698
-0.7294898762353772
-0.9779218977107229
-0.9281683610184401
-0.46876614567918523
0.1140089409123417
0.6974752252007675
0.9734125915637736
0.9105702878300783
0.47212472251286686
-0.12758032238995076
-0.6910912958137856
-0.9924900743182795
-0.9054029706676868
-0.5127955958967853
0.1247627465491209
0.5797875747047376
0.9600300309249288
0.33870544370274197
0.25276103612017004
0.9795595681264135
0.3928090647994398
0.07383862608411641
-0.7045866458313514
-0.8719504687540182
-1.0619578440841924
-0.5098255968540062
-0.11890667045943662
0.6900820064006817
0.8288894052245678
1.1164629457372166
0.4333960735780013
0.2878339429486687
-1.0734295106105822
-0.12231996131766668
0.29897296756609154
-1.0029694921718597
-0.9053324300559914
-0.6254619679475419
-0.25805381587043724
-0.5207209243903208
0.28412560063847697
0.614792062237288
1.107381295501415
0.9171054208649381
0.6517491537702065
-0.06715677365428746
-0.5459310419563252
-0.9863593186369893
-0.8727272091949667
-0.5724808177237396
0.09854941211602147
0.6020769047782975
1.0095823957352124
0.9142193765306295
0.5899411966908144
-0.06722793641167214
-0.5890312019487869
-0.9858144773019958
-0.904771255196079
-0.5720908566864942
0.07360258595135923
0.602038909404424
0.9894656419392379
0.9136691262704719
0.5732585864867827
-0.06830159356176918
-0.6031876775355264
-0.98739623157947
-0.9170184192154504
-0.5741586626343934
0.06283059669697065
0.5995053191390401
0.9798540283741811
0.9106845496900123
0.5645731358002763
-0.07172945380360755
-0.6111252421621678
-0.9912675844200094
-0.9243466548991812
-0.5784822442065497
0.05600186388342559
0.5947114999784151
0.9734360553052038
0.905392112265889
0.5584928076847885
-0.0775609240521792
-0.6169293847678907
-0.9976930231714847
-0.9299273442585532
-0.5855748087575909
0.0505985067669065
0.586854892013293
0.9681691997968046
0.8966423438567078
0.553326733954552
-0.08737840701409728
-0.6220231155365877
-1.0088198380418092
-0.9349616958559211
-0.5983569229738661
0.045652066726761295
0.571898169591126
0.9634679973522905
0.8786782360581686
0.549505358538083
-0.10981862039669227
-0.6218863411292875
-1.038713742284001
-0.8976749660114355
-0.642333941982384
-0.1269858416275647
0.43296425501169983
0.9013024694044867
0.9295375305785151
0.697780189009649
0.06885634893151729
-0.4711043306957778
-0.997616597028539
-1.0009557762507038
-0.8429455996635083
-0.17632378650847585
0.21959554233449524
0.8171799634924019
0.2042013399289451
0.27825496181206644
1.002888308683735
0.6890457957625384
0.3068397503817896
-0.3665072930747172
-0.825505229661343
-1.0399782076127744
-0.8425853522275873
-0.3424628093526779
0.2604491849980018
0.7830406800727624
0.9387741738025663
0.7936557696818157
0.23085341471654786
-0.31045690656712915
-0.9170372727825059
-0.973616939885111
-0.9703588187042602
0.23223729269562654
0.15703728536229192
-0.791976462588195
-0.3030572289440069
0.03149606071014101
0.718907078825941
0.9779759521682758
1.0616125415475814
0.6478619237266607
0.08645267320381106
-0.5380781192092248
-1.0550586678642946
-1.0030097770561561
-0.2077058158768277
0.304363564531999
0.8832295479685264
0.9496731583369629
0.792410063198927
0.1987279856873126
-0.35435680885604576
-0.886838036046602
-0.9781307067943347
-0.7998941497183649
-0.22299378841836126
0.34116644625014103
0.8621646706468746
0.9589634445637331
0.7735097700310996
0.1980121483294521
-0.3691880706903106
-0.8926679990883963
-0.9875335110630042
-0.8092634987753046
-0.22471177517107407
0.3280658231079369
0.8727308075423161
0.938739094420549
0.8066548126155969
0.15176400704672205
-0.2863049259079183
-1.1895719622223175
-0.7438024017290171
0.5035648795925991
0.5298146128920226
0.5114847682263353
-0.12092864845725694
-0.6183613335113538
-1.2070647664135359
-1.2728884928947368
-1.1838306233863702
-0.5930618008000418
-0.1973618776549577
0.3179557099456853
-0.2042922161409502
