0.35664920572217695
0.8972545554691345
0.348937998495533
0.3673373733909281
-0.06072814514273131
-0.1650165768968024
0.38719238406714485
-0.2807146183553194
-0.633134437489976
-1.1670874025270686
-1.118105074188449
-0.9203229699162118
-0.25169648862179916
0.2959099721843277
0.8588702636350449
0.9010046279785647
0.7671743154219328
0.1344543243152902
-0.2678975523847152
-0.960598955519337
-0.40085476745686377
0.5583706293425906
0.3557769137807069
0.06923766630129313
-0.5859715405328622
-0.9956583703997816
-1.248143019961333
-1.0099204579762864
-0.5591634354681133
0.1186204318987198
0.6048360977556839
0.8763510930009785
0.683460322459809
0.25095858044316816
-0.39608667275463955
-0.8631645100622712
-1.1116948732340275
-0.8970320559445053
-0.44576262969650365
0.22834282825448585
0.7123036553862189
0.9982580334886622
0.8007453063084959
0.4093766232253919
-0.24461801066369912
-0.6059267424849724
-0.8763787780718661
-0.18054533090332528
0.560118589121491
0.42729576214527115
0.07532382492577264
-0.5294197165583416
-0.9811635527264386
-1.1799808271190861
-0.8940273513862579
-0.213672249599856
0.26368166949658156
-0.13212538794578546
-0.7979928217294571
-0.9076263797360183
-0.5763484825357351
0.0019290688350840526
0.5491339689041292
0.882834725345581
0.8262210082078832
0.4419748314726969
-0.17375508835794995
-0.737446516779514
-1.087830233062267
-1.0371400653725882
-0.6629726033885435
-0.04920810952934737
0.5068291844545575
0.8568612276719451
0.7991907060026322
0.4252675481471516
-0.19578106715006424
-0.7515053101199983
-1.1098699272512336
-1.0521587712528733
-0.6883891831537735
-0.06787070009674849
0.47485897093175866
0.8317645473188549
0.7566283808891954
0.3899223856311808
-0.2552707121057064
-0.8034124507966834
-1.1979694531056808
-1.1328491008155488
-0.8307818697092976
-0.20577435456033266
0.20350279907129176
0.547075332349835
-0.10346463850832441
-0.6758294137825469
-0.3052933299483204
0.14625865583779113
0.7356533421888656
1.0351819625456002
1.0339838070640408
0.6355801175456979
0.04589941377792172
-0.5597497542498543
-0.9248239860659314
-0.932103209181739
-0.573075864891961
0.012085020870459517
0.5906602633369235
0.953513196789853
0.9402833026959339
0.5805452683987226
-0.021457104143955748
-0.5996261375971585
-0.9773745743331433
-0.9628075356798746
-0.6172347982137021
-0.013018056097394379
0.5506593110409125
0.9315543166569079
0.9010089622584105
0.5596903872252844
-0.06358472896529412
-0.6215510471222631
-1.0272358734185287
-0.9888676694235294
-0.6833418797255846
-0.048847677340356936
0.4493805060294077
0.8725027147525888
0.705864952357869
0.43161000591802856
-0.7668017163935378
-1.1871682555482612
-0.40943487154509867
0.04517190687314548
0.7244811768842776
0.9710901781811344
0.9873950111541981
0.5369446064033239
-0.022014889267638324
-0.631718542736014
-0.9285820416194833
-0.909179245063311
-0.48770882884530825
0.11426487155697182
0.7124893225688362
0.975472994302648
0.9076726054971339
0.4580978751664978
-0.13498932069578104
-0.7020200856293035
-0.975801263924469
-0.8959349354913704
-0.4539130313164662
0.1476170366809766
0.7082126226023302
0.9890402581298646
0.9034590281442145
0.4678830964948985
-0.1388905479634744
-0.6932174334423464
-0.9790201549883332
-0.8870495403624934
-0.4563688749989209
0.15717973317590883
0.7064930073636534
0.9997415953607051
0.9024044222074993
0.4801972194058341
-0.1393813550756749
-0.6786927985962432
-0.9790890226050296
-0.8694438951272788
-0.45623260641846963
0.179302776330161
0.7064717127876693
1.029122775320196
0.9015826845181928
0.52329281380427
-0.14211137198539392
-0.5999923630305801
-0.9845457428635821
-0.5705312448328164
-0.43039982206401173
-0.46341469818937797
0.18472587778846508
0.7079109351975232
1.1249639568603393
1.1544867673290369
0.8279266051161304
0.3556167692140391
-0.22814705632699134
-0.004254558477347814
0.05970347816956945
-0.794332585184684
-0.9907696512013653
-1.1626047086378557
-0.7104030286148557
-0.23440766386931455
0.48026380376002714
0.8051931140698908
0.966263614819296
0.5680518268401245
0.10659746565516855
-0.586847188185477
-0.8710591774066758
-1.0365101951506275
-0.534374946953901
-0.11685504026584483
1.0775630762942128
1.152598287964312
0.11728583015627211
-0.37997456355734943
-0.940252113733973
-0.9799503713451988
-0.7639480074886646
-0.174570576309887
0.3994015596086633
0.870966141611955
0.9466545985107268
0.6954967500809167
0.12632930050034138
-0.46448544644943124
-0.9238048943901136
-1.0078128209181172
-0.7491308323085186
-0.1834985634868383
0.41166852478845684
0.8705700785399801
0.9565364814864903
0.6997757426318583
0.1340675569541299
-0.45715595411238213
-0.9180867076701356
-0.9981060602323485
-0.745487595073711
-0.1715936552352916
0.4129364336563359
0.8848177423080738
0.9547447520468543
0.7167895189323679
0.12783687415561718
-0.4366475978834642
-0.9315818172431087
-0.9730008584051992
-0.7725816085176239
-0.14040685501894032
0.35541703818301656
0.9231837536709033
0.8053627851387881
0.7549276999684847
-0.6400335731877469
-0.5739728957486645
0.8339927446801633
0.6096311552140611
0.5523396573618289
-0.18849523125426082
-0.599415692402704
-1.0873451560957286
-0.9606582207643356
-0.7030600680479069
-0.007982333304217064
0.4915303102310993
0.9553121290785846
0.8779879010605296
0.608359322829737
-0.054138628331419913
-0.5557052471659477
-1.007389667926632
-0.9316295562433463
-0.6588935522022858
0.017181634165558693
0.5218346582335767
0.9979730200870992
0.9089200015269617
0.683069726002219
-0.042064454612039955
-0.44200846464505644
-1.2049055956440071
-0.6899225879220419
0.4534249641090818
0.704043268118749
0.7559428915877736
0.3088725969557993
-0.24290200085313024
-0.8117538758298095
-1.0805328833196437
-1.0043003517614268
-0.5666701153213621
0.0425452327223515
0.6059809814020414
0.9072481602079193
0.8276917266192382
0.4108104446916948
-0.20054908693384996
-0.7496929718431986
-1.0524035786117423
-0.9624808399099347
-0.5466139877982626
0.07255133699233617
0.6209461449296028
0.9297020041587227
0.839192204667548
0.42810887797154484
-0.19154940384237842
-0.7360961348655688
-1.0452971063941658
-0.9516530384446972
-0.5409996015536732
0.08123431238976238
0.6253425162803199
0.9366717676428774
0.8425623545262283
0.43367116939206035
-0.18906943684004546
-0.7317211571396723
-1.043610716061144
-0.9483055444490962
-0.5400392929033814
0.08367010826994786
0.6256217427402967
0.9382783102902943
0.8421872121939377
0.4345046475908418
-0.19008796888756468
-0.7316261808421746
-1.045276073373778
-0.9489332622481667
-0.5423690180822851
0.0823182679062106
0.6225953675128416
0.9361840565524274
0.8384155369501923
0.43163211372014476
-0.1946727778240345
-0.7353323216753523
-1.0507654059551685
-0.9535510935399968
-0.5488843808040632
0.07668273952370591
0.6148925494918163
0.9293890774214381
0.8293090971255133
0.4234883651928393
-0.20547667308952938
-0.7450798429879789
-1.0636748332558987
-0.9652516200428845
-0.5644823489875443
0.06253905987932411
0.5957423892163849
0.9120910270392792
0.8052668863453092
0.4019572833438278
-0.2366174599398094
-0.772579449811488
-1.1058487387514684
-1.0017476385475468
-0.6255318262110564
0.011111280040399166
0.4972936215043185
0.8317823205178181
0.6101895935181931
0.24729025686752595
-0.957621173171943
-1.355532915248853
-0.3587530532342889
-0.014409777050912396
0.7463790041917125
0.6595541471073895
0.780785698913727
-0.6841388362178766
-0.6750952932063612
0.7455140628357333
0.6409395147455205
0.6602453507650393
-0.03765993890971518
-0.5025037316140496
-1.112371528153309
-1.141714834069448
-1.0496179756236192
-0.4381996487243379
-0.030165393292060458
0.4751311758834934
0.012792763691738571
-0.45067665607340746
-0.2178501331836994
0.30341302050837626
0.8067691505254709
1.131577850097259
1.0398358378969115
0.6625301936681383
0.013139760487686204
-0.5384121785497095
-0.9229813604198959
-0.8572834947428242
-0.516186666449254
0.11665506241777263
0.6424054450440869
1.0155580807169626
0.9290659828256547
0.5797209298005166
-0.07169341317216456
-0.6035517934452626
-0.9948477552550016
-0.9129159246604691
-0.5827752974939874
0.06526292790525577
0.5752241535116531
0.964094912915354
0.8552994412962002
0.5235243892067258
-0.16017731691126647
-0.671125629781968
-1.1121226292396125
-1.0039283542446662
-0.7595192892183827
-0.07699968612488886
0.24722132934913124
0.680770563744527
-0.23209082799877853
-0.5718380008383727
0.3139627866008202
0.7199605276562808
1.1599026251859537
1.077285343759601
0.7527207043320167
0.11610129504140418
-0.45439259765588524
-0.8537383906799559
-0.8480843186058795
-0.5107804111688921
0.08260027227505878
0.6548517018431066
1.029523859654118
1.015625304111274
0.6685909118163036
0.04554617542616245
-0.5146126047682692
-1.0527518739865278
-0.934604204343768
-0.14846955546621193
0.38791728832844785
0.9330041923889637
0.9901418196108109
0.8001182242742266
0.20050479831972395
-0.35149533672183225
-0.8674446696537703
-0.9273668881108998
-0.7342813012752605
-0.13062033336790133
0.41193793157596464
0.9381677794000373
0.9754271815400097
0.8016731838894482
0.1459298149457808
-0.3569411432410198
-1.11606240067321
-1.0128773231881147
-0.27907723689917113
0.3273870526263419
0.8341412587739824
1.0172432052626992
0.7886370695930311
0.30393494388623016
-0.3451872922481545
-0.7917200138381575
-1.0025802907416967
-0.7413076539167996
-0.2801790761240738
0.39357355305028696
0.8165023276648058
1.0501387817340797
0.7622012017067471
0.3254265045134488
-0.3817880229060465
-0.7754540489670867
-1.0560872458930681
-0.7288343482188666
-0.3688228675246955
0.3988335514174179
0.6295134238935396
1.025497452575015
-0.02887678170807118
0.008899465051677225
0.9835792177216985
0.6591504027089177
0.34801532080977055
-0.3429459036155529
-0.7793949318004527
-1.0236405827559514
-0.8199465580549129
-0.34241193133533576
0.27972714000945464
0.7981885120465563
0.9910498192561568
0.842248392001694
0.31808819894406226
-0.2588763930268461
-0.8275259109444787
-0.9760923598250056
-0.8912479870926022
-0.3156676836270735
0.16228963361119259
0.8027478909828927
0.7461307343836658
0.7904922834665998
-0.6913039117187765
-0.7434075939602864
0.7426626250847846
0.7949175235973606
0.9650098856665991
0.3950422727362158
-0.07447564094289755
-0.7275755474590968
-0.9267331684705852
-0.9131126399607251
-0.41833621752358424
0.1362882639314987
0.7419526313459133
0.9921233752311455
0.9448391730727913
0.48526231719104296
-0.09523636390589889
-0.6742476573677827
-0.9455476435327259
-0.876642980524985
-0.435205874698979
0.1638306727400929
0.726565406686432
1.0145341826507632
0.9304112505952354
0.5046187630917963
-0.1092276497745113
-0.6566759941733976
-0.9596502542639312
-0.8599949011012267
-0.4500564358166318
0.18020537360557456
0.7101350183998144
1.0311825425319965
0.9111827818331883
0.5220453115780501
-0.13324226991233967
-0.6379910716831624
-0.9920801950565221
-0.8396725723796286
-0.4984781351009147
0.20201338128945928
0.626614852752843
1.051674045009296
0.7259092532376951
0.5220818164592983
-0.9650354894906714
-0.9069966102089941
0.5987799303266481
0.7429730064092175
0.9688038201070572
0.47070279993480596
0.005441263048735039
-0.6527784891738782
-0.9199136671367968
-0.9494005231853807
-0.5200085786292646
0.04601262247470717
0.6537078175573254
0.995514715733545
0.9783805375660322
0.6263414139952437
0.0053448645486641345
-0.47902634424936025
-0.9102383821840581
-0.41385932629875544
-0.35003922678085414
-0.8538590527938936
-0.2684298047380286
0.15631890847287355
0.8260970164412836
1.010247322956431
1.0183764565820685
0.510810612542453
-0.024370087930836917
-0.6503143269717827
-0.8848287185947993
-0.8623919716145958
-0.38354651077175594
0.1758946271349968
0.7839489855533327
1.0397092827282717
1.0061250314689645
0.5475876526469549
-0.01788156146096793
-0.6047443111347893
-0.8617192701630508
-0.8037832621125559
-0.3407529924110556
0.2561235482399845
0.856067881707406
1.1603200502584141
1.1321227794851745
0.7606433164569003
0.23920838350801185
-0.012239906376376496
0.04895352327815692
-0.34863474368051406
-0.8240363136614078
-1.1529929278206252
-1.0849171698808264
-0.7137727043403845
-0.08308054703772894
0.49426680410165874
0.8802605260719436
0.8609984526623928
0.5140113446484745
-0.08681313772985766
-0.6530793963314278
-1.0181155306543452
-0.9950091209715034
-0.6318086499168074
-0.032433168042000374
0.5475410252598751
0.9059152690569177
0.8957284560646617
0.5189036401824075
-0.06591872595424815
-0.6720150477035239
-1.0068015246339548
-1.0546409211495567
-0.5762422783701181
-0.23003750487258195
0.012504363372883688
0.6602716182093064
0.9726106689184486
1.0686373490986845
0.6966910670584328
0.16238816461428499
-0.48253988659290303
-0.8618028571004034
-0.9534502826336086
-0.612298489225309
-0.07373720247613956
0.553253933485957
0.9364724799278856
1.0162665921661516
0.6787834593764717
0.13173028027136136
-0.49183549991272324
-0.881494894438844
-0.9580652107003965
-0.6256816713979587
-0.07557091953027606
0.5438182055106728
0.9363983404610858
1.009452043030417
0.6798771582115257
0.1267358605054502
-0.48993534844768316
-0.8851802372133691
-0.955587763368295
-0.6283983343035437
-0.07266505920771298
0.5418353721096064
0.9396349269791019
1.00803610332781
0.6833810663916023
0.12576498375723333
-0.48620324708424145
-0.8857971727550691
-0.9516480986958463
-0.6287311579305228
-0.06852285241847202
0.5417317612271191
0.9439897270265211
1.00811731514039
0.6879755165928229
0.1259940222734126
-0.48131976675602667
-0.8854520091427875
-0.9463928585894246
-0.6282972558591868
-0.06275760612212093
0.5422323665124383
0.9505053707997054
1.00867410251298
0.6956914915935193
0.12662984927470752
-0.4714600690622472
-0.8846028525233331
-0.9320260469499863
-0.6266622216061685
-0.03574618161255375
0.5475867983959727
1.055440863348476
1.0511409735160222
0.5207728211688241
-0.05636891249291421
-0.6490762952198614
-0.9294326096586051
-0.8735586937265604
-0.4374963846670139
0.15531973082066225
0.7274213930952406
1.0164398495394698
0.9512773619262402
0.5211379161919342
-0.07699180091249475
-0.6445453817277559
-0.9369772624708886
-0.8680626257762233
-0.4402494757743391
0.16112318942564582
0.7270585821712007
1.0223795846428454
0.95236081003923
0.5271703396945897
-0.07489426247327709
-0.6384260783945188
-0.9340756944003767
-0.8618523928404307
-0.43664052981206236
0.167427373860381
0.731345949890062
1.028773360558494
0.9573456815686733
0.5336354368880325
-0.06915168520514521
-0.6319316825186081
-0.9274734013826601
-0.8554118206736824
-0.429028387765261
0.17365692709188416
0.7401769166052748
1.034493673231945
0.9676745799864107
0.5382600375399288
-0.0569818910173276
-0.6296371956824315
-0.9131660783868213
-0.8583472993942389
-0.4130123672820827
0.15734079911472082
0.7520459237378703
0.9729743251039213
0.8919527109888225
0.1336840645408668
0.41104607773177465
0.6748356992109457
-0.2690535544218432
-0.6125208890294621
-1.0286295949836128
-0.7728227062087599
-0.443587886128097
0.2949114744753709
0.7275892265817788
1.1195499373993014
0.8933819355275161
0.5838452032451593
-0.15726413265986208
-0.527509941882044
-0.9536116360760585
-0.5683926821995342
-0.3527243385265057
1.143788524635107
1.1423641731091356
-0.25139344363785543
-0.570172148830909
-0.9250721917441616
-0.6244397806339221
-0.19639950430397618
0.4744221136757098
0.9169484356932961
1.119494543455237
0.8861312372462535
0.39234053928191603
-0.2312174011649604
-0.7093876011361193
-0.8723801351308268
-0.6601434912244343
-0.12818404905289033
0.48330063631930226
1.0033423882353625
1.1622930646971001
1.0023584634408769
0.4785403985854226
-0.05605604729803577
-0.5325313896943475
-0.5314580946633564
-0.03965664281310933
0.7660488136354875
-0.1787222837167427
-0.05592581094364687
0.8242452054378503
0.4464686872300604
0.0965788955281289
-0.5638634016827615
-0.9069064088735466
-1.0277702264280197
-0.6982602313253566
-0.1441452737678651
0.4886852091153936
0.9675095040451247
1.0533657109207528
0.8867011628361349
0.17409634755056913
0.0339284229276675
0.19402890278287419
-0.4868882059923585
-0.8489624881390234
-1.1708172689531002
-0.9516043128848629
-0.5500266860339752
0.13719354539778403
0.6386100254769356
0.9605124531341863
0.8109676429925878
0.40834529583873974
-0.23481033295015472
-0.7373871996166106
-1.0277544720750642
-0.8792291567240154
-0.4522148097519652
0.19014887700094488
0.712647397286438
1.0024969527452412
0.8709232029177046
0.443713121144335
-0.1837483239660502
-0.7060521580901022
-0.9824437925291701
-0.8501786968556468
-0.4105362788236544
0.21828092035852306
0.7522910245294759
1.0309720415991466
0.9099005387289122
0.4739254094849571
-0.14407502953108725
-0.6722752644736534
-0.9404779947702557
-0.8100578942522095
-0.3640753656928388
0.26957876785073803
0.8068056382948047
1.1031285943773452
0.9792546627926322
0.590292180158137
-0.04393047310840524
-0.4347183397899055
-0.7568243133066622
0.12994304531453837
0.32219335369761326
-0.9812679174330934
-0.4981503446329143
-0.6311739897459694
1.06585115079145
0.8870825424681779
-0.4488081939912353
-0.7207828104561741
-0.595930348624784
-0.3660990338915234
-0.3324574550325391
0.35330221279537793
0.8449450921456234
1.2206650779003672
1.18159591108176
0.8153495504341286
0.31981879874556385
-0.2122537450933869
-0.0018003327797594011
0.30886364668155714
-0.15343301222974004
-0.6478427237550399
-1.069728852855963
-1.167225053489649
-0.862347991522037
-0.37184104700550835
0.3230738557671525
0.6039123414626192
0.8854326163829592
-0.1927745221925145
-0.2371398211285092
0.9729889752896748
0.654404506684928
0.519184098404061
-0.24996306867334409
-0.6373936933319856
-1.065578774625766
-0.8640286892248868
-0.5475463225952917
0.1652747813786602
0.6413119024193085
1.0368703544483737
0.8916639612812817
0.554583836223097
-0.11649542496079102
-0.6059658612024293
-0.9667690969588221
-0.8301526167942104
-0.46073973144599917
0.2054638708030581
0.7289706368035872
1.0882119871314169
0.9933082964634742
0.6259576391580782
0.022283416927880467
-0.4938456834893877
-0.7255743820465671
-0.6107344241021625
0.308893758442879
1.0209349178074627
0.4399216180640564
0.15475101941565458
-0.6462929119457924
-0.8368890029176878
-1.1655841959293585
-0.3421075113477247
-0.3143465876320355
-0.6148612723588589
-0.03435459652705831
0.4815302909321854
0.9639164391028132
1.0705270941542344
0.8303472620997471
0.29412274720910525
-0.3244625162995133
-0.7824095534040264
-0.9256701842287393
-0.668592020677238
-0.14653830625540898
0.4857150391513932
0.9400460409522066
1.0958501470119397
0.8413709841032673
0.332145350875609
-0.2929583855856628
-0.7328200812310146
-0.8772711905648738
-0.6048158924418507
-0.07932492981973978
0.5706923662667782
1.034026755328088
1.2185483868728912
0.9830943694811437
0.5410710853635696
-0.03553365723276249
-0.13874818674907954
-0.011605705203264165
-0.5170962952769944
-0.9227200499345908
-0.8575721734042853
-0.4494851320107282
0.1715598922956516
0.7887398816842061
1.1495300060841072
1.2102849975649033
0.831623128205008
0.21169566046722527
0.06776195058573324
0.2066683818493426
-0.19766152765490597
-0.6119310008489854
-1.0012668988215367
-0.795990572822301
-0.5342831102182993
0.8487347096184926
1.1878650530895694
0.030720617996748672
-0.3225364339552033
-0.8903105743367556
-0.774179602887087
-0.3976577337274028
0.48133143081373636
0.7101477459885555
0.6931851190963041
0.14350686991458333
-0.35288636933555234
-0.9275618436021192
-1.0256005606131753
-0.9157217800500588
-0.3245592971260054
0.22539649434516099
0.831436600791107
0.9674745260110049
0.8912283567495672
0.330969189546036
-0.1744007996862799
-0.7510261511852576
-0.8117551657189017
-0.6977706298534329
0.10887523728888153
0.7332180327074641
0.9828247652235971
0.7361738830440481
0.3309200643492885
-0.3322912999622681
-0.6424633333375239
-0.8444565401309164
-0.2516159020740907
