0.42904750874279035
-0.9620152292630434
-0.8574114960732261
-0.8456216670638078
-0.169230285342544
0.3154746166237474
0.8715229550613304
0.9097972284288426
0.731700951575751
0.12963698433099996
-0.42262756288180653
-0.9317433492487381
-1.0047326448620482
-0.7937104952979485
-0.21170768382076693
0.3652894085376687
0.8620401358460865
0.9545441337234679
0.7356659752342398
0.16966065357660096
-0.4123192331517864
-0.8955344186313232
-0.9910520553887168
-0.760399959577914
-0.1959601397265381
0.39652606194128115
0.8793224479909193
0.9844493776152308
0.7543622698650453
0.19893264303016714
-0.39206917296703003
-0.866194518753563
-0.9688998446067085
-0.7302309467019141
-0.1713415110054433
0.4284206215166336
0.9072467996520457
1.0192118183104952
0.7868335439589246
0.23813103957839493
-0.3531656255638488
-0.8202470958865467
-0.9205622559551351
-0.6738569612708691
-0.10846107010147145
0.5015960612651197
0.9942190571683984
1.12154541883091
0.918449223731018
0.3978408470353945
-0.1202040132769645
-0.5171358430937585
-0.2765152290883893
0.3487023032132274
0.42173852659984273
0.006594784970277488
-0.5445070567121411
-1.0110549881087196
-1.1681948360719794
-0.960895036214721
-0.43937734261720396
0.1866793223192899
0.7016953248847756
0.8961381325532346
0.7166746606937575
0.21812439165161915
-0.38990048795927523
-0.8890366212196273
-1.0709035315514757
-0.8796055138479293
-0.3718419860041088
0.24548558750832325
0.7516054825635073
0.9410860954779763
0.7552083755088855
0.25387917876894267
-0.3591758477190928
-0.8597122145766103
-1.0457968380280063
-0.8549629358688752
-0.35093178757894633
0.2666114171504568
0.7692808406006584
0.9595044949670252
0.7703208498313867
0.27017240375649026
-0.3461452667325216
-0.8451121582894098
-1.0344982929881537
-0.8417262627572839
-0.3411091534050371
0.2787436120736314
0.777813706645944
0.9707415937181424
0.7776950404559404
0.2806895878739366
-0.3398449445909695
-0.8351621122998527
-1.0292294132423239
-0.8322029065193762
-0.3368723056358163
0.2879783762971226
0.7809690867382005
0.9798353400653798
0.7796576627470966
0.2898161487800779
-0.33927267910986747
-0.8257748727905488
-1.0303761372399713
-0.8222208423365075
-0.34028156454264336
0.29910647726645423
0.7743724321741893
0.9931457197059802
0.7682083673844453
0.3075962026224339
-0.35885341718175706
-0.7972049057532722
-1.0655173060232592
-0.7574693018808881
-0.41254443852452577
0.6579330694782596
0.5434279708947718
-0.4307493076980634
0.5030508668045285
0.9393175958355692
0.8138691000274618
0.3233791767939462
-0.2501089217469351
-0.80402926123252
-0.9962413433371099
-0.8756508326361567
-0.36813933642965446
0.22000339061430377
0.7725201082705666
0.9761225244182542
0.8514793219774571
0.35264182897129076
-0.23954166131857407
-0.7852293921304443
-0.9923530244493707
-0.8621456319505105
-0.3662722128342425
0.23058441487797848
0.7737962810514123
0.9849503734911131
0.8526711754495627
0.3603577608541864
-0.23824298876250563
-0.7782402454368968
-0.9908752992564366
-0.8556313266069525
-0.3645895858281928
0.2368035729842752
0.775692730985699
0.9910152524610691
0.8547865409197182
0.36639117041093433
-0.23590074514805795
-0.772118142884207
-0.9882908179273097
-0.8492884824465586
-0.3617354876625725
0.24352877854528693
0.7788624821726473
0.9983404596767504
0.858348052948556
0.3746358378884879
-0.23181961389594927
-0.762443746666952
-0.9834656683365635
-0.837289194323355
-0.35574335418187386
0.2596213519480333
0.7869064900578332
1.022678533033135
0.8705828332825428
0.4204163937988548
-0.21022885314828899
-0.6004971171060883
-0.8489618190600543
-0.9887298634935137
-0.588056303717278
-0.05279670317101255
0.5793118690861772
0.9253786166092747
0.9775063188912998
0.6024096213949527
0.04960076754676828
-0.5698954246516341
-0.9230522380898796
-0.9674692822246596
-0.5958236582331635
-0.03772294540121737
0.5800670277983568
0.9371322952803027
0.9808544372742968
0.612245853715097
0.05412245546454017
-0.5612188373513571
-0.9178074674469645
-0.9594999478329924
-0.5900067345285288
-0.030165324830538794
0.5864227437899994
0.944488786073926
0.987773140215345
0.6195651681744223
0.06166467728847198
-0.5537968009810676
-0.9095510442282173
-0.9518443569814178
-0.5809140894630235
-0.02214280518070518
0.5965112312353357
0.953024943656978
0.9990660500101839
0.6287870292363436
0.07443761720558001
-0.5436763250488088
-0.8949271798083059
-0.9405493604820978
-0.5639281155303782
-0.009300236441330469
0.6165849618701496
0.9679413198771577
1.0232956343441224
0.6465543099014861
0.10446767074882223
-0.5218481293948575
-0.8564145961699405
-0.9126494705070916
-0.512213461930354
0.028307404982531238
0.6907385740594522
1.0226472284043582
1.1411521889556395
0.7362888032552048
0.331486421336003
-0.33756180145788983
-0.07470154380914756
-0.17773659289937702
-0.976845367152874
-1.0188690530047781
-0.9143638093211114
-0.3324736618464505
0.2370920791890406
0.7961459460180378
0.9549908277876332
0.8117775210193574
0.28501190008699756
-0.2935371851016168
-0.82100101793068
-0.9758490730341527
-0.8134817769846832
-0.27124761570957545
0.3172904794733242
0.8780644707551106
1.0300408529206668
0.9453458083134545
0.3261839601612302
0.06947475697396081
-0.08600034047439163
-0.7206190870489075
-1.0639735591880708
-1.1800224086702835
-0.882716203964623
-0.3560229946129822
0.06881096626254556
0.42387211405559155
0.9783932968328657
1.0118701907732544
0.827219247871552
0.22459639912974536
-0.32661309468176297
-0.8444620279314486
-0.907446132386151
-0.7118454734881416
-0.10388339756891958
0.4547064371395409
1.0015036244282038
1.0705797437028746
0.9372630247120186
0.33324707552531185
-0.08201255972329921
-0.668124187210756
-0.1272275684065484
0.5241728061929916
0.1765140778504047
-0.268188419870948
-0.8524199558996793
-1.1625102529651943
-1.158636000819184
-0.7768904006969138
-0.17981315287685987
0.40931904196632013
0.7885476196187765
0.7764830995846372
0.43294039389099864
-0.18363958580820486
-0.7509209600439509
-1.1650701944226258
-1.1433204212744181
-0.8636255988604461
-0.2520843108686122
0.17463689695460574
0.5497086358098823
-0.06871229906739439
-0.6129988924421168
-0.21069812351837483
0.25232143938749463
0.8278813736802595
1.1008682331074626
1.0576052765110229
0.6383592080125499
0.030646779082524205
-0.5475362660178681
-0.8930042108468037
-0.8408544992785623
-0.47012381318730645
0.156750721691467
0.6945597666761804
1.0733302442949417
0.9796644203412684
0.6695410133327859
-0.011116202496528558
-0.41230787564648347
-0.8845793484773735
-0.16306555573917694
-0.1597108467311823
-0.9756472640054533
-0.5554278615607824
-0.22286050199431237
0.507682562201359
0.8615707116997458
1.088037185787632
0.7670021648089884
0.3065652003296996
-0.3741434817289391
-0.7852625103221939
-0.9809233661638028
-0.6923375370662305
-0.21050088186324037
0.4495592738418239
0.8767641572240022
1.0584484946947015
0.7826944048664005
0.2911169528849872
-0.3582006824990929
-0.7922082734356127
-0.9645167414749402
-0.6933686724607269
-0.19329464670760355
0.4531766973762934
0.8951599165594516
1.0661300555102575
0.8027270011363944
0.30269749038140187
-0.3359967321961302
-0.776577537342954
-0.9394705802584101
-0.6732376443457836
-0.16452385674078232
0.4786046845687581
0.9288689783507876
1.0981217930690776
0.8431211964907296
0.3432346680464015
-0.2862720983668447
-0.7243191497738043
-0.8761540715966867
-0.6038870038617733
-0.08016483193272575
0.5749757971106761
1.0489320680526908
1.2428733656709265
1.032825615559536
0.6028356579548558
0.1862430326439824
-0.15591288818546917
-0.5690060947511401
-0.3097612045519489
0.28956533135489915
0.4078670341054295
-0.032102872374356196
-0.5451243839635685
-1.0256427315239172
-1.1365621691117407
-0.9415831949480541
-0.37569724005685595
0.22472102139103475
0.7773285926502047
0.9319438798739396
0.7982054847023288
0.2584654439746298
-0.26837739785176273
-0.8038644880823108
-0.8270392594541581
-0.6795060181514265
0.3840878070037793
0.963678172465533
0.4890400304222498
0.08260717270249836
-0.5914676795194881
-0.9779793026289882
-1.1359831479169407
-0.8351694196159095
-0.32086551008045444
0.3263023355145532
0.7655566784118177
0.9153289203656203
0.6465071937953232
0.1295135103315989
-0.49592709856073686
-0.9356557963134408
-1.0695993693295798
-0.8002223499452304
-0.2711324617945468
0.35538456841649424
0.8046823633337381
0.9399797106150012
0.6783724549979958
0.15078889001887535
-0.4692907026745709
-0.9169951939487024
-1.0468734565162556
-0.7836192729955241
-0.2514162418950652
0.37034990121340766
0.8220305458754517
0.9536345256350689
0.6938263237301692
0.16339991795762246
-0.45536928498206886
-0.9051953199600383
-1.0341969631085595
-0.7724026747022812
-0.2397416326939975
0.3812572198699058
0.8329374613217141
0.9646914513073634
0.7042731205659921
0.17585705485205852
-0.4446272978478754
-0.8824515822156015
-1.0171865812123804
-0.7837287807480915
-0.2550113121835277
0.3626453712978887
0.828502531068548
0.9723234673277761
0.7300615579857448
0.20498134107550012
-0.4133817809091961
-0.8766195622626819
-1.019910114610058
-0.7754353228704636
-0.24933225956996238
0.3709929864011101
0.835606740319827
0.9806046451391202
0.73791099936287
0.2131158464256168
-0.40481213336262317
-0.8689252456036128
-1.0104201292280897
-0.7691877376634588
-0.23856804664777767
0.3716145707940712
0.8478310845989526
0.9370990018146259
0.7426108854027343
0.3681051306678258
-0.277153865751978
-0.7634100418831125
-1.0226827930987903
-0.8443503310087163
-0.39711307699716986
0.24985956437846904
0.7504321262051008
1.016955207558559
0.8432797498370103
0.4075268923329363
-0.23882607679094087
-0.7231102280192203
-0.9917314752896876
-0.7951134862892965
-0.3640881014314184
0.31568839018792
0.7919305763479206
1.1126585027902425
0.902948671529487
0.563377999601065
-0.13855389861841216
-0.41226505977906347
-0.7749713504502265
0.339339750976688
0.5754498831378856
-0.648978830546472
-0.8619983035286017
-1.1809342798900937
-0.7872769953283256
-0.36809636846360283
0.3541312087126103
0.7335377025333571
0.9538123991771115
0.6389384380990222
0.17902290365064635
-0.4975458597964995
-0.8981727309726139
-1.0892274254025773
-0.7864945977927912
-0.30690641864048146
0.36264235263928374
0.7767324411114817
0.9641103158111324
0.6703922405199474
0.18961740071657285
-0.47442206244229085
-0.8875849358197556
-1.0725151558803268
-0.7758243599516887
-0.29559852521026087
0.3736584991613634
0.7829567929339034
0.9758723406669131
0.67115531378863
0.20272275503787662
-0.4804971236690307
-0.8721214727156854
-1.088716438800342
-0.7557697114607141
-0.3298891168760905
0.40628711386617145
0.7072384306031232
1.1059917564784525
0.43139113249031086
-0.371413740013424
-0.9679023537012746
-0.5259089235327079
0.6159704801455446
0.7479532732286706
0.7779446070235077
0.23799150661739976
-0.2863998617222527
-0.8700227670421952
-1.051237452787858
-0.9538076726493124
-0.4433839476541743
0.13931086356741768
0.7031624156599108
0.9179560882355917
0.8060164679140964
0.31737824209859217
-0.27694353529390964
-0.8255897801933855
-1.0506906652968195
-0.9276099372373778
-0.4494233677729224
0.1533234330035482
0.6890602764701984
0.920574505916622
0.7754432158797275
0.30154599897646267
-0.3842462714319115
-0.926107926679583
-1.0043718768874412
-0.781856183635844
-0.22191056671496087
0.3688527544449421
0.8422477461910348
0.9467371805760324
0.7059750650821762
0.1517300331785965
-0.44846409853405794
-0.919073410785666
-1.0296676848290198
-0.7872306559717496
-0.23744483105951494
0.36379082950222946
0.8308796779362615
0.9420669714321961
0.6966908162676365
0.14713748668675583
-0.45666104582599976
-0.9238315196172052
-1.0373351970475937
-0.7923301411707815
-0.24493593286323054
0.3582131818079933
0.8233155680812165
0.9358929013162324
0.6888578319779023
0.14025361285601354
-0.464933044174013
-0.9315435064886616
-1.0462081396406486
-0.8010015846195226
-0.2545763127163824
0.34843004056097016
0.8127256861936348
0.9248161498035238
0.6771096298810302
0.1276608365575512
-0.47808812375881654
-0.9459295241720833
-1.0610749855463202
-0.8175326366424451
-0.2715387811899517
0.3292992343015528
0.7931723739835133
0.9024859335411671
0.6543106169350454
0.10132221716570593
-0.5050220997982526
-0.9773974290016715
-1.0933883427923914
-0.8557333312632804
-0.31103570214079873
0.28197960555327367
0.7437605365474211
0.8423144225094024
0.5906157986094
0.02206015484200995
-0.5905119373541651
-1.0871830087913383
-1.2149820755066436
-1.0201503830189251
-0.5006308370041315
-0.002411500456991007
0.3916354814762848
0.08161400445542046
-0.5396556547599246
-0.5011233790523608
-0.11835811733399317
0.4260694428076453
0.5585656974008631
0.6264072832315208
1.057806267243218
0.2626033801774034
-0.5143716717921204
-0.683687748764317
-0.31655431082089497
0.45886255866400516
0.8942311075654444
1.133286920070116
0.902880427555845
0.43190440381605283
-0.22574831510246623
-0.7097714127741672
-0.9486775141196382
-0.7398737888628159
-0.29352100160620104
0.37172056584325425
0.7970685676906124
1.18370771572703
0.7395920832865652
-0.2375266755296292
-0.6450639161000424
-0.8959573126560938
-0.6056383602476714
-0.1482318127239568
0.5134733819373296
0.9204977957485021
1.106265584300011
0.8090425876159951
0.3288660508302226
-0.3443418794577051
-0.755662737834014
-0.9585059438940221
-0.651368692698437
-0.19847406077355936
0.5032862801160575
0.8591154108203125
1.1315826126115678
0.5796342671813713
0.4109662808246353
0.3870506904312747
-0.2525403119350576
-0.7352792057375389
-1.0421916242961369
-0.9473047694032951
-0.5177120064673904
0.0804673472038923
0.6600908657898705
0.930184001913481
0.8861188462134554
0.4152644400403558
-0.14541575346300767
-0.7794647824863005
-1.0148498288756482
-1.056109322651384
-0.5492025188827001
-0.19087186565335437
0.4511646392001268
0.643015307175019
0.9962772509209824
-0.17249715020163836
-0.12763825215311522
0.5403389348300818
0.3978423677205753
1.0947646615590403
0.5180864093675027
0.21489906072895473
-0.5767261909055299
-0.8139912464346037
-1.0264733463626576
-0.5793142642186895
-0.138977040147249
0.5827659473406097
0.8877126078292835
1.0563587326995703
0.6490151929623297
0.17901373828123104
-0.5173646737731808
-0.8431915712834567
-0.9952330649912808
-0.6027768324942481
-0.12217345650944497
0.5637615214091054
0.8955627113403325
1.0407416074286389
0.6501969932191499
0.16589379769600698
-0.5222770446485001
-0.8546704803505284
-1.0071165744175454
-0.6137054666991288
-0.14407883205626365
0.5514129147334833
0.8553688631409827
1.021997498955027
0.5640868180607684
0.12234768648324457
-0.8581945687035274
-1.0837619385913133
-0.6351706002254184
-0.06732802813179828
0.5211662833922331
0.9963387114544107
1.01516961168918
0.809636902616205
0.1599590846568413
-0.27562709358542864
-0.8418181484171574
-0.319050074843961
-0.36612017287070814
-0.9533642292062847
-0.5269422886219142
-0.09156296927695093
0.5758106728995342
0.9304918883920035
1.0339496378399549
0.6935226870075774
0.1512255666364576
-0.47262983411993426
-0.8768053402130961
-0.9531401934640426
-0.6423245451094556
-0.08094773754717784
0.5224735680414909
0.9412937733387232
1.0020690142603745
0.7033295874997675
0.12914721157507217
-0.4636571228104008
-0.893747022006082
-0.9446119888115591
-0.6564131204295605
-0.07243594905336667
0.5099343907818439
0.9502517649403233
0.990220616305318
0.7132845423154294
0.11733346778098698
-0.45196605988391947
-0.9061101302787582
-0.930073486537026
-0.6699212709954284
-0.05319339066923573
0.49461623661749315
0.9776569131071237
0.9723528402247322
0.7562037929116809
0.09633703615129037
-0.37467260336158875
-0.9290770463371177
-0.7514347608397475
-0.6803049393338213
0.7853063338503369
0.7215604333592543
-0.7563877084634769
-0.6654405235742783
-0.7017887827723629
-0.025584330877257516
0.4297506332598026
0.9991607610452609
1.0203166753345168
0.859508428752269
0.23871804940083133
-0.30383357375702424
-0.8404841679741359
-0.9102292348925864
-0.7283322430274187
-0.13775366472844386
0.4188631175231867
0.9357152150943093
1.014752721449306
0.8197503325659895
0.23483047816247768
-0.3300969395837776
-0.8444058192667393
-0.9279301935337367
-0.7334173151387661
-0.14956549091577861
0.41151132279932207
0.9282065888359635
1.0036615274620748
0.8154910437028653
0.21762133201723804
-0.331991490902276
-0.8721070466723412
-0.9286188738577561
-0.7807675862168949
-0.15153622351303359
0.3215920084145919
0.9173066840330231
0.7927375408901152
0.7618633996233336
-0.7345333640232012
-0.7800021161002751
0.7417983910791507
0.8075672509609333
1.0324071044663292
0.46217568926650404
0.03313797274250072
-0.6624788379940713
-0.840357453031704
-0.8967058317097139
-0.36122843631282364
0.13129422910838934
0.8342447223642567
1.0287349261647052
1.137483795712243
0.5638701530765052
0.21675979378453752
-0.8175397821690294
-0.37506008100390786
0.7178103937925822
0.5002986621623771
0.23769694397219143
-0.4259231930602685
-0.8491311456561543
-1.116287270009289
-0.9065572060917712
-0.45971137042840354
0.1992972942562634
0.7048862604721979
0.9696847845676247
0.8064687732945462
0.35854600484971516
-0.27073545173263813
-0.7766622683658232
-1.0209037801871124
-0.8575811148106959
-0.39463081152480467
0.2350379703501419
0.7524197692984255
0.997236501012331
0.8429396362171592
0.3806999907208728
-0.2416607771039513
-0.758224935984628
-0.9969863057599633
-0.8417781821197773
-0.3744190607969659
0.24894338931783705
0.7699145247182271
1.009772311826844
0.858421241687088
0.3922638097817028
-0.22766953305429605
-0.7473172913592708
-0.9840794193632305
-0.8312605983253042
-0.3622649805321442
0.25931054475829723
0.7816029938981145
1.020221087853571
0.8699106738026632
0.4030364716053511
-0.21611168520798105
-0.7359486571894456
-0.9721619198679122
-0.8189692534473211
-0.3496442594521703
0.2729410614371482
0.7953633069948529
1.0357507529783343
0.8854029825576056
0.4212570741446058
-0.19803208466607977
-0.7138589013150216
-0.9501826027251926
-0.7911549870153712
-0.3216134853586009
0.3096087719923502
0.8332653926907753
1.0870492773271585
0.940713073624144
0.4993734129994654
-0.1079074614039663
-0.5765139343325644
-0.7720362805968568
-0.43208539937064017
0.296441253052103
0.7691970992975292
0.5990467139435868
0.22181109456400247
-0.4451484599541637
-0.8180389071804686
-1.1415470823683538
-0.5024119665168192
-0.4012259895126793
-0.8061459097578529
-0.1653196163962192
0.27005639739293363
0.8661740095355577
0.9280054068085938
0.8259654105803935
0.1720150922753232
-0.4454466929199123
-0.9220133897420048
-0.9445231034690013
-0.6939330465655417
-0.08216081702287198
0.4600088938450641
0.9198667093884016
0.9154184419232386
0.6550305209284187
0.014391083321928136
-0.5344123748424793
-1.0374216929451086
-1.0386577093970222
-0.8546492896789546
-0.22191724293706516
0.15656948559239686
0.6382843246239537
-0.10983223667265556
-0.4483748625505166
0.3478494838265471
0.7678096824317154
1.210761188939158
1.1535917253837884
0.8441096796744956
0.2177190262764042
-0.3572759318965378
-0.7696492495206374
-0.7824730617120822
-0.45630701872305196
0.13209432688579908
0.7223378186563739
1.1132931629697085
1.1455289917015041
0.8098123555822369
0.2662796036165189
-0.3097675552396317
-0.7324077334740682
-0.8262676335420444
-0.5301114146604283
0.01718444409757626
0.6526739861458136
1.0967039344728327
1.246476174879479
0.9727739352527855
0.5028614044596684
-0.11457240226606234
-0.3880134357192044
-0.50617533534457
0.6005055898225294
1.1016029359753743
-0.8441785604887692
-0.3252593601255624
0.7002508693255685
0.6224908835640729
0.5250901820000161
-0.08043924527504163
-0.5134842880721835
-0.8219748985842251
-0.6209455297661483
0.07056803796225843
0.7897090505645136
0.6679119012539004
0.44326435096414574
-0.11990413873152884
-0.3722899882266285
-1.0105730940823385
-0.9308910807403299
-1.034706989379308
0.4280256230908021
