-0.5606646233925464
0.7902113596234183
0.8783552286740146
1.1066996694498246
0.5563352352415967
0.1418809521255833
-0.6049031513543637
-0.7416086053606765
-0.943559982861007
0.10264663587520385
0.11502824643559331
-0.7576682941765588
-0.2028401369553709
0.104499898094435
0.8685146988336806
1.0264396272093594
1.2299082260920415
0.6168396519682167
0.31146678325443966
-0.9809340000530615
-0.6188306949305304
0.7242915635183396
0.7985107325675236
0.7754849878648283
0.22247888219802084
-0.3213989244883612
-0.8138436207165429
-0.9608365650401147
-0.7253332498722364
-0.23071457375273047
0.44442743482408265
0.8377002759992233
1.124712443176645
0.891150083368212
0.6049226676764591
-0.5185923127245833
-0.32024201042688927
0.7928281636565454
0.36367218601741047
0.11495248271375616
-0.6147937233610703
-0.8837762900316735
-1.0863356960974555
-0.6841108572121887
-0.21745603309507955
0.5085563620164082
0.8870060026153975
1.1050599297523935
0.7775323711952545
0.3532346688414216
-0.30641557354710686
-0.5807329138209397
-0.7128066693637829
0.058239869057790286
0.7455177859647343
0.7191617211689684
0.38841486663298586
-0.03749483849611329
-0.36354501064751743
-0.8149826440132443
-1.1843542918115502
-1.2109699905668379
-0.8912802153857546
-0.30193300221080566
0.3130093286591841
0.755934032035231
0.8340647071275201
0.5515184707701799
-0.00861445174589835
-0.601191317227595
-1.0241711840839325
-1.0876470566520497
-0.7901450409946625
-0.21995532231182416
0.38449139878291694
0.8145389503304027
0.8878009231313385
0.5952973028855333
0.03339912911017848
-0.5675551549750717
-0.9904312888513548
-1.061344642721164
-0.7625376926318875
-0.19919400481401411
0.4073727280654575
0.8309545170760392
0.9069181751928334
0.608188342031104
0.04942851100424571
-0.5576148318570063
-0.9770072068440558
-1.0539533811755806
-0.7513745796216843
-0.19407644670706442
0.4165146526694273
0.8339753173178744
0.9141938516589405
0.6092068696833505
0.05491759435075065
-0.5585794717411666
-0.9732996224137426
-1.056958126191717
-0.7495269192097881
-0.19926315760026597
0.4163181323616036
0.8263604185422355
0.9116187066558402
0.5987779615987942
0.04939325135133305
-0.5724095831112666
-0.9827538925668323
-1.0750889842619604
-0.7646875952124278
-0.22311926827795073
0.3918958128403509
0.7943737763623393
0.869482524665365
0.5540799688698028
-0.03828807459418548
-0.6413018792503486
-1.337163975058586
-1.2428806393468157
-0.06340019029102212
0.12061051777185475
0.6696442733015372
-0.4529046998173954
-0.617866529950293
0.3105730594715666
1.0456572871024037
1.2598078066810312
0.41497109193173776
-0.0688170563553944
-0.7482620776408856
-0.9368181875091603
-0.9040929857003291
-0.40398129325384385
0.15397285520531326
0.731951789767106
0.9578966749711585
0.868238001700108
0.39117599898414007
-0.20694542272653021
-0.7687646534890235
-1.0275972657080539
-0.9253598508786809
-0.47878013968795546
0.1302068470737361
0.6602902222513075
0.9297400171245872
0.7903628010882426
0.35602698765712526
-0.30232452810493854
-0.8144277841662452
-1.1607525254395754
-0.9823273863776897
-0.7017375044090919
0.16907932093620423
0.07781836306518307
-0.4331057363228716
0.18545558087811945
0.5835778350621755
1.0990192683608473
1.0947158015169596
0.8860187677286796
0.2612372736195004
-0.30485348352518954
-0.8190220439032647
-0.893333498844979
-0.6820033298045756
-0.10372816737791334
0.4652574373266509
0.9482888871304306
1.025506166150803
0.7916426306008164
0.21623609696188056
-0.36995861018199006
-0.8501489163420913
-0.9410417312603617
-0.7043363788502468
-0.14013631758603423
0.4489359016805754
0.9197140650339213
1.0135590057765678
0.7687860534203541
0.2076556549046165
-0.3884519329166698
-0.8559944848856944
-0.9560668368645727
-0.7078360104931052
-0.15229068060105147
0.4475646679351816
0.9100393891038445
1.0142331042549069
0.7613555849439463
0.210411905221878
-0.39374341369699895
-0.8509963246224405
-0.9592004523639411
-0.7002921590884323
-0.1531113581161611
0.4581466535115368
0.9118576198020378
1.0286157141899075
0.766378808178283
0.22977358207767992
-0.38457899314813804
-0.8247911662395662
-0.9443395570826969
-0.6641618739171753
-0.12987393972402622
0.509643945405762
0.9484026868618314
1.106075914107349
0.8262814456804161
0.35722926578049236
-0.2772009919390207
-0.5754766749837817
-0.7115019580007835
0.1688212779791489
0.7977967444992226
0.33022808802773546
-0.0795770962282319
-0.735843798096254
-1.0581233819838858
-1.147779067743111
-0.7783226004883466
-0.2355737809462334
0.39787471552704706
0.7846633267358459
0.8540112887027839
0.5251152958833643
-0.043790693251365045
-0.6460026709507483
-1.0715814022137413
-1.1095633526154736
-0.8462286761956557
-0.22724783532824563
0.23677218061495617
0.8896241041896914
0.37015361506007016
-0.7358847941431604
-0.6243875997751102
-0.4744495326048741
0.20297634446195023
0.6532860430421764
1.082248158628667
0.9704973006933613
0.6657772927850669
-0.00798049024273098
-0.5287476569054587
-0.9542544426204429
-0.8826960588572871
-0.5752463771319276
0.07283874874840203
0.595597143383431
1.0036291431652018
0.9333852467204875
0.613630137698028
-0.03375901730129647
-0.5652716734948757
-0.9731858472129823
-0.909068923981735
-0.5897528120045519
0.05359453061330115
0.584114697115726
0.9897629309900976
0.9240860937131009
0.6041302720918947
-0.04137582293029334
-0.5709322995390647
-0.9793883459959435
-0.9110468139638452
-0.5946193790827863
0.05548785820282964
0.5806989699221343
0.9961138242726918
0.9224843790516377
0.6160799450242481
-0.04041560745047447
-0.551343808055251
-0.9744328054866173
-0.8801277526105169
-0.5828595194435424
0.1048938555863991
0.6052221782852579
1.0798455200161479
0.974411585582305
0.7795156050731096
0.08661962676374126
-0.03451602983338415
-0.4274333935437665
-0.8708534815546735
-1.175859371771958
-0.8221626267661011
-0.5310660374924084
0.8915467451384673
0.9635729280700382
-0.3600167765547617
-0.7633387688477427
-1.2259359071247635
-1.093497346831153
-0.748223884390411
-0.2216056517326544
0.26120289751563486
-0.05566334788234374
-0.36985561605815065
0.35527140287256004
0.7220518279936224
1.1494793162948722
1.0056671049519976
0.6921983189416381
0.008111047226645695
-0.5213078812974856
-0.9432733035269351
-0.8812361796384965
-0.5645224357683126
0.06803776725178552
0.5997210331110525
0.9847404098112001
0.924034552955934
0.5781662166716881
-0.054010058457930686
-0.6107403210755106
-0.9963372358940462
-0.9590515022198606
-0.6147443468906489
-0.006515485056079627
0.5476414878828192
0.90628146029841
0.8654134019324358
0.4874246042336145
-0.12519572630194792
-0.7267055937068799
-1.0893851041985372
-1.1258259498155685
-0.7444808272017599
-0.292355148179403
0.41339776422806446
0.12797031398366265
-0.5661120623877997
-0.02311782678520875
0.3102610060590066
0.9108802905539822
0.9325576161926833
0.7422271367214094
-0.14990256275916966
-0.47884240572774117
-0.4703216557876599
0.09030348487230447
0.566461850363938
1.196283361639703
1.2581685524690163
1.2589658740255076
0.6094806446756089
0.291903842594352
-0.41010239645169405
0.3157035752563133
0.21462958324392878
-0.33091856748218734
-0.458283319290043
-1.0632369509946726
-0.8782004409073443
-0.556055433247423
0.10467447781200019
0.6643793359865268
1.0092091266945071
0.9993961011335397
0.5814497440678761
0.07350974977263446
-0.5669721300996539
-0.6730535885241657
-0.7735076555366106
0.5763369229157882
0.8197397079086671
-0.4832939197480286
-1.0676420079872417
-1.386868702230243
-0.26737937253862104
-0.00042038079565935506
0.7919572835885214
0.5593138280719636
0.63101279013292
-0.8988048224003208
-1.0795647061993119
0.07372268667997452
0.5253862412238604
0.9913699288594333
0.9243695159447687
0.5968717399894916
-0.0268748346275558
-0.5905143593148469
-0.9723607580518826
-0.9497905831394631
-0.6075956336877317
-0.004028084377617916
0.5380714831356104
0.9118594298650535
0.8117317905359398
0.4696314329107014
-0.5171753183278295
-1.0632950136558112
-0.6318047793703315
-0.25405781047761344
0.4516422875117712
0.8658883620905178
1.1155357816346787
0.853482588560202
0.4069881453491856
-0.26791743761423037
-0.7088627062999087
-0.9468274436513416
-0.6927717648239368
-0.24110443805470244
0.440130602903075
0.882753248375953
1.1461610372400581
0.8907856061929641
0.5093920393079925
-0.1774032778745701
-0.2826231287443733
-0.5571028430725226
-1.0193141964602137
-0.836616327454393
-0.43722772637014623
0.27539548225366445
0.8187313345447675
0.9718867442805201
0.777111305175681
0.2564389008410811
-0.34557783799234526
-0.8404366441573129
-0.9926717175539017
-0.7908280504300254
-0.2603989524904383
0.34309130606713084
0.8464496183155912
0.9983390952096634
0.8039223111763282
0.27219930984355034
-0.32439878600514716
-0.8297785700200753
-0.974833734616142
-0.7831758709829097
-0.24423636006486782
0.34871977871346876
0.8621676508979574
1.0024136017734007
0.820258896773339
0.2748529823434668
-0.3063377675677389
-0.8287703433331651
-0.9536783152074122
-0.7846550687284507
-0.2180283516917279
0.34241482359345704
0.8965657314304328
0.984182420985679
0.8683620619755877
0.2156613838443871
-0.2346656820218201
-1.2072858539016202
-0.87151117051894
0.4066264349794806
0.687693206916416
0.9088507244104547
0.5035131330858729
0.027544249824398494
-0.626222703884765
-0.9536422970366366
-1.036389773386528
-0.6551421663319721
-0.11704527220417237
0.5219299568450936
0.8845415832239596
0.9573139411370828
0.5984955254769957
0.0532498761914573
-0.5704138966460045
-0.9383716065800829
-1.0002551121033747
-0.6455615449819373
-0.09240681422372996
0.5279984149074574
0.9017174903287112
0.9609799038472553
0.610400636520277
0.055108302598549756
-0.5625267375493163
-0.9380069477164432
-0.9956708192679892
-0.6465523564799469
-0.09075840080359052
0.525661387632636
0.9005348252982922
0.9571899623051146
0.6062529913224629
0.04963054112821408
-0.5700402343651337
-0.9455762165803023
-1.0073096163205175
-0.6568697673929318
-0.1078377494319381
0.5115203298473133
0.8757326892680237
0.9373898053448071
0.5695661345040397
0.020809259723302588
-0.6269414753157071
-0.9902815467629777
-1.1038981100546807
-0.7340864130566894
-0.30477906828242524
0.3468535511714156
0.16077093506641804
0.26612973310181187
1.0572708348016437
0.999161104047887
0.8776439765417385
0.183977804648836
-0.3050592353182735
-1.115637732465479
-0.992004134109197
-0.14526345521108466
0.41587990792333424
0.9219288490263695
0.9951378300878269
0.7497490209873136
0.18200487659082865
-0.40936607363141275
-0.8643909267998146
-0.9506586371814255
-0.6866304851664163
-0.12546512571106347
0.47437968121281315
0.9260521863305731
1.016566499445383
0.7511173911514485
0.1921485233995241
-0.4077674830740618
-0.8583451328932135
-0.9478400790403216
-0.6819383235961785
-0.12093968113445652
0.4790236766215254
0.9326893807848504
1.021950781400377
0.7603668994250246
0.19891517384711052
-0.3951715445700083
-0.8494885960193822
-0.9307412178477423
-0.6700159017285454
-0.0974131354147287
0.49557143299793777
0.966075093692028
1.045919433449932
0.8103714025381702
0.23598479942958153
-0.3129722556758338
-0.7855488276511975
-0.7686165038167143
-0.5337250459750492
0.46543028968874856
1.0485888264204666
0.6771888144681772
0.29680667471778
-0.3800997126525207
-0.8248393742380214
-1.063915612220811
-0.8423401716672925
-0.3771668851933225
0.2720182847164931
0.7561695498612151
0.9829470761157184
0.7836150252946524
0.31008696052054807
-0.3256600971006533
-0.8180249719285726
-1.0370452439071658
-0.8489766304680247
-0.3725123044964799
0.24279367951814573
0.7319931022148103
0.9009158454325433
0.6960426503514301
-0.026591914893340802
-0.7458299700969411
-0.7496680473757418
-0.5644778407514147
0.0715206523537945
0.5930039742784011
1.1270601855480813
1.1079611356867531
0.9959234129931149
0.18744949537067537
0.14560846578040992
0.2801527452184981
-0.2817617400229484
-0.7408464369668186
-0.6654597558615505
-0.661036921830257
-1.164517300987743
-0.6577007138870598
-0.28429091688820474
0.48629623405999506
0.732054520133137
0.971617984157123
0.4328765917105597
0.08773800374397762
-1.2320214652716681
-1.1681227431568755
0.09632900702524541
0.5151701221899346
0.9437727572485558
0.7661022002512395
0.398998417507106
-0.25766775775330725
-0.7542633304975007
-1.0552028378591831
-0.9132062314751105
-0.49097366753496435
0.1454324349765139
0.6723458058043362
0.9601162653876126
0.8370129128133498
0.4052296888988432
-0.21849408873956508
-0.7530808938500427
-1.03194913115891
-0.9156702151202297
-0.47750236155320963
0.1395084498086477
0.6786532019362623
0.9502407833965969
0.8370589063776173
0.39021853326773265
-0.22501972384170427
-0.7755089881883377
-1.0467401264859315
-0.950026618314259
-0.5046760072619909
0.08311528001091238
0.6292402145452269
0.8425332358892258
0.7410132287202775
0.05508171407402102
-0.6920631941890436
-0.850817049776607
-0.7081309831964187
-0.1796261147397798
0.3976660603409488
0.8966061384035079
1.0350305060485632
0.8337601822610154
0.2970465143759597
-0.30735796547732086
-0.8106485813619028
-0.9647335825276898
-0.7661716680719298
-0.2395886570234311
0.3629034489570365
0.8591871692322286
1.011756847318994
0.8081450545125091
0.28022250342320193
-0.3259960458670644
-0.8235868501595983
-0.9789310029836404
-0.7767037718204534
-0.25083282781021776
0.35382282898934925
0.8499397792880107
1.003433563788763
0.8002187184999345
0.27207531218459424
-0.33313586150591834
-0.8321299572797309
-0.98577212589248
-0.7863049632784133
-0.25790135357986277
0.34228058267891404
0.841973413735668
0.9886303224718672
0.7903668903301507
0.2518374505918986
-0.3465152348682759
-0.8617407543922748
-1.00573338493287
-0.8332862343657673
-0.29089277339152075
0.25881545710784665
0.7797148024376934
0.8078557377990219
0.6432839616556846
-0.45070121867735297
-1.012534533728375
-0.3481120731741923
0.04689951637833423
0.7921899950432424
1.0630063276135178
1.2513645638215163
0.7906729178099797
0.44169296505774497
-0.4826203140459518
-0.1531402386233002
0.626677654640596
0.16169988937951701
-0.219995783579533
-0.8579678015544353
-1.0614047412729493
-1.0833570394190015
-0.5905120851813777
-0.06351942330807256
0.5993678689805071
0.8332495270881825
0.8914060340021609
0.34032733170662266
-0.11614793929971683
-1.214776936220736
-1.1975838688093483
-0.11379306129593232
0.3729544755525185
0.9032049695661638
0.8763043201114563
0.6194046842190527
-0.0016456294005416227
-0.5505058960537158
-0.9810010649309981
-0.9827326385204846
-0.6815989017676563
-0.07665781203305817
0.4971092743909788
0.9174676528470753
0.9350301325148065
0.627014787625978
0.03287399885100689
-0.5458432636913505
-0.9585132255954263
-0.9798130996616221
-0.6661989828371915
-0.07500615816610513
0.5078075936460836
0.9180519591137206
0.9422984949176708
0.626601444700523
0.03741836887436909
-0.5472651994468697
-0.9563154672407786
-0.9823199620906803
-0.6661913683197592
-0.07874170797968487
0.505604462362311
0.9128614485927716
0.9376907174407761
0.6196168410066767
0.030006652664526314
-0.5565497616558754
-0.9672146527182117
-0.9946728065308647
-0.6817041770253783
-0.09537117729701015
0.4835912508821844
0.8899541450022829
0.9058464401194745
0.5868658607588484
-0.0180949447490095
-0.6062062864294558
-1.0459046105034764
-1.077710770211646
-0.8326540650342572
-0.26344762917352743
0.006495703878613682
0.27432654135041185
0.8416979154776018
1.096202240811379
1.07243894902458
0.6398148619761631
0.0544026658071345
-0.5584432833795895
-0.882326955349633
-0.8884691302214842
-0.4801463898399137
0.06285576510490233
0.6766456679463478
0.8348078574147033
0.9004265397128535
0.8722902694712342
0.32370270358629005
-0.24659201706443626
-0.7759257110809797
-0.9359402375508677
-0.766278253168285
-0.242837457581072
0.3558460591737415
0.8736493746841887
1.0457440236358169
0.8701345650563551
0.35363886889603613
-0.24792446631553405
-0.7608105899643812
-0.9337347996101362
-0.7540087049595445
-0.2367304901943279
0.36876679430282144
0.8839016823420071
1.060972404253084
0.8850132166896756
0.3724244899215879
-0.22754793636446524
-0.7370913851160169
-0.906395643737528
-0.723461127863887
-0.19998477858922417
0.4091106449251252
0.9342988296265076
1.1163060476375655
0.9570970537236502
0.4534144192832595
-0.11595963760038362
-0.5953094847981697
-0.6971311599636583
-0.5483461993249296
0.30274442899826004
1.0073962924662174
0.9374800471647264
0.7257682878035766
0.14456118887115246
-0.040028664385313446
-0.19065268329039192
-0.7137491505159795
-1.0851087365649448
-1.1968585469129167
-0.9046230808006231
-0.3653402852448572
0.27957825942751335
0.74279229302102
0.8988098800463485
0.6494122268919563
0.13529703095006096
-0.4846101741221247
-0.931207763123253
-1.0708150080699073
-0.809521544326821
-0.28383614904697574
0.3450420568659912
0.8002043090296599
0.9468288336473308
0.6921005568902793
0.1720550136829321
-0.4516579612824575
-0.9021925490382184
-1.0446714998939939
-0.78608471893452
-0.26265989591620653
0.3643101998952409
0.8176334414970846
0.9628872119414705
0.7066244260044757
0.18557833006535476
-0.4394393922162229
-0.8907168505042539
-1.034319251954448
-0.7762972695916841
-0.25384575255217373
0.3726782166461479
0.8251593060312812
0.9700385662633347
0.7130549946314891
0.19166609204801016
-0.433953223507792
-0.8855782904490456
-1.0296582985605407
-0.7720248128851575
-0.24991504327559794
0.37614114973702567
0.828436130862293
0.9727247851213268
0.7157400752235366
0.19358565242436435
-0.43180824560360676
-0.8844387501195944
-1.0280087207283128
-0.7717046049983117
-0.248719087153444
0.37557187116076785
0.8292227204966969
0.971156852795137
0.7161724688826716
0.19085779824350285
-0.43164923558529666
-0.8885607789392621
-1.0279886770321436
-0.7775619015345242
-0.24859268369060572
0.3674749592155894
0.82993935700402
0.9600554187078769
0.7185172688348523
0.17555260467547515
-0.4251850197831352
-0.9100175347672359
-1.0102891292665406
-0.8083602374092077
-0.19176295906050805
0.3234550180498551
1.182378627197517
0.9449623213794228
-0.29198533423644313
-0.6321643847296075
-1.010605417350193
-0.6857872035840553
-0.31510922009668946
0.40668160048879737
0.7758902932499002
1.0497065671185721
0.7257272194230857
0.3176022769836441
-0.42208058858579184
-0.800885039301797
-1.114668508700175
-0.7803244477358312
-0.45190070564489565
0.32252887467057473
0.514240565710174
0.9126651421944182
-0.2912596839419819
-0.31106528745199985
0.9280114691879102
0.8620925549112849
0.811545977041067
0.17172607797428527
-0.3470829856604686
-0.8796732989962015
-0.9569225163323464
-0.7586572966861705
-0.1884351098524461
0.3947861958334132
0.8858125984747124
0.9991368316131531
0.7730923350245252
0.2259726992070655
-0.377233756789527
-0.8521290738848649
-0.9806197751421555
-0.742588854298525
-0.20746719446355708
0.40508579390653404
0.8701603335365531
1.006231710692812
0.7599237900727691
0.23115943738058667
-0.38855250993200624
-0.8481380171132274
-0.9905492875048302
-0.739377508317775
-0.21635261328083338
0.40777123920701724
0.8620513394770972
1.0085507467563533
0.752375583783576
0.23321358965432565
-0.39572129133309775
-0.8462848739671176
-0.9974988156765334
-0.737687554274522
-0.22323224693855803
0.4093162924854968
0.855093985982337
1.0099529629390651
0.7451857526344402
0.23445980568928562
-0.40331530786571174
-0.8452240295172448
-1.0056977036436225
-0.7368607345056117
-0.2322817348465053
0.40983541179219374
0.8448802089363103
1.0100560451271299
0.7333915406856653
0.23398798143437688
-0.4172630351153497
-0.8465066935879895
-1.0226192497953135
-0.7393131123394455
-0.2534024327349865
0.4056482599966031
0.817636385705722
1.0032020227104794
0.6968117342128923
0.22283094551272933
-0.4689924398017736
-0.8650923541095265
-1.1012593197917886
-0.7720613352547137
-0.38714824304931084
0.3412949556104293
0.5372680377021167
0.8446264732045256
-0.40378029928969683
