4340790895097
4340930994504
4340942063487
4340961737594
4340975808628
4341000024755
4341032831940
4341051451292
4341092313460
4341147906458
4341203626291
4341219853703
4341279414625
4341305755507
4341310981977
4341348641378
4341380528089
4341384518725
4341396390138
4341450072631
4341469831310
4341534196087
4341545561524
4341549130390
4341563502225
4341637321328
4341653352765
4341672813914
4341677220272
4341719087254
4341719413252
4341745993747
4341750911405
4341751097241
4341766838331
4341858770994
4341870220051
4341885151985
4341916191294
4341933595526
4341948448398
4342028561918
4342043741856
4342046069296
4342057084010
4342074536381
4342079563119
4342149833649
4342198235256
4342241954052
4342279031185
4342299938791
4342310966985
4342325870569
4342332852538
4342348965155
4342352683828
4342358032005
4342378812053
4342484325845
4342495598651
4342497999698
4342553220308
4342579374703
4342593516174
4342601820580
4342752999288
4342765159806
4342776374847
4342790032537
4342796355262
4342809654485
4342821642120
4342831510513
4342844197739
4342876139091
4342879063191
4342918936051
4342958055293
4342992615513
4343005204761
4343017366062
4343107087136
4343115074573
4343196967900
4343252316420
4343397506595
4343428228779
4343486094754
4343491415454
4343496672146
4343566992086
4343578247302
4343619787188
4343637263062
4343644473702
4343645036911
4343668473854
4343672423686
4343711074959
4343727842269
4343740074387
4343748625643
4343771940772
4343781250505
4343781799458
4343819518392
4343876725256
4343923083948
4343997285121
4344095788457
4344097642881
4344127678946
4344131718605
4344140894735
4344141709951
4344157047686
4344192914461
4344195977116
4344218634250
4344229823330
4344267436186
4344280363351
4344281668578
4344343691095
4344351994349
4344357803231
4344363204638
4344501201836
4344521437603
4344525251790
4344541816065
4344616981572
4344621168753
4344631181340
4344657461149
4344679501722
4344687050319
4344719971635
4344769151462
4344807989909
4344858164974
4344905784460
4344976394391
4344983037185
4344986456214
4345023178716
4345070409115
4345086692777
4345106923152
4345136288616
4345153038013
4345158991581
4345163982474
4345166697088
4345193174742
4345238496239
4345255443492
4345267304859
4345303243312
4345303360677
4345314416444
4345350760144
4345357530872
4345393014196
4345400006448
4345402923091
4345416322626
4345448466612
4345450273647
4345455148755
4345518135041
4345547699065
4345571100860
4345572253604
4345590400697
4345654391103
4345675877301
4345708025611
4345775924318
4345832138806
4345849965587
4345890146180
4345890270831
4345893937851
4345895790276
4346086830721
4346111107370
4346122385260
4346126688982
4346133942465
4346238993196
4346252020390
4346295727274
4346320881701
4346354069530
4346355045371
4346355683994
4346415874513
4346446426363
4346461428794
4346467580278
4346511475821
4346533343368
4346633472771
4346723113964
4346760827817
4346810175165
4346827132015
4346834614183
4346848383090
4346849159900
4346885965019
4346925180783
4346926403334
4346941709626
4346965892401
4346973174324
4347010281773
4347026366154
4347115335909
4347161207860
4347176946286
4347353097930
4347410634138
4347422250710
4347428024987
4347433507040
4347448069375
4347462482259
4347494087927
4347501320421
4347616861062
4347632429675
4347670028187
4347689706946
4347708870948
4347714806434
