4423340717069
4423363294911
4423369777870
4423397935055
4423425186767
4423428790222
4423436734433
4423446961060
4423460342465
4423496782939
4423500824506
4423514779057
4423531062080
4423538114758
4423548899416
4423590472145
4423594289066
4423604279023
4423626014531
4423632800431
4423633085158
4423633596564
4423641546430
4423672821179
4423702830665
4423711741381
4423741889306
4423759134761
4423783333062
4423813733657
4423822375415
4423847715870
4423851962671
4423858618195
4423878718183
4423882261603
4423882959984
4423888862706
4423915201625
4423920862051
4423960642908
4423967057915
4423968300219
4423998320324
4424011536374
4424039274467
4424046290169
4424054741237
4424067559003
4424069080046
4424070767342
4424076532721
4424083782255
4424126568325
4424135184014
4424138980102
4424159292833
4424190233215
4424225814262
4424237537378
4424243783303
4424248519022
4424274675784
4424290352801
4424311052418
4424329409689
4424332845127
4424334903752
4424353116026
4424360819375
4424371418401
4424373457321
4424388237924
4424424268174
4424427159641
4424463422274
4424495497676
4424508681251
4424523149380
4424526109020
4424539671033
4424572910805
4424576670980
4424597719109
4424626765051
4424675045439
4424679544007
4424691927069
4424722000596
4424730938212
4424752701596
4424761184135
4424780041371
4424823428767
4424864512239
4424866453098
4424966341477
4424971673145
4424986245092
4424993875252
4425041313154
4425049533520
4425061705232
4425085090554
4425109224337
4425142461673
4425165373148
4425204089582
4425211131725
4425223455563
4425321057440
4425336766078
4425357303156
4425358684521
4425382663104
4425394402573
4425416829159
4425423338102
4425445080163
4425449907255
4425451042645
4425463292979
4425477360096
4425489564547
4425494619436
4425523128682
4425544837123
4425545585995
4425551551781
4425554313961
4425559655397
4425563180020
4425576864997
4425577178446
4425594064524
4425626928408
4425650130650
4425740234204
4425761933190
4425777472084
4425838134044
4425849532547
4425866165680
4425873978384
4425878360884
4425889504963
4425891786362
4425951875410
4425960061017
4425963106895
4425966154528
4426000826529
4426018289750
4426023985954
4426034800720
4426038400409
4426045220868
4426050749157
4426073509040
4426083104768
4426160968860
4426192402811
4426193194696
4426204675647
4426219917557
4426223399324
4426224849809
4426278947278
4426303548156
4426324388140
4426346542956
4426372355264
4426374150459
4426378982992
4426424360712
4426504376608
4426510261127
4426522656409
4426528723206
4426540066702
4426562952018
4426587337821
4426606352368
4426606427487
4426611556403
4426649305215
4426660729066
4426660976586
4426661124832
4426689759235
4426739769462
4426757766331
4426773226514
4426802291676
4426846027382
4426870408920
4426887406854
4426913543027
4426931873277
4426932626892
4426933893060
4426967183456
4426981659181
4427005098948
4427050020727
4427065530629
4427068185711
4427090169497
4427102769397
4427116722825
4427127476879
4427144304644
4427180112524
4427181479856
4427202147573
4427213696730
4427226705447
4427235090088
4427235200893
4427246859742
4427273195261
4427287181424
4427287888440
4427315536648
4427348820396
4427385503187
4427388044263
4427417087225
4427440464509
4427447473917
4427454462317
4427469140607
4427479004058
4427484527726
4427571995545
4427603733260
4427632492879
4427666169402
4427667064152
4427667491972
4427709548062
4427720561555
4427769457436
4427775823172
4427776404191
4427804858012
4427805330547
4427814525780
4427818864847
4427824829810
4427866411679
4427871081859
4427872416624
4427876488028
4427878745111
4427891553107
4427891777454
4427907191007
4427912085409
4427919785409
4427927516890
4427963866166
4427969936396
4427986546560
4428014362722
4428015095225
4428023052692
4428060234347
4428060936472
4428062216612
4428099281325
4428107289709
4428120554666
4428130807642
4428143688840
4428145653186
4428153225414
4428171686239
4428172051350
4428181055308
4428206567083
4428239691767
4428250244884
4428267864536
4428271797402
4428272008534
4428284294925
4428310313238
4428310792716
4428328388164
4428351735420
4428368501125
4428391717737
4428394936390
4428408003649
4428434994405
4428435457162
4428449241021
4428450477126
4428459896598
4428471335911
4428478070286
4428495544832
4428505320717
4428505373960
4428535453597
4428558352054
4428584244592
4428614442001
4428615406709
4428615802786
4428618236527
4428619710537
4428624227439
4428630384180
4428631291110
4428676754638
4428677977124
4428722025049
4428733970680
4428765560290
4428787277422
4428788757302
4428826124001
4428890625851
4428944341551
4428981414983
4428998018911
4429028051951
4429032702081
4429033389217
4429050446224
4429055630048
4429062001025
4429093178649
4429101481274
4429142931926
4429149844395
4429163651285
4429195154725
4429219891697
4429241290324
4429258227652
4429273014518
4429305923507
4429326391717
4429335705020
4429355153615
4429381394483
4429394185091
4429400288618
4429416464863
4429473354079
4429496811328
4429540554118
4429548290802
4429553452943
4429553746128
4429580811023
4429609937359
4429609982975
4429621465476
4429657883458
4429667323340
4429692353307
4429724251486
4429738515001
4429751562302
4429776854896
4429796395681
4429827084832
4429840410888
4429848970394
4429850965147
4429866088508
4429908256878
4429913176534
4429914964270
4429941435153
4429970361624
4430043712986
4430076819957
4430084274987
4430112078633
4430113095769
4430144622389
4430149970879
4430187641847
4430267288653
4430290711924
4430295089035
4430302497492
4430310167549
4430329480479
4430332639540
