5932055977948
5932069633352
5932114445478
5932118979426
5932122979353
5932145466606
5932200207520
5932262618637
5932286499685
5932320348016
5932405814874
5932412460784
5932436769508
5932438723030
5932457756796
5932526553150
5932605211613
5932620508968
5932693838549
5932703582882
5932705062674
5932717769452
5932722369572
5932807471147
5932825383369
5932827423379
5932844337914
5932913700796
5932970843611
5932971122951
5932971202618
5932983803299
5933052235870
5933113797572
5933126544866
5933134929583
5933167952095
5933223108418
5933224580060
5933227007456
5933249749353
5933261414175
5933268824056
5933277780901
5933302509319
5933306641592
5933366052871
5933414143689
5933421245313
5933440557900
5933488970698
5933522864501
5933525894692
5933533550642
5933543260300
5933547100678
5933577766263
5933664617516
5933672717323
5933674023248
5933674278666
5933703799389
5933705400513
5933782134248
5933795016186
5933795521024
5933819868759
5933836509586
5933845388093
5933848731535
5933854255709
5933868559682
5933910547331
5933919273458
5933920284838
5934009300787
5934042435803
5934088251632
5934090785301
5934154733213
5934158662288
5934177577493
5934194517287
5934197514050
5934206078810
5934241388598
5934257892127
5934275338462
5934286210606
5934298602095
5934381421683
5934386036051
5934440578701
5934449126953
5934530270193
5934537002505
5934541179556
5934643021967
5934667846516
5934719320268
5934759707315
5934808989380
5934846402033
5934853900154
5934868598351
5934915130315
5934919317995
5934982092737
5935101794806
5935108382560
5935164289473
5935245687244
5935252913646
5935293571806
5935319290419
5935371808092
5935378711505
5935429815755
5935430293479
5935458942017
5935470130671
5935515432620
5935548500287
5935551104660
5935555476550
5935562240558
5935567078321
5935568610737
5935588000407
5935599462030
5935606141716
5935656918416
5935718676260
5935782595836
5935843046561
5935868710851
5935915105498
5935934082865
5935964724189
5936086709846
5936106644690
5936115092494
5936123264483
5936185260735
5936202692032
5936205579077
5936261019462
5936276453249
5936279453826
5936291979842
5936295955072
5936296000975
5936298983176
5936299059131
5936314024674
5936337251171
5936390395501
5936404290398
5936464580407
5936492138583
5936507853074
5936529822234
5936553367145
5936577864433
5936612595260
5936617481702
5936635372134
5936639121080
5936654435923
5936663340842
5936686845462
5936694141043
5936714705130
5936717831592
5936721854442
5936761326304
5936787351734
5936798647840
5936821953503
5936843964345
5936877875528
5936935548237
5937022801812
5937035790887
5937048176153
5937122847974
5937156989620
5937161185174
5937167926268
5937169759447
5937240612429
5937242888824
5937254068478
5937287479113
5937309337744
5937351865175
5937370342399
5937441822309
5937490620097
5937516177751
5937517291856
5937542167671
5937598603233
5937602677441
5937643312596
5937654084813
5937710861990
5937718320172
5937798854681
5937804240526
5937865094962
5937881646379
5937906966164
5937938294108
5937952834317
5938046359445
5938102705998
5938206749017
5938226407834
5938333901244
5938367880064
5938380398325
5938387501641
5938406731716
5938423143575
5938440010005
5938445247856
5938486748958
5938486798399
5938514853221
5938570038547
5938623131360
5938685097037
5938697348913
5938728266461
5938734516664
5938747402687
5938753191851
5938783892824
5938824753845
5938839565180
5938846750340
5938866653079
5938881572117
5938925383957
5938937814518
5938939266850
5938956287276
5938967152057
5938981287514
5939005032234
5939019927674
