2931935946084
2931973192455
2932003769925
2932055944740
2932066710758
2932068470502
2932094583981
2932132136163
2932150058666
2932153577640
2932155226836
2932187510096
2932190262900
2932220622342
2932226711813
2932261370960
2932311519089
2932339581682
2932361251685
2932363875762
2932370219745
2932384687220
2932392268320
2932435693566
2932486631575
2932518824667
2932561897512
2932570657882
2932582853131
2932619819371
2932620857125
2932678946974
2932725637756
2932736815488
2932741217367
2932809938950
2932833247633
2932840572233
2932860594521
2932902988148
2932921599213
2932940532106
2933031097413
2933037031288
2933075546235
2933081653917
2933092552110
2933101089729
2933125994438
2933131144996
2933135325246
2933243141397
2933301070812
2933311965873
2933321226541
2933342772304
2933343744331
2933369180960
2933376058035
2933404969284
2933410229694
2933424740105
2933489170613
2933492880971
2933523008174
2933528965145
2933547734413
2933567819049
2933574985312
2933592405374
2933592830488
2933619098534
2933627094507
2933650560338
2933679246704
2933689364980
2933700449491
2933761391954
2933820415218
2933829700281
2933844923620
2933900196100
2933925253969
2933952619711
2933957629788
2933973174622
2933982399942
2933987730600
2933996814802
2934002233990
2934029119839
2934041463800
2934156535714
2934159249042
2934199383894
2934241914289
2934264938036
2934271913387
2934327516771
2934337796775
2934372482869
2934395472718
2934400162395
2934410073059
2934459710580
2934512361113
2934548613544
2934555074955
2934558007642
2934601963957
2934622942148
2934628872703
2934644343899
2934674259469
2934695373935
2934722398258
2934783033046
2934848143612
2934852991758
2934856062862
2934860680181
2934909033381
2934927506370
2934938877948
2934952654740
2934955479646
2934986793649
2934996319104
2935035834527
2935056970323
2935132745218
2935151438092
2935178469800
2935182761078
2935203849068
2935230094951
2935281581635
2935300238794
2935351128108
2935464589350
2935485782773
2935501483972
2935526623091
2935561297856
2935583974078
2935606602725
2935625789806
2935640086188
2935684030781
2935771849976
2935810213115
2935818439813
2935821023548
2935835114982
2935875631465
2935886903010
2935893205599
2935928457750
2935993925811
2936000370720
2936004530045
2936064214719
2936075228827
2936102680743
2936147209370
2936150578881
2936241915995
2936314588552
2936326977144
2936359372380
2936367825428
2936382665049
2936385543285
2936393825782
2936432337330
2936434033391
2936480466833
2936511609338
2936534186154
2936548127750
2936548444254
2936563533027
2936569565250
2936624435444
2936649164395
2936649226705
2936649233073
2936661189677
2936689483647
2936799752518
2936810720958
2936830784181
2936864347735
2936880554209
2936883237278
2936894420999
2936962497050
2937039644234
2937080009771
2937096869908
2937102219691
2937194906378
2937196749880
2937235599104
2937285075140
2937291354432
2937296094180
2937297439082
2937303699094
2937324876146
2937382367661
2937382791888
2937438320957
2937455896596
2937457402123
2937464723253
2937472746522
2937491501640
2937505661179
2937600371962
2937605717449
2937680011634
2937689136907
2937718918775
2937730635792
2937766848738
2937777803687
2937783242324
2937784248769
2937798277436
2937843356717
2937904437058
2937911487652
2937922548763
2937925903678
2937940448142
2937954860454
2937983203244
2937994473772
2937996701075
2938001375258
2938003044700
2938033825593
2938045338392
2938048724990
2938077197557
2938080333169
2938141154069
2938171817616
2938196190384
2938238015521
2938309631061
2938341412223
2938344418289
2938357213166
2938371380120
2938383134255
2938384759513
2938388065073
2938402814535
2938451462251
2938451880451
2938451996484
2938476612934
2938493327284
2938612741506
2938613907259
2938654573306
2938712887540
2938732829945
2938741181003
2938779093534
2938815503073
2938815925085
2938876239714
2938876659822
2938877630624
