4340834111841
4340849620775
4340863359417
4340867785470
4340892764529
4340895357668
4340905686587
4340918131087
4340920665537
4340954844846
4340968986157
4341018562629
4341035798613
4341049864661
4341054452765
4341056414129
4341086068797
4341135594428
4341139366584
4341156941575
4341158645608
4341165283188
4341212678980
4341271541742
4341296569352
4341311358894
4341311597527
4341332864190
4341348101644
4341399705269
4341438758449
4341439499523
4341451457061
4341482111029
4341483828739
4341511772139
4341512833376
4341518858620
4341524321853
4341530469574
4341550719646
4341564289071
4341575675372
4341598742435
4341610767823
4341619817769
4341640736180
4341674026527
4341683899349
4341708062608
4341712770589
4341727182625
4341744489987
4341751712003
4341785043618
4341823927689
4341830439827
4341859285531
4341862646470
4341867376353
4341879929366
4341897758269
4341909501749
4341941689769
4341948151529
4341955167054
4341963395106
4341964172438
4341965041444
4342030947048
4342052206402
4342085716945
4342116691793
4342153393760
4342226886638
4342235560127
4342247796851
4342277906605
4342290568426
4342291135048
4342313476559
4342339569876
4342390177662
4342456961168
4342466983351
4342488442739
4342491791687
4342493290602
4342501354677
4342526305598
4342566727175
4342584398802
4342586912381
4342626130719
4342644146068
4342691171035
4342691229972
4342691340606
4342730251209
4342752564708
4342833952783
4342842744550
4342854233667
4342882467433
4342893767847
4342936842973
4342992169920
4342992793171
4343005464404
4343013800410
4343018829092
4343059616104
4343068270976
4343073570062
4343101530053
4343151914670
4343164295182
4343175308443
4343181591435
4343189838006
4343210115575
4343216423892
4343219231957
4343315244914
4343315693521
4343412937383
4343413991572
4343418156502
4343458195068
4343483912944
4343592063424
4343610100743
4343615012703
4343619372566
4343628688034
4343639939172
4343644707058
4343725311126
4343741317245
4343742450419
4343763971967
4343774779954
4343814528291
4343814818778
4343819710277
4343851623947
4343859871899
4343869881272
4343874513776
4343902722975
4343903917104
4343915498481
4343922152437
4343986173202
4343992894309
4344001559993
4344005463108
4344009458989
4344042874193
4344069809307
4344071085465
4344080158017
4344082498503
4344120355573
4344137049570
4344154376580
4344160818845
4344216118757
4344250229255
4344267694600
4344346676620
4344353982102
4344354756426
4344356182539
4344386265925
4344412333173
4344481199876
4344483155239
4344502729500
4344514414369
4344516844157
4344544923872
4344595399343
4344626577633
4344630617188
4344631543947
4344646728566
4344661484641
4344664823908
4344667414416
4344669101564
4344689898753
4344694968865
4344712679478
4344765462310
4344777270776
4344808483059
4344832491901
4344843927775
4344859386168
4344868942854
4344894284750
4344908086306
4344916787053
4344923112283
4344928795691
4344931900654
4344936469677
4345016702705
4345020731475
4345030381864
4345068747598
4345120102432
4345137336303
4345144215682
4345152235046
4345167332412
4345198704106
4345223547914
4345225583835
4345245997716
4345252052162
4345259964333
4345276223221
4345296994912
4345330866468
4345345578166
4345370723463
4345399471071
4345412499936
4345417566288
4345421240985
4345446023207
4345468801724
4345490959661
4345507256176
4345513229706
4345521657722
4345539862256
4345570334539
4345591800508
4345606061833
4345644478054
4345667551736
4345669340618
4345702117361
4345735565177
4345738729400
4345760248821
4345795316077
4345795950979
4345821288864
4345846317469
4345872648631
4345895443217
4345899481373
4345942269597
4345948405379
4345948892490
4345951991768
4345952940825
4345960105880
4345974983394
4345992123196
4345993845646
4346001293626
4346003777573
4346089045093
4346090545087
4346101216544
4346107285434
4346116613167
4346122024866
4346127896707
4346139451847
4346174036246
4346177197995
4346204972923
4346261683566
4346261733443
4346273421558
4346298061536
4346302421291
4346332263288
4346360047100
4346373858839
4346398013305
4346414540027
4346452203831
4346463288545
4346466923810
4346474936015
4346499792868
4346534817950
4346597421786
4346606872689
4346617720714
4346630717918
4346662630155
4346664580833
4346680981493
4346704593640
4346709265608
4346716035911
4346725643265
4346751454748
4346762823132
4346764406158
4346778661685
4346785803209
4346807855014
4346834593916
4346845954916
4346863404620
4346874584973
4346891967052
4346901784166
4346916073181
4347141285915
4347161296978
4347183692911
4347199354173
4347211211228
4347220681950
4347240698285
4347247091017
4347263356887
4347303483927
4347314908398
4347348142599
4347354304607
4347369443127
4347394441451
4347409559044
4347440075013
4347463946962
4347465689778
4347468206539
4347499346478
4347516647446
4347541576579
4347582718462
4347592743623
4347596186447
4347664019725
4347671862317
4347701567025
4347723713473
4347785389437
4347799995127
4347828026379
