5673338594530
5673339322120
5673412682594
5673417453711
5673445360949
5673456464585
5673475489068
5673503086491
5673514293044
5673518156726
5673566354248
5673566639601
5673571832657
5673591742837
5673595528573
5673653409657
5673660989977
5673697975891
5673699890547
5673714133657
5673716387345
5673737326161
5673738308885
5673780871789
5673799622324
5673803364422
5673833057209
5673834057372
5673847935921
5673853418534
5673886318100
5673893151216
5673912293803
5673927126567
5673960433259
5673962092506
5673969772540
5673975175942
5673979714699
5673985422437
5674005807445
5674009276726
5674009744625
5674023391833
5674095835497
5674159541968
5674164789884
5674182593963
5674211968010
5674230557402
5674251882609
5674278295720
5674278518575
5674303181054
5674324419942
5674336373438
5674337718331
5674342075345
5674359906499
5674375315101
5674392134862
5674420383169
5674433364742
5674435577340
5674443650371
5674446393139
5674498494942
5674542524328
5674549840571
5674553377854
5674579739774
5674582912001
5674623815751
5674656925169
5674682388660
5674683326232
5674689422318
5674705419635
5674731385329
5674742226620
5674746527161
5674762949598
5674782363094
5674786627575
5674787840845
5674798904010
5674800653546
5674810378875
5674819583944
5674824915041
5674825365062
5674868506460
5674880095891
5674917816573
5674937846833
5674941742040
5674995217554
5675009298878
5675028737581
5675050024852
5675085400864
5675098127366
5675110169203
5675129985361
5675159840604
5675168589103
5675179272129
5675224242241
5675228120924
5675230963239
5675268989875
5675321278743
5675323564120
5675397537441
5675412955884
5675414892305
5675437451061
5675442109082
5675451673791
5675459909212
5675462624587
5675501230362
5675523220204
5675541004026
5675545555013
5675569246054
5675586140071
5675597024966
5675644073027
5675648856206
5675676678915
5675688251228
5675696338498
5675698169435
5675724711189
5675743967266
5675804389639
5675823288410
5675850567578
5675880295029
5675881853044
5675897442931
5675915881331
5675932569669
5675951473118
5675982267067
5675996024056
5676026789656
5676034220014
5676056532847
5676080869829
5676082798972
5676102956660
5676104986580
5676132275201
5676133092573
5676133594559
5676140145808
5676193976745
5676200727700
5676227645838
5676232040949
5676234957794
5676292368394
5676300686483
5676344758004
5676357830884
5676378241937
5676383017906
5676385333103
5676389049154
5676422165029
5676424141241
5676427120126
5676439655485
5676492744895
5676494880827
5676542914734
5676556116464
5676561890187
5676564166213
5676570353476
5676572602180
5676580540828
5676580793413
5676594883242
5676595395817
5676598444133
5676602932916
5676612351354
5676619576140
5676644241748
5676697494160
5676732021129
5676742785927
5676742836535
5676751101784
5676797340936
5676838867384
5676851995060
5676912167585
5676984140378
5676991359100
5677018394579
5677047968820
5677106415725
5677107888117
5677124936188
5677134444122
5677247224478
5677268748198
5677321645828
5677359151026
5677360216491
5677373873384
5677382478443
5677385810282
5677427796825
5677445550819
5677467509947
5677472231442
5677475223320
5677478597938
5677478729550
5677486535274
5677501344326
5677539219867
5677554600910
5677567993247
5677596016592
5677611756154
5677636377063
5677639341049
5677667632867
5677686618673
5677707827377
5677708045302
5677725539460
5677755271218
5677791399067
5677799732547
5677810659371
5677821519738
5677826116948
5677839144274
5677840413473
5677867238415
5677877228672
5677892475719
5677905211715
5677913440359
5677918725854
5677919302211
5677921170040
5677982456012
5677987387052
5677989182974
5677995503895
5678002061326
5678002309565
5678008542848
5678030329247
5678031319024
5678036224983
5678054875008
5678058481026
5678135598449
5678136291567
5678140185235
5678164388568
5678165654631
5678166091587
5678174235639
5678179355156
5678192689349
