5673323014960
5673412006184
5673443585036
5673456816222
5673466190542
5673475815321
5673505459473
5673525298667
5673534266391
5673550101487
5673565004911
5673585622772
5673586492899
5673600759010
5673638580737
5673639563638
5673672928791
5673687112684
5673695221931
5673720701293
5673778005929
5673794419765
5673842325827
5673889042072
5673889953433
5673890691831
5673921275460
5673949980917
5674039125117
5674049347974
5674049631276
5674102377496
5674116304870
5674119954815
5674174633635
5674184408415
5674204500521
5674232147064
5674293482579
5674412150583
5674429090329
5674450077422
5674478541816
5674488169876
5674516924746
5674524896199
5674530351034
5674561937229
5674564286389
5674599325318
5674615844486
5674618636404
5674640629141
5674672984744
5674736580578
5674758370511
5674774356699
5674776030343
5674776859663
5674777192815
5674794817089
5674802360683
5674826580156
5674832239821
5674848903814
5674921902774
5674937521673
5674948998398
5674957698841
5674968167047
5674994746745
5675075734601
5675113618171
5675139252388
5675249888591
5675372256759
5675402488512
5675408210385
5675414145838
5675418060385
5675434571213
5675435862644
5675470149764
5675494204123
5675507856357
5675545141372
5675590560077
5675596079748
5675613754404
5675634833432
5675639512279
5675660828045
5675694353937
5675706901907
5675717924901
5675749729764
5675770139597
5675864182188
5675892181816
5675909108993
5675954152855
5675960568680
5675984021158
5676010338663
5676032019310
5676038750728
5676048883050
5676068809518
5676080461017
5676120260433
5676120709740
5676132056827
5676180105440
5676186311105
5676193917976
5676206120688
5676246079386
5676256593044
5676278435232
5676305335337
5676316380638
5676316647010
5676338533720
5676361466144
5676378426959
5676390415201
5676397851658
5676411613234
5676423557835
5676427768410
5676466635600
5676481270993
5676503377446
5676555236972
5676555684183
5676565260109
5676603490439
5676613054839
5676628283055
5676632344668
5676632390703
5676666803901
5676786581759
5676798979767
5676837158804
5676847483924
5676872303342
5676926207391
5676974375697
5677021621660
5677069914612
5677071981693
5677083762140
5677101786444
5677112024527
5677123709293
5677195498549
5677213394037
5677229556393
5677238952999
5677269318183
5677278198758
5677287959284
5677329981436
5677366704136
5677391184839
5677408893409
5677416396343
5677440412734
5677461393825
5677514253149
5677556846461
5677568293066
5677581977644
5677587835415
5677601892345
5677605091855
5677631553888
5677647108760
5677672086410
5677702585692
5677716537792
5677717712904
5677780270694
5677833015636
5677835680401
5677854382220
5677861781357
5677871721011
5677912714088
5677922434574
5677969805070
5677996987509
5678006253758
5678023965278
5678025345141
5678057299613
5678142727212
5678143407982
5678155081752
5678157420936
5678204413990
5678216812044
