3533916054661
3533936603766
3533942913941
3533955265288
3533973347247
3533976728867
3534013583710
3534029435714
3534030329537
3534050312467
3534070379505
3534077011782
3534090667942
3534109796244
3534128673882
3534133972929
3534154877929
3534167766204
3534201385177
3534208884983
3534237873740
3534239147615
3534244913906
3534252495475
3534268821160
3534273901625
3534297847221
3534371329901
3534406213420
3534409499655
3534416569743
3534431620322
3534452740279
3534464824537
3534476072222
3534503466915
3534507508118
3534509580727
3534533780222
3534559975942
3534573969919
3534592949838
3534610637439
3534613055263
3534637339861
3534647750431
3534673538795
3534688195824
3534710112053
3534713354481
3534751185265
3534788151158
3534811762480
3534820271297
3534827542946
3534832199044
3534861771729
3534883277466
3534902435310
3534938460817
3534961636486
3534999310309
3535007516660
3535007691706
3535054849940
3535063200379
3535065013895
3535093317981
3535131574524
3535133584208
3535140240883
3535151083240
3535151553975
3535152766596
3535187988872
3535291432650
3535367600987
3535398853005
3535419286115
3535426350883
3535434900767
3535455204757
3535456718122
3535479849953
3535514996535
3535530498235
3535546252854
3535559295485
3535562750043
3535605363826
3535628844740
3535635322477
3535680022615
3535702913778
3535712929600
3535760110620
3535800161612
3535826272995
3535853230088
3535861628313
3535867563531
3535874001921
3535889339121
3535894269932
3535918528354
3535922402554
3535969230309
3535972944218
3535974812179
3536001485309
3536004799987
3536011040681
3536019348244
3536052459954
3536058547887
3536065807083
3536088506999
3536089218006
3536146660959
3536160456577
3536167036411
3536172591017
3536183567664
3536205734297
3536230076749
3536241682159
3536246560614
3536246616787
3536249812364
3536274888467
3536326302363
3536360860818
3536411298426
3536425395383
3536443066267
3536445980541
3536453339009
3536453492659
3536455757158
3536472840176
3536492131411
3536569447848
3536626135564
3536649641744
3536652483339
3536657052438
3536706179716
3536720149899
3536725066517
3536728919638
3536752079758
3536799879674
3536807081034
3536810037103
3536835225094
3536855849373
3536881764068
3536898973163
3536908625968
3536926318062
3536930667298
3536951020788
3536955490896
3536962681645
3536981738099
3537001518901
3537011444143
3537011796515
3537026500761
3537028227689
3537050960409
3537095171688
3537106717911
3537107504622
3537192892851
3537218983365
3537231070502
3537242010025
3537299606527
3537333507322
3537355401933
3537366859390
3537393877834
3537405965415
3537426284434
3537468360488
3537510738577
3537539528518
3537553701997
3537559316030
3537567827293
3537580376257
3537591463131
3537596322473
3537596949965
3537629137020
3537643706923
3537674142035
3537705011076
3537721767495
3537742469525
3537749080395
3537754649010
3537786996372
3537788296707
3537789420160
3537791460695
3537794298525
3537846906423
3537858393453
3537864074240
3537867182735
3537871563708
3537936866401
3537957072815
3538008015584
3538015251566
3538015715979
3538055038607
3538082074223
3538088262069
3538108686930
3538126643004
3538130667477
3538167508697
3538192818655
3538203983409
3538214306259
3538216042292
3538222834689
3538257743320
3538275777071
3538282312498
3538283432148
3538305576885
3538317774763
3538342783196
3538365094447
3538366029481
3538407725167
3538424265252
3538448048374
3538464442041
3538464559300
3538466203934
3538466848429
3538474927318
3538482009019
3538497645657
3538537470687
3538553528371
3538600879714
3538614874929
3538619793903
3538635940212
3538649815612
3538655748832
3538666701233
3538672982762
3538695652794
3538716968659
3538720616849
3538776606963
3538780669351
3538780986121
3538783493803
3538784298999
3538785831661
3538790206521
3538801619371
3538849078875
3538850546142
3538856767949
3538872497137
3538889575142
3538938899221
3538950310365
3538965619551
3538973771768
3538987097599
3539011851143
3539026769527
3539040805727
3539046530964
3539052143502
3539052534625
3539055731411
3539061170374
3539100921460
3539110359346
3539116693568
3539129479181
3539212223474
3539233888965
3539251720359
3539321568302
3539334872034
3539352191885
3539374703508
3539450330039
3539496800039
3539523996670
3539530761796
3539531621946
3539536141968
3539548487189
3539555161418
3539567403066
3539580912182
3539596599561
3539615095464
3539644214901
3539644401804
3539664142548
3539696626263
3539708111018
3539790115332
3539821204534
3539822449560
3539825806084
3539864621512
3539864695466
3539884610387
3539892650416
3539911709478
3539920172572
3539928301981
3539946215226
3539973910702
3539986563198
3539996375670
3540006383310
3540008638065
3540013283017
3540013856215
3540051831796
3540054403353
3540079053916
3540101083105
3540102739310
3540107817162
3540110127998
3540112617963
3540141665872
3540151190294
3540167540525
3540204773528
3540211348838
3540225935111
3540247746450
3540253502823
3540262465575
3540271037372
3540293635422
3540302814408
3540303189274
3540342589589
3540357087927
3540362853626
3540374984615
3540380965955
3540420108225
3540458045226
3540465473782
3540469911316
3540471053098
3540493403403
3540533389229
3540611058449
3540611431776
3540619165013
3540627453327
3540652808150
3540671346746
3540686780707
3540689237454
3540695235128
3540712864798
3540718437962
3540723293970
3540728052060
3540734541626
3540769223499
3540798096009
3540845042969
3540853247653
3540866000140
3540893945507
