2931873302932
2931889550257
2931906489105
2931937078462
2931951867058
2931954208785
2931965536942
2932022422835
2932049394546
2932069137714
2932126085374
2932132922223
2932152775039
2932192861331
2932222024182
2932255942876
2932261317770
2932303429788
2932331584302
2932346102030
2932384608816
2932397307036
2932405337678
2932449689030
2932460141455
2932461236847
2932476125587
2932480811583
2932523465438
2932542650164
2932548936373
2932556996542
2932559812565
2932567899028
2932585178889
2932609657356
2932652317888
2932654684463
2932663916919
2932710398674
2932747707321
2932762680865
2932808412304
2932813969703
2932820171441
2932843464875
2932885335565
2932910669944
2932923180685
2932947393694
2932953578920
2932959426244
2932968474248
2933016939169
2933024825572
2933037038129
2933063341980
2933078343100
2933088177668
2933110434937
2933121833344
2933170015766
2933186112224
2933211167071
2933228024044
2933257737118
2933267808726
2933314818256
2933337340382
2933360685920
2933372086994
2933375977200
2933399958445
2933427414218
2933432868312
2933455171590
2933456040166
2933464986962
2933468746797
2933514502937
2933517312732
2933523986137
2933546158455
2933580186797
2933603589916
2933617664821
2933618186582
2933621489896
2933623602330
2933637532247
2933645090795
2933654821610
2933657337842
2933659152799
2933666693659
2933682336134
2933697426709
2933703725889
2933709611899
2933726766973
2933742753389
2933752724012
2933769075202
2933782798353
2933796811192
2933834469682
2933841965868
2933843790424
2933846320656
2933858872186
2933875838804
2933887301990
2933901390169
2933928424863
2933935628185
2933950094672
2933955998609
2933980332545
2933986095238
2933997326871
2934026234347
2934073362373
2934082663701
2934092945256
2934095479906
2934121172840
2934137646157
2934168196866
2934196940011
2934209466497
2934217621187
2934217857101
2934222481195
2934251449273
2934251494515
2934257932598
2934269089528
2934275131578
2934302017401
2934310874307
2934317674712
2934330770540
2934336303728
2934338498646
2934340803773
2934344784561
2934369238315
2934370529739
2934382060714
2934398705080
2934398830007
2934410519947
2934415960879
2934439289688
2934458707402
2934506973167
2934538111962
2934541300331
2934592640067
2934601987959
2934625456965
2934625527484
2934673143124
2934707022531
2934736767896
2934758020648
2934758074321
2934768882799
2934826816276
2934827614995
2934869871772
2934884505456
2934923714050
2934928200365
2934982343296
2934986811287
2935019582005
2935027032525
2935038433245
2935058194773
2935073351522
2935074878272
2935083719507
2935098233261
2935105620559
2935121829425
2935169955622
2935170290526
2935199025940
2935210789856
2935213123979
2935254779382
2935280553658
2935298240431
2935327854657
2935333980232
2935363614322
2935387910770
2935402587293
2935408528221
2935421761663
2935464694324
2935470685383
2935479817903
2935487241161
2935500231848
2935530778470
2935532695340
2935562418989
2935573729830
2935586036574
2935589403987
2935639022056
2935646665609
2935660344176
2935672379353
2935687595313
2935726022145
2935758165746
2935786756833
2935799588159
2935833676203
2935862552490
2935873437077
2935885802133
2935901836623
2935972778420
2935995130488
2936016400954
2936040417158
2936044184576
2936120506417
2936120896395
2936142954151
2936150409867
2936167385420
2936186390846
2936221456330
2936253083717
2936261720870
2936272790353
2936319763757
2936322378420
2936329690084
2936366125292
2936367684535
2936382774168
2936402835289
2936425549785
2936437990609
2936480760824
2936491536863
2936491957496
2936524415345
2936540690290
2936573716497
2936649135930
2936677255373
2936681692626
2936686915033
2936689391676
2936700132890
2936707584141
2936740922841
2936746397795
2936757021887
2936757171904
2936789582684
2936791293071
2936798878536
2936806197384
2936818745413
2936851555286
2936877098364
2936884333826
2936892648960
2936910085895
2936919658719
2936925595861
2936938164016
2936945926126
2936946137703
2936947911407
2936965222587
2936975999331
2936991717151
2937011123370
2937038118255
2937067256046
2937067589656
2937091287402
2937093394350
2937095391736
2937102747490
2937166939198
2937178840454
2937197642154
2937206025144
2937247794123
2937295977518
2937307418017
2937317049361
2937340608588
2937344252606
2937348660300
2937350754218
2937370342501
2937393030326
2937454404353
2937474784860
2937476207525
2937497808434
2937564485170
2937591199313
2937618259044
2937634015386
2937648425663
2937652797690
2937704971566
2937719662766
2937732222751
2937750132790
2937758886807
2937828622526
2937829565427
2937835806416
2937874278407
2937915790175
2937945866040
2937953946717
2937974756107
2937977374364
2937996757704
2938005122771
2938028853757
2938065727856
2938069525992
2938074132000
2938079491222
2938086993073
2938106599114
2938117689485
2938117885546
2938130631860
2938142508676
2938169286498
2938171647158
2938181511256
2938188115341
2938222519485
2938256643906
2938267529267
2938309219989
2938322025527
2938325547399
2938360946251
2938384655810
2938412797486
2938442596988
2938452770910
2938456064400
2938470704587
2938510675714
2938520205591
2938520743234
2938570685040
2938581653868
2938590193032
2938600732993
2938613790560
2938628683179
2938643179626
2938672615878
2938676476387
2938676976229
2938693027077
2938697268720
2938701572837
2938705989228
2938769769809
2938783508085
2938860332347
2938869216320
