4260727805022
4260743207726
4260783925397
4260797125313
4260863481837
4260892847242
4260908409167
4260912899530
4260923106262
4260923450065
4260939406323
4260946411281
4260965714745
4260980249529
4261007762748
4261011888062
4261028332086
4261041450631
4261042949365
4261097788021
4261106931315
4261125336926
4261156476598
4261167352648
4261190630653
4261194389463
4261203794643
4261207886947
4261242653605
4261258825291
4261282157815
4261287508536
4261288739236
4261296567455
4261305973575
4261321917324
4261330337837
4261366871322
4261374796048
4261383597393
4261395497370
4261466790758
4261471887662
4261472081094
4261498418694
4261501545627
4261522492034
4261523114866
4261610941568
4261701929870
4261715588354
4261744152016
4261744990511
4261774009796
4261775976847
4261783318934
4261845841025
4261871315939
4261899803287
4261899932396
4261910847090
4261924801587
4261948170654
4261957278489
4261965087047
4261968497629
4262007188534
4262076434760
4262085735980
4262109171276
4262131172997
4262163994986
4262171702103
4262203440264
4262207423243
4262224593822
4262231354033
4262265544397
4262272660119
4262290010977
4262291579657
4262315399031
4262350180935
4262369751150
4262407837250
4262453611432
4262472457602
4262503973579
4262505872511
4262515746088
4262528304644
4262529790255
4262540768854
4262578645506
4262582839129
4262587211830
4262602762827
4262672876794
4262680691331
4262682981136
4262704278778
4262706003036
4262729823956
4262736795629
4262746757879
4262762382323
4262763551417
4262766880638
4262813343683
4262838007578
4262894505110
4262895777678
4262936566726
4262942664118
4262964224428
4262973648110
4262977826197
4263006061783
4263015870661
4263031492755
4263045009144
4263048497526
4263055286837
4263059513657
4263081356317
4263082226119
4263090739268
4263141732358
4263162038149
4263185842107
4263189677575
4263246863657
4263280349690
4263292715275
4263345436091
4263412367886
4263465396326
4263482640327
4263489312607
4263504093240
4263561147433
4263586342843
4263594783722
4263595162557
4263612513087
4263641561088
4263670187621
4263695876137
4263701979652
4263709236810
4263729936468
4263741502359
4263759453635
4263765407392
4263781624102
4263820206468
4263847011004
4263865182546
4263878575516
4263884592766
4263895672632
4263898776330
4263908966006
4263932453016
4263942765152
4263951137371
4263991887607
4263993610946
4264079229142
4264094068684
4264142856826
4264151224770
4264156677134
4264162668723
4264175760760
4264182677536
4264219936837
4264227774891
4264252027163
4264267778833
4264317230636
4264351001654
4264354335887
4264357271907
4264378782006
4264388393724
4264438563266
4264452786146
4264459774981
4264477568228
4264505451306
4264525173412
4264534806802
4264586153683
4264596163548
4264600472402
4264622243301
4264646787408
4264648206096
4264651207189
4264670274226
4264712280583
4264714821206
4264716543542
4264733184112
4264750426332
4264771894810
4264778741410
4264782412241
4264789380410
4264812954254
4264833934022
4264857005181
4264882748427
4264883367528
4264886567008
4264954444062
4264970243934
4264972953243
4265089169035
4265135642224
4265143081020
4265154196658
4265199383061
4265201465993
4265219094541
4265249957288
4265272962567
4265274957257
4265322966835
4265328384880
4265385031739
4265392852726
4265400901126
4265440338666
4265443099122
4265450870387
4265463055612
4265480436711
4265508176300
4265510635248
4265512636444
4265514515333
4265525988118
4265557040553
4265566699303
4265570096237
4265583400879
4265585074799
4265585704746
4265631747506
4265689719288
4265692921835
4265721604780
4265722186416
4265745381045
4265778964024
4265811305549
4265814163784
4265841154566
4265870411467
4265871589013
4265883019230
4265883585219
4265942463586
4265946102449
4265972909510
4265982911155
4265990855346
4266014545822
4266017673975
4266025448342
4266040793127
4266100131159
4266101038303
4266116085978
4266160371391
4266165724964
4266169137899
4266178887029
4266187083605
4266212836516
4266236220324
4266303438829
4266316644119
4266341056979
4266349140720
4266422327720
4266444249729
4266462878451
4266466884690
4266467217540
4266480721539
4266497756354
4266504165732
4266532610015
4266557051458
4266560513426
4266567134196
4266574780650
4266576658646
4266585877910
4266590321030
4266594843449
4266599857480
4266606426730
4266620982730
4266654205113
4266654420293
4266654686520
4266659578326
4266693577315
4266705814532
4266727663278
4266743957694
4266748632534
4266770532996
4266771003361
4266772317452
4266792244643
4266798649087
4266802554126
4266809488279
4266820355678
4266836271222
4266899345142
4266916216055
4266918436298
4266922336956
4266928258267
4266930188126
4266930747421
4266961148488
4266963268550
4266978574740
4266997921874
4267044420228
4267080753529
4267132220152
4267141385067
4267176492887
4267178765593
4267184359364
4267188662283
4267210632653
4267212218592
4267223831877
4267284440820
4267301158215
4267318855708
4267351357545
4267353852551
4267369550968
4267399086477
4267404029214
4267418715346
4267429272049
4267436133611
4267449442195
4267470541812
4267470980482
4267479049550
4267507341364
4267510122070
4267511228246
4267526015420
4267532607531
4267534970560
4267539309476
4267570677444
4267640787130
4267670279118
4267688135177
4267701202788
4267711411605
4267717645941
