5423514747419
5423528433142
5423551664696
5423612639810
5423688039571
5423704923056
5423742630615
5423762837762
5423765842482
5423849943664
5423850141955
5423907797865
5423945311944
5423953735874
5423977057705
5423982219841
5424021104297
5424024221034
5424035408520
5424035978363
5424060856559
5424076725610
5424130374529
5424149126640
5424154964831
5424157908709
5424263885574
5424264248844
5424280316828
5424295964946
5424319387443
5424331826781
5424335632904
5424343595460
5424349384766
5424368471536
5424375420163
5424404087194
5424437009877
5424448973650
5424450538537
5424461487586
5424473121934
5424499843115
5424500979827
5424566863674
5424566991217
5424584325749
5424644675943
5424675877515
5424684939641
5424697425031
5424721004684
5424751298329
5424766503784
5424798775768
5424809071694
5424814896960
5424817875190
5424833641135
5424843439024
5424866187966
5424867468988
5424888195398
5424913607376
5424921050458
5424925087270
5424936598758
5424980677160
5424986832288
5425001156051
5425034322521
5425091784065
5425130248675
5425157034185
5425217268592
5425217561332
5425238151500
5425257047462
5425271199100
5425273307261
5425276765312
5425378973546
5425475980924
5425565187981
5425586868015
5425602570362
5425602847713
5425643392546
5425646504023
5425668345141
5425684625680
5425718065416
5425738262958
5425740641104
5425826506381
5425851689553
5425855736970
5425868601274
5425940236133
5425986003488
5426019469149
5426087418762
5426109140049
5426126967871
5426139053375
5426145265664
5426158439877
5426170216577
5426173185215
5426197293328
5426214259967
5426268658389
5426285848465
5426311849426
5426381854544
5426394078760
5426397994707
5426418133652
5426433824455
5426446467120
5426454710667
5426478813292
5426486538472
5426520405141
5426534573754
5426536696107
5426543861000
5426552380597
5426569705810
5426599087717
5426605584796
5426619009102
5426622712836
5426672432665
5426730344565
5426756879508
5426789561542
5426851272796
5426875257791
5426933500259
5426976517830
5427029195849
5427045916643
5427121590697
5427122658791
5427144007576
5427204140027
5427220486672
5427314194349
5427317896431
5427348486423
5427374782964
5427382639857
5427404804817
5427445568205
5427448851435
5427516831226
5427519602636
5427552325029
5427570972183
5427603461458
5427677674154
5427769214429
5427799495645
5427826169446
5427870223043
5427876360406
5427877698727
5427906891936
5427939220646
5427967116055
5428011187102
5428041475782
5428043803313
5428045903281
5428047871593
5428130671144
5428130794476
5428133281018
5428133417021
5428143729225
5428155835826
5428169603176
5428178810613
5428183653541
5428220549427
5428233598142
5428266669728
5428273147353
5428273546409
5428360072918
5428366925200
5428512815637
5428537143641
5428539785603
5428560843466
5428598343617
5428604589954
5428649871822
5428681361392
5428684388478
5428716406932
5428724952372
5428759784227
5428784023203
5428841907144
5428848945918
5428849023065
5428986174032
5428992048791
5429020216134
5429046902781
5429072919158
5429116615595
5429118027841
5429129542042
5429217315062
5429220979711
5429227713292
5429251315378
5429256235978
5429285704387
5429301969964
5429341023448
5429341466010
5429352487277
5429404815286
5429422423739
5429430905977
5429512276155
5429524236640
5429551451630
5429556695443
5429687448674
5429743282144
5429766553288
5429801898914
5429808656465
5429873458245
5429888799988
5429889901081
5429919584604
5429951407963
5429957780054
5429986186811
5430004668253
5430050410171
5430050480189
5430111113088
5430168204412
5430180476212
5430233314043
5430274014444
5430337593265
5430355036472
5430355447605
5430383354575
5430391615485
5430412709350
5430455766115
5430471733969
5430486113578
