3340739303320
3340764098487
3340770506962
3340790622079
3340806998656
3340810111902
3340825727532
3340859054246
3340873269357
3340906611482
3340931616901
3340936557508
3340948854354
3340950303006
3340957937004
3340971082609
3340976579336
3340992485897
3341037036924
3341045697065
3341098096025
3341120172299
3341135954121
3341143628789
3341158577609
3341191087040
3341205549848
3341227530565
3341233163906
3341271978688
3341272058718
3341296985771
3341309785128
3341316626550
3341332193969
3341343440541
3341352672703
3341355695804
3341364530742
3341392973585
3341394685291
3341399693406
3341403816720
3341416072616
3341439150510
3341444299274
3341495887385
3341497965370
3341533121521
3341549023887
3341571243482
3341583279593
3341609133648
3341614580839
3341629642471
3341632805630
3341637392801
3341648510905
3341657923902
3341660486627
3341681678098
3341687585930
3341692647322
3341719523876
3341724021203
3341725967742
3341777911208
3341820071775
3341857645565
3341861165368
3341863281764
3341885111962
3341891837022
3341897984966
3341899699557
3341912923501
3341920130076
3341936241495
3341939026836
3342029251650
3342074587448
3342092177349
3342093531646
3342099453227
3342143442695
3342146123371
3342153337778
3342177785095
3342195816251
3342206366039
3342211558995
3342212193531
3342288112926
3342304585399
3342319893778
3342346517683
3342382835849
3342392549730
3342421092357
3342448074159
3342460326895
3342462354893
3342501214282
3342521994406
3342562541355
3342592354484
3342592993612
3342595855648
3342599846702
3342626196335
3342636616781
3342642796275
3342642845631
3342643330314
3342645635084
3342669255733
3342690768919
3342727588207
3342731191553
3342843981982
3342845636465
3342852430968
3342854886549
3342854968309
3342860907465
3342911103802
3342920311470
3342927495246
3342947535555
3342951119716
3342988301700
3343045997038
3343055362810
3343070269314
3343084412102
3343137215278
3343154706233
3343156061560
3343171240345
3343182874411
3343193479187
3343202383419
3343203476531
3343207395663
3343256262160
3343317949368
3343359472499
3343382380107
3343403453140
3343405810981
3343409424707
3343497150179
3343498324215
3343503230901
3343512198199
3343514573532
3343543797205
3343545333192
3343554036467
3343570974084
3343577193239
3343640574774
3343658086833
3343694979484
3343735589838
3343735935186
3343740923081
3343784508787
3343794220967
3343832610366
3343835304437
3343839746201
3343877419682
3343878593914
3343923382586
3344007139099
3344050422199
3344108844139
3344111253033
3344119752040
3344128149756
3344130574295
3344143451313
3344145535372
3344150726628
3344157997117
3344165159977
3344168686655
3344179512447
3344202402170
3344233643600
3344250496903
3344292697509
3344339535667
3344349155264
3344378755065
3344415891398
3344448097905
3344491367145
3344505770537
3344511370470
3344566496113
3344574320889
3344576392128
3344597802738
3344637157305
3344638322595
3344689541001
3344701433564
3344711195410
3344753939116
3344771331579
3344778176705
3344780775355
3344812662095
3344816222853
3344816910999
3344854452904
3344862349261
3344865154338
3344869408306
3344876800269
3344891629470
3344900911210
3344916915528
3344929642153
3344931545436
3344936300453
3344964189201
3344973944805
3344988864390
3344990386795
3344999398294
3345000128529
3345027907585
3345039051569
3345089483635
3345089935880
3345105042938
3345132703952
3345136043760
3345147996371
3345158542769
3345166449358
3345169502010
3345190993312
3345251156680
3345259186143
3345266539142
3345297631787
3345310858787
3345317283122
3345339542257
3345340703694
3345362019710
3345400744626
3345413996437
3345444460797
3345471198961
3345482950289
3345488674152
3345492588727
3345493576367
3345494746457
3345510802993
3345523380366
3345528915454
3345537288117
3345557970772
3345573331770
3345592727226
3345595924743
3345642115723
3345657355428
3345676423003
3345686595724
3345692676753
3345709863096
3345710454797
3345725545085
3345728311960
3345753160300
3345755764786
3345783862162
3345788192462
3345792170032
3345808942722
3345843835464
3345846529184
3345849149251
3345892165213
3345944727881
3345947649108
3346006668784
3346019976258
3346060312923
3346106552466
3346112518638
3346119741459
3346145699543
3346157438935
3346176722665
3346211614240
3346222856948
3346224834147
3346253705610
3346311147193
3346339958748
3346400705495
3346411305178
3346432260144
3346438345688
3346439587687
3346463708037
3346469532674
3346471917870
3346513816305
3346519505770
3346522202033
3346538680847
3346551419512
3346557067172
3346600494937
3346607365371
3346629027952
3346639041657
3346658606708
3346662214346
3346786504848
3346806871580
3346832764520
3346849502416
3346849807130
3346912372042
3346914407699
3346929410866
3346938859394
3346954227248
3346969722854
3346979278744
3347007189138
3347036745538
3347048176289
3347049698340
3347090336734
3347093407914
3347154226482
3347183501269
3347198486978
3347205340121
3347219221996
3347264659388
3347292290402
3347298907745
3347326835768
3347350417973
3347383265802
3347445804394
3347457609417
3347459493071
3347469730047
3347470874326
3347494772266
3347508762387
3347535530103
3347552987306
3347562490290
3347567060803
3347579930098
3347584140326
3347596603609
3347609970961
3347610976382
3347623318380
3347626215875
3347643951275
3347653410313
3347658231884
3347660350925
3347663839201
3347697103018
3347704282942
