4423346761361
4423366611341
4423403590907
4423407420880
4423435680466
4423454456518
4423481320843
4423495768962
4423523799731
4423537821489
4423549929016
4423551675521
4423600750135
4423606362195
4423614664115
4423659822616
4423742840983
4423771108625
4423790411116
4423801209795
4423870289439
4423875460356
4423880705910
4423906781807
4423922211471
4423940164274
4423950347743
4423974474715
4424001808165
4424063540589
4424075602573
4424092023847
4424107551815
4424109059626
4424137620887
4424143894923
4424146470242
4424177260894
4424177889843
4424182781432
4424189627536
4424326407019
4424328857859
4424329781511
4424356808525
4424382584493
4424428317326
4424430015057
4424442821698
4424451079520
4424509928926
4424519886938
4424521814926
4424548754037
4424638056013
4424677543439
4424751896821
4424777000011
4424779848932
4424826696339
4424861329974
4424863497180
4424870650197
4424926239392
4424930004367
4424949428486
4425059962572
4425096196673
4425107534094
4425108446550
4425159339676
4425163777222
4425203051611
4425210104952
4425315657505
4425354811552
4425383544509
4425407495761
4425422491899
4425427896069
4425468367686
4425555181228
4425597271914
4425604756736
4425616909794
4425623940140
4425689328593
4425711121217
4425729291506
4425766868206
4425787517594
4425813017748
4425838197057
4425847787198
4425877752999
4425887236757
4425913099423
4425967105426
4425971825459
4426007919218
4426026951560
4426056875232
4426143350003
4426178386425
4426196755038
4426235727493
4426255630724
4426303457587
4426350983907
4426353367281
4426357790407
4426359887599
4426490839369
4426491291605
4426504150265
4426515314538
4426520777579
4426530469531
4426545458374
4426568127043
4426654112227
4426675620419
4426690321825
4426702031173
4426709528873
4426769833984
4426793959000
4426809986443
4426873420784
4426926244993
4426965910495
4426986699954
4427020494036
4427021606854
4427030828890
4427057487467
4427057894654
4427090465172
4427115029648
4427153095121
4427238705424
4427257448718
4427269410825
4427281207119
4427350155641
4427388068989
4427419340735
4427452110757
4427477145214
4427491604310
4427495769885
4427501845055
4427559605969
4427566110935
4427590896538
4427618434757
4427637288730
4427658987923
4427689917765
4427729756175
4427761893536
4427785943553
4427871825210
4427875723897
4427884085864
4427969394847
4427977887568
4427995506229
4428028796881
4428088087414
4428093935743
4428162207841
4428213838287
4428250111910
4428256622758
4428282916473
4428284786550
4428300638854
4428388345900
4428391365004
4428413039110
4428468271766
4428487497398
4428498984045
4428501775867
4428514170265
4428523543543
4428550270419
4428552431157
4428558393223
4428588286789
4428627002154
4428632116216
4428680271693
4428734403068
4428774311443
4428811188853
4428823576634
4428827072495
4428843453489
4428875456589
4428876172029
4428963594188
4428970679421
4428981732492
4429012970815
4429025752166
4429047363016
4429086840635
4429088892881
4429104533229
4429113879360
4429117082756
4429173417504
4429211916858
4429238775994
4429253297979
4429324472893
4429337712968
4429362727365
4429390570766
4429401548250
4429460645260
4429484400218
4429496691535
4429528539549
4429544714788
4429548358901
4429615310989
4429638266073
4429694180634
4429695760712
4429733181545
4429746852763
4429761185389
4429775258556
4429785836951
4429833576808
4429844176018
4429853746723
4429872609972
4429874263865
4429875117860
4429978544146
4430015509006
4430046254122
4430114080499
4430114746949
4430126821458
4430146016211
4430155589585
4430174934470
4430196997753
4430242126708
4430251097216
4430256237262
4430299744909
4430318727623
4430331133846
4430341675739
4430345624840
