3533926486580
3533928873817
3533934897461
3533938196395
3533964749138
3533974745630
3534008685709
3534046123746
3534052487070
3534060638122
3534094106060
3534112452591
3534127553006
3534130673968
3534174412469
3534178492857
3534182669535
3534198015166
3534202857030
3534214098613
3534271559736
3534312859235
3534338967376
3534345918831
3534357530274
3534369190062
3534383451621
3534410512000
3534430235460
3534442868398
3534482288654
3534552307411
3534600552098
3534601392077
3534605637426
3534624639953
3534649655097
3534673562594
3534696222021
3534723708668
3534732987446
3534866009743
3534894581974
3534896847318
3534932862819
3534944753893
3534945083161
3534975821472
3534995042259
3534995412082
3535134123993
3535135541680
3535135603437
3535135609419
3535140737265
3535150843333
3535152761229
3535182680389
3535184211533
3535197616964
3535201765728
3535223002033
3535249214617
3535288926025
3535295858194
3535314811195
3535324287265
3535325952184
3535332402559
3535405463035
3535500924965
3535551827398
3535570786706
3535587172516
3535623969484
3535627294181
3535633761770
3535652586776
3535660878951
3535687138281
3535705376864
3535711799301
3535723080802
3535730181585
3535854571386
3535865188900
3535901029854
3535971505623
3535971934377
3535981901586
3535982024949
3535990254244
3536033093757
3536077826367
3536262051578
3536263681633
3536266322773
3536274496819
3536298093282
3536307958377
3536308158863
3536324472579
3536366086124
3536370265815
3536390795468
3536399194153
3536417954131
3536420237981
3536455837701
3536464878001
3536476286592
3536497979535
3536498691453
3536539555730
3536560738869
3536564623916
3536593139210
3536639919061
3536779682257
3536808041036
3536834103468
3536834521401
3536851462158
3536896150960
3536907627388
3536915263522
3536917804066
3536936239312
3536949934819
3536996005729
3537034863066
3537071635053
3537078377616
3537084080282
3537094191763
3537103124056
3537124075803
3537148434391
3537176960192
3537264755349
3537288786138
3537300653438
3537323293358
3537366591720
3537404983521
3537455929880
3537467632093
3537531836582
3537540243034
3537582734841
3537583172351
3537684109553
3537695411443
3537758206095
3537828162948
3537882716642
3537992831024
3538001532345
3538017798801
3538026055975
3538055659158
3538058401074
3538189471717
3538222617232
3538230396040
3538248158362
3538260185699
3538304647067
3538318144685
3538322647635
3538328769399
3538396192974
3538460375270
3538468416773
3538495307487
3538528379492
3538528801709
3538544314497
3538635414574
3538646003454
3538671616803
3538694263751
3538718349671
3538786244758
3538786652795
3538807148196
3538825760932
3538841111662
3538888609343
3538909097474
3538949650220
3539002622869
3539075092247
3539091334747
3539136633917
3539156113251
3539280307102
3539289804392
3539355590905
3539507672835
3539519549386
3539526714386
3539562460746
3539582856047
3539604036524
3539617668159
3539635532160
3539657024482
3539669627212
3539772290610
3539801108973
3539828585573
3539868693823
3539888528285
3539898260161
3539901026288
3539929448332
3539974000275
3539994072432
3540004792435
3540009422283
3540048301323
3540053353756
3540057934247
3540072037718
3540077326062
3540135083023
3540145389448
3540161605300
3540170682373
3540177362002
3540184975031
3540195904970
3540214047395
3540237736166
3540257273840
3540292470586
3540319735944
3540349033348
3540352499530
3540390429596
3540445380554
3540470916026
3540612695561
3540618217190
3540620870674
3540631486823
3540637723624
3540678407792
3540686181607
3540747032881
3540794084687
3540795406687
3540809441059
3540815118237
3540818201277
3540828838599
3540839539626
3540912044267
