3073132905393
3073182139413
3073182221915
3073191453163
3073217936013
3073224575999
3073242073160
3073247299118
3073275072761
3073315850574
3073322315441
3073345147697
3073350981509
3073379665504
3073384220359
3073387251204
3073461352328
3073468847247
3073515919231
3073554757092
3073606883697
3073637259551
3073663482336
3073697351472
3073700798169
3073726473590
3073803779238
3073814803030
3073832900258
3073865498992
3073906830768
3073954292218
3073986552080
3074001047809
3074014882203
3074031777739
3074041294306
3074050860576
3074128983015
3074130615191
3074130836772
3074137204963
3074164559158
3074177286082
3074199514881
3074213576081
3074221260484
3074272900490
3074279764781
3074289345362
3074338288383
3074373910562
3074382628634
3074392420315
3074422284683
3074425642812
3074431339447
3074433022861
3074452115648
3074487081539
3074490084394
3074498714906
3074504678355
3074515118175
3074536972834
3074548022852
3074552077296
3074560384760
3074581488249
3074648796174
3074649176291
3074690443620
3074694897507
3074708219220
3074735056595
3074760319096
3074798443625
3074799408249
3074818462257
3074888424622
3074928551901
3074933938598
3074934913866
3074978189072
3074982177398
3074990581092
3074999157619
3075076587745
3075092093731
3075106412271
3075164615831
3075172600454
3075232541852
3075278647036
3075337616756
3075379590618
3075454373946
3075473440725
3075507171477
3075579476538
3075604681183
3075617172098
3075626800950
3075628697473
3075629732150
3075640816281
3075643912036
3075676822790
3075702920452
3075722811104
3075783808973
3075806067329
3075870090470
3075893266156
3075929016949
3075937994564
3075938545972
3075947559601
3075950519016
3075950638435
3076012182757
3076131311795
3076139575866
3076157025996
3076201924697
3076206040214
3076207996602
3076217860599
3076228829756
3076252862152
3076275311149
3076286152286
3076302446208
3076305206709
3076346310193
3076367419884
3076370302965
3076387672723
3076445191552
3076482853991
3076484890217
3076535109869
3076574245650
3076598432165
3076628792365
3076674198968
3076709627048
3076736547398
3076737344024
3076750385341
3076809778707
3076845799337
3076854518641
3076905711835
3076905957536
3076988547929
3077017003665
3077029145339
3077031043807
3077035429731
3077058484524
3077058573624
3077097644619
3077107342539
3077151796851
3077155904056
3077169688247
3077208093486
3077253795292
3077269587108
3077307377174
3077319033758
3077320815161
3077326172290
3077326790917
3077353678926
3077368287848
3077383886029
3077395454401
3077399991519
3077424884273
