4373235218942
4373241508295
4373262034124
4373269566738
4373294460122
4373295372549
4373306201785
4373331370294
4373339903068
4373389336882
4373412204990
4373420517208
4373432187559
4373445624806
4373482067293
4373482318767
4373499834230
4373515916264
4373546739033
4373552955312
4373562671656
4373566262938
4373593599217
4373626902875
4373643131556
4373649440156
4373695071728
4373695180047
4373699018341
4373757704463
4373765207742
4373782080263
4373798639321
4373802753763
4373822700447
4373887152986
4373900236384
4373924523872
4373984911723
4374004102340
4374008255572
4374053134753
4374068635317
4374091632902
4374115609742
4374155986423
4374158261590
4374162596689
4374182269701
4374193911306
4374198196323
4374250321029
4374253034685
4374266220991
4374312272160
4374351949633
4374370751324
4374401066076
4374418396205
4374449049659
4374457500821
4374469565627
4374482133899
4374487798931
4374525456764
4374526717133
4374538802696
4374567208854
4374681327424
4374683970407
4374691998795
4374701955997
4374702029014
4374704631678
4374712009844
4374713754137
4374730954274
4374742700651
4374767321998
4374775272607
4374781713497
4374819937695
4374853904731
4374864634388
4374876208655
4374917206297
4374942138037
4374989940485
4374990365184
4375016036333
4375070531531
4375112317323
4375183861167
4375212012870
4375214390635
4375220283236
4375221854008
4375264733632
4375274359374
4375292213610
4375321951048
4375335574978
4375343734826
4375349259661
4375420740225
4375424649046
4375428259352
4375428553125
4375456055748
4375478903040
4375522409048
4375525424237
4375532178311
4375567819306
4375574922944
4375644006730
4375646216336
4375706642002
4375736665074
4375760668001
4375799785781
4375805353147
4375888770422
4375896389847
4375941212448
4375961055626
4375966872102
4376018017581
4376030783070
4376031045770
4376038496178
4376069727323
4376091397962
4376107417010
4376143038090
4376152743430
4376204436763
4376210963794
4376232617889
4376238591187
4376284416232
4376288649932
4376306336038
4376346406883
4376461016132
4376528776314
4376568036359
4376605505044
4376618561755
4376628875386
4376632226389
4376654591089
4376681590870
4376698186997
4376700788662
4376724579142
4376760934495
4376784139641
4376795300773
4376847084213
4376887179397
4376924523286
4376924818513
4376960083567
4376986795245
4377023501575
4377060089242
4377168383674
4377180511962
4377202741328
4377234992720
4377244407379
4377257621510
4377264469027
4377306307996
4377327076987
4377352500488
4377397365798
4377459316776
4377496692441
4377497747732
4377557239609
4377578305979
4377617757711
4377642675505
4377684474504
4377692476726
4377747240282
4377771221279
4377797856638
4377810133802
4377962908571
4377975713321
4378018325571
4378048481567
4378065537509
4378075837737
4378079366116
4378088821753
4378091347175
4378103672299
