5423394000490
5423397005252
5423410264175
5423420290996
5423452943181
5423488838690
5423496218573
5423560926347
5423576306590
5423581384479
5423589177775
5423590848926
5423675264654
5423692994167
5423695197949
5423700804885
5423704677709
5423719034651
5423760215695
5423775379323
5423809629487
5423862068222
5423863848740
5423912558862
5423975136448
5424023439708
5424034421782
5424067292934
5424096865966
5424110869268
5424114762728
5424130478416
5424147140471
5424157284426
5424162312048
5424168030405
5424176141970
5424183841107
5424199728289
5424219690405
5424221670312
5424239818054
5424301398829
5424320568608
5424332550609
5424338197421
5424343862351
5424359400484
5424422057374
5424438189317
5424497788018
5424543701009
5424558162210
5424599395564
5424638136332
5424641685222
5424658609976
5424683116464
5424701579968
5424736469479
5424739267934
5424739932355
5424748835264
5424763089155
5424783711482
5424786160360
5424817228352
5424829775703
5424839599335
5424870969693
5424875527190
5424877720736
5424895349781
5424898489820
5424904640447
5424932924538
5424958437283
5424963682786
5424974243626
5425024654182
5425052829483
5425057768928
5425058375020
5425061851785
5425076142593
5425091877549
5425094778444
5425096439779
5425100347711
5425112028845
5425115924085
5425126496519
5425140433650
5425168006941
5425228148598
5425239678599
5425244396172
5425254253088
5425262540639
5425280679636
5425315245560
5425356369602
5425367193418
5425426597309
5425449356473
5425452100955
5425455347041
5425458041120
5425487160213
5425522087138
5425562597533
5425606328140
5425617805648
5425630451621
5425673208442
5425675066005
5425700254966
5425801409971
5425814483436
5425815968156
5425829709048
5425836753801
5425856672745
5425915774945
5425967171551
5425974401401
5425984705950
5425986766893
5426035728048
5426051520418
5426085067788
5426093940563
5426138989164
5426155205561
5426165049783
5426167521497
5426195896031
5426196493419
5426204760145
5426215989137
5426268442954
5426282254205
5426308637282
5426309421466
5426342063830
5426345935030
5426373331742
5426443518313
5426458214601
5426458287776
5426459193207
5426480907440
5426486574279
5426511561941
5426527741515
5426540114170
5426550440457
5426558328079
5426566215521
5426581314147
5426594179097
5426594361561
5426611877448
5426613603621
5426675853776
5426677257033
5426680035856
5426728028424
5426766241585
5426781600430
5426782651009
5426790218515
5426797772840
5426811692511
5426829774902
5426832736006
5426837030135
5426848714946
5426871673242
5426909842403
5426910982898
5426930966572
5426932718416
5426968317954
5426991729440
5426995961057
5427017941140
5427026640949
5427029660382
5427054799151
5427059209892
5427089061350
5427096154977
5427132261427
5427151136823
5427156904395
5427160167356
5427169332008
5427181892901
5427194325564
5427195537615
5427198611283
5427211751223
5427251598932
5427252275535
5427279856044
5427292345017
5427305555006
5427305773670
5427307399856
5427340087340
5427370708306
5427375126810
5427396274779
5427420536331
5427421112065
5427423768100
5427428197270
5427435661274
5427437891615
5427437954452
5427453079187
5427454581837
5427502335769
5427549947081
5427573113102
5427582017359
5427607010199
5427643458547
5427658500849
5427687696429
5427689213634
5427700426103
5427729479042
5427757247606
5427766349387
5427776632996
5427798377299
5427822191005
5427852850170
5427870238643
5427873778904
5427922465540
5427934788337
5427948895396
5427983447761
5428016210531
5428018813918
5428057997593
5428062193899
5428105163378
5428110771379
5428154225178
5428154371769
5428177661905
5428186008061
5428191072914
5428203943711
5428218278147
5428222335051
5428256885933
5428268402137
5428270387006
5428319140512
5428319436259
5428334001443
5428371622738
5428393752253
5428418756924
5428426534784
5428456147803
5428469823882
5428475481399
5428483909600
5428491443614
5428509369529
5428538502351
5428559142185
5428566323234
5428570223893
5428581539958
5428591990224
5428593028505
5428593151952
5428599050229
5428609800684
5428639022233
5428643237404
5428644295373
5428652349842
5428674322110
5428690476802
5428697677926
5428714943608
5428719425041
5428735865590
5428741802222
5428790407734
5428793867470
5428799664309
5428833956173
5428850301837
5428859050333
5428888240849
5428912272424
5428913483191
5428934929239
5428960067953
5428969386999
5428971297892
5428980067128
5428984706078
5428996752381
5429007219758
5429017626680
5429025554251
5429031517123
5429033882070
5429043109417
5429111147598
5429126380974
5429182417554
5429193199398
5429207218333
5429222244999
5429223798764
5429228166278
5429232430663
5429237449542
5429238595814
5429270756502
5429300275483
5429315316833
5429315413116
5429328292225
5429368412690
5429386706968
5429395568982
5429403065317
5429407219126
5429427416083
5429427640057
5429428639136
5429437412876
5429448845735
5429451136836
5429477029604
5429478569902
5429500253341
5429511658700
5429513916420
5429540425434
5429547206858
5429569434114
5429574161502
5429604257290
5429654763725
5429656414302
5429689479707
5429701462210
5429703998299
5429717539726
5429723373432
5429726474138
5429735478280
5429740560500
5429749136068
5429760288209
5429766955408
5429782133144
5429810112054
5429861677550
5429915897731
5429943064497
5429952718310
5430001640537
5430024551659
5430026585449
5430028850675
5430057293470
5430061644627
5430075902156
5430102757513
5430102959670
5430105523085
5430109312692
5430111502174
5430129899835
5430208763059
5430242988586
5430261022149
5430269930305
5430277640404
5430320501355
5430334178136
5430337838831
5430377060059
5430377732304
