4932025224467
4932058794263
4932071516355
4932094289295
4932110450917
4932117056335
4932156390544
4932171993636
4932218428228
4932227691156
4932251375589
4932274485719
4932298198982
4932306396210
4932323678031
4932373285764
4932378364629
4932401831869
4932408845476
4932414357880
4932450706739
4932486057890
4932494583916
4932519695670
4932566915530
4932568501749
4932578736144
4932611072964
4932639809162
4932654424765
4932700420807
4932705939532
4932751577819
4932786332636
4932790785984
4932818428479
4932877972446
4932889849829
4932906880740
4932930545249
4932958689978
4932959735737
4933007635734
4933009774987
4933019936598
4933043760632
4933101400742
4933116865278
4933118163056
4933135045017
4933154043731
4933219544057
4933222856607
4933224304311
4933228230378
4933246169975
4933263222417
4933291693419
4933395672974
4933445535431
4933461722924
4933477228365
4933501777681
4933534147845
4933546406792
4933589037833
4933625823818
4933633544644
4933640378118
4933646474571
4933650787339
4933719092346
4933747632264
4933753014803
4933757040539
4933790580020
4933893113571
4933910658154
4933929611756
4934028415245
4934041576659
4934100147273
4934104813987
4934182444534
4934208969309
4934228539085
4934251739836
4934262087442
4934305133053
4934337733563
4934370345863
4934497161655
4934502241318
4934504298514
4934515848211
4934519048096
4934529851435
4934590761288
4934591941364
4934664072373
4934669123968
4934676424663
4934791651292
4934817680154
4934840262133
4934841441064
4934866882292
4934909460589
4934964562307
4934989770761
4935010468292
4935028153027
4935100507974
4935206183941
4935210412248
4935212084950
4935217715520
4935289448530
4935312540970
4935378688214
4935429279259
4935430808149
4935434332781
4935455691324
4935529527527
4935605276666
4935631058082
4935686299464
4935738654259
4935796830835
4935814873293
4935823739485
4935923406174
4936020875745
4936039325461
4936120120887
4936120713180
4936162484960
4936234650515
4936305524339
4936382951852
4936447171945
4936451385781
4936547131105
4936639264710
4936690254789
4936696616198
4936755922702
4936771268691
4936789047693
4936793411852
4936809918387
4936931019854
4936973884771
4937024239895
4937026967846
4937052246545
4937058397000
4937072519065
4937094370520
4937097883309
4937099666902
4937102782572
4937138977693
4937158247940
4937190633336
4937209075821
4937217703484
4937341728239
4937365534044
4937369460772
4937433023629
4937450498334
4937488070640
4937538396125
4937544270296
4937547663229
4937610489191
4937616344318
4937636117359
4937676854574
4937701981069
4937722325720
4937768515059
4937810123205
4937833294144
4937892093933
4937897331499
4937911063044
4937941804755
4937944387089
4937950218278
4937996718821
4938037867044
4938130842292
4938131064383
4938152380083
4938201801957
4938207641415
4938213970776
4938214635280
4938248131482
4938258119516
4938424581912
4938507525453
4938509720060
4938596088206
4938605691884
4938612230992
4938619336790
4938632421145
4938657966418
4938723068498
4938726697386
4938803572375
4938809552536
4938827627739
4938924296131
4938960496126
