5932024687667
5932069735012
5932094048180
5932110089464
5932121337708
5932132290396
5932137002362
5932137233928
5932195157638
5932197346268
5932267825667
5932269034205
5932290434443
5932326876189
5932339486905
5932352866379
5932361154234
5932365975891
5932390267264
5932410962635
5932412711838
5932414591956
5932440301076
5932458268734
5932469166420
5932478050969
5932513512136
5932531184435
5932539750454
5932599327595
5932667049771
5932712921973
5932737905907
5932738655937
5932740419336
5932766819150
5932772343216
5932786184517
5932788866393
5932813738506
5932845401278
5932897154788
5932902310735
5932902601649
5932937688474
5932960338530
5932964706268
5932981541785
5932999681671
5933013442631
5933017538590
5933043758804
5933064584287
5933085125631
5933096804278
5933124434272
5933125531448
5933127565670
5933157370662
5933165751994
5933173962441
5933183603630
5933184641062
5933220927437
5933249408642
5933267329919
5933295797422
5933333541707
5933335922601
5933342272133
5933348379015
5933368588224
5933378180202
5933405600491
5933410173763
5933446827724
5933454275430
5933473946455
5933485465725
5933488031015
5933525837189
5933529186134
5933585775795
5933612403223
5933617647636
5933618570549
5933639830186
5933642229164
5933651496521
5933757461615
5933757513419
5933763964196
5933781878959
5933782151195
5933798077571
5933810542178
5933813826449
5933875695355
5933882138477
5933885653868
5933889717526
5933897254892
5933900295243
5933953751024
5933968051676
5933975604097
5933992357822
5934046655231
5934078913091
5934082338011
5934082951268
5934087243423
5934100928057
5934101882301
5934107658907
5934127765312
5934150295771
5934178486430
5934224251791
5934270043998
5934274388610
5934312432571
5934320594587
5934321214065
5934330559565
5934393650614
5934398668068
5934399340954
5934414329117
5934431910697
5934444301981
5934447665230
5934457923366
5934467378372
5934498080463
5934518848667
5934577634014
5934579515369
5934592357066
5934594235100
5934606126504
5934619880554
5934631233593
5934638049586
5934646336170
5934662940580
5934662987146
5934666450185
5934678249781
5934774174520
5934793900587
5934806450907
5934812418447
5934818466789
5934900260230
5934922861403
5934943685145
5934947546830
5934966171389
5934989720360
5934998486693
5935001006510
5935001771497
5935037000142
5935052886525
5935074181040
5935074878978
5935121446130
5935127780898
5935133098379
5935134091410
5935142691222
5935147997720
5935229060200
5935255747629
5935293690829
5935315786787
5935318823230
5935322048774
5935348512151
5935349869392
5935367251211
5935396490378
5935397270590
5935418083948
5935430740943
5935460836751
5935501529440
5935543132769
5935558391089
5935561337071
5935580090623
5935586151560
5935634221777
5935635141105
5935639169438
5935648730245
5935666702057
5935678701759
5935706121864
5935725980488
5935743053163
5935777735965
5935812060780
5935814915177
5935818692038
5935847547951
5935856824660
5935861142907
5935945753767
5935988370697
5935996357598
5935999678506
5936004304995
5936047792415
5936051603347
5936073855555
5936097724678
5936100351825
5936106096433
5936121677111
5936149284144
5936157444693
5936170265289
5936174911853
5936178416206
5936191453398
5936216228890
5936222295850
5936223282100
5936233892451
5936266716079
5936275801181
5936290089803
5936294281000
5936310139826
5936337669826
5936344136407
5936355489646
5936383430594
5936424301576
5936440908442
5936495278250
5936538557064
5936547986815
5936584625532
5936590722269
5936613373519
5936623770163
5936639756564
5936644913578
5936662490263
5936677022198
5936706750679
5936744903385
5936746233693
5936767187174
5936767716020
5936780404204
5936796929763
5936865500865
5936888041334
5936930167604
5936946750811
5936955148641
5937019266385
5937036559799
5937043808547
5937053812681
5937056930605
5937093506220
5937096162638
5937114682467
5937120299395
5937121485572
5937155666497
5937176019933
5937179743430
5937194956387
5937243440426
5937266095993
5937269200264
5937313506284
5937322646495
5937353015147
5937393273647
5937399472594
5937402588368
5937404831208
5937416998039
5937441627364
5937474064388
5937556366996
5937601970140
5937616181235
5937627044028
5937668187461
5937679979019
5937691329757
5937694943571
5937698366235
5937739646242
5937754250151
5937764199496
5937784955133
5937841029066
5937882544887
5937897008009
5937931881730
5938025416714
5938028205414
5938048932104
5938059014327
5938064532864
5938101489781
5938128206158
5938195454182
5938200343197
5938206548719
5938208431874
5938210092740
5938210900252
5938233391232
5938250907819
5938269125982
5938285165294
5938319304375
5938368345274
5938381914424
5938439727726
5938449066564
5938458705002
5938498014258
5938501283840
5938525019622
5938525861128
5938550739555
5938567988161
5938570981047
5938576326700
5938589786442
5938591324948
5938636969992
5938684705687
5938733344342
5938776103962
5938779559784
5938785245608
5938836266225
5938877275439
5938891964279
5938902892439
5938936116503
5938936723154
