4373231383532
4373237286044
4373247944498
4373295756948
4373295904661
4373308157535
4373321628268
4373325076221
4373334191662
4373351552250
4373415037494
4373446171037
4373451297110
4373459476293
4373476116223
4373508476625
4373521210524
4373538848873
4373549882963
4373551954598
4373558663452
4373567783580
4373598564173
4373609981269
4373614962310
4373624027137
4373637414711
4373637813062
4373658865471
4373685163906
4373686227152
4373718009840
4373719728424
4373727337122
4373748411960
4373760125415
4373804025997
4373805476752
4373805771034
4373841809680
4373849263737
4373855854546
4373953106593
4373953887761
4373959854948
4373968760067
4373991467532
4374010199410
4374013708858
4374015454533
4374022415467
4374025292949
4374035344216
4374038602290
4374065642599
4374072447705
4374079488989
4374123921200
4374126410926
4374150149673
4374166530238
4374253430429
4374254181543
4374258256299
4374260734810
4374264658794
4374279944164
4374327299715
4374328248218
4374331265239
4374381565150
4374385738822
4374395360045
4374442227315
4374457735426
4374458816253
4374472395968
4374483295475
4374491191458
4374526807909
4374532839233
4374533068313
4374535241306
4374561552506
4374574560483
4374589547932
4374598439234
4374621385948
4374647641695
4374663099077
4374666519752
4374689858430
4374713809580
4374730012175
4374774786636
4374812232341
4374815848884
4374886554244
4374951711171
4374975952186
4374987857285
4375033303081
4375036499367
4375052476517
4375063085615
4375077068369
4375113919573
4375116398817
4375138251408
4375148424052
4375153928658
4375239760385
4375269839949
4375278167342
4375283520850
4375306732521
4375333415131
4375395742683
4375452121478
4375459344595
4375465684051
4375477400147
4375489829497
4375490382223
4375504729434
4375546947300
4375549029254
4375561593042
4375570784718
4375584667996
4375609953336
4375613849232
4375615522001
4375620735722
4375631981132
4375643292888
4375648219591
4375654295084
4375661949433
4375688114778
4375705819856
4375708965642
4375733509730
4375744955252
4375757812326
4375762041267
4375772347425
4375781599201
4375785290781
4375797189670
4375811578555
4375829004342
4375831576997
4375837718157
4375862413720
4375874867138
4375880346672
4375884455387
4375902479584
4375942187312
4375942252871
4375951935187
4375971087945
4375975091436
4375985259977
4375992398343
4376001922426
4376009775184
4376036161689
4376064472829
4376082255800
4376100221284
4376154973120
4376174587852
4376204240349
4376205324814
4376257162108
4376270324553
4376276004109
4376306543786
4376315583276
4376333517710
4376333652339
4376337988968
4376371266884
4376380975464
4376397102084
4376410899133
4376419990248
4376456982715
4376476465931
4376496432490
4376497995129
4376530588087
4376533229690
4376538771711
4376564724530
4376565568228
4376572496919
4376579604490
4376644211620
4376650322922
4376674539302
4376681562485
4376726382617
4376785310332
4376785753166
4376792443401
4376805536794
4376848215244
4376853407918
4376883243976
4376890289781
4376894588743
4376910299909
4376916462129
4376927614674
4376979544488
4377034129270
4377108467662
4377152834718
4377157766976
4377170852022
4377176283006
4377192490675
4377199703339
4377248640650
4377264587665
4377265639759
4377269444491
4377281805768
4377287897492
4377321632315
4377343842356
4377348973910
4377362842346
4377366285077
4377374883359
4377389434906
4377396697125
4377447855844
4377464508659
4377471091013
4377472795936
4377486751135
4377490612204
4377509142011
4377525992541
4377527727112
4377535051934
4377552430890
4377566648654
4377572083539
4377587087387
4377592567630
4377592954522
4377615949378
4377619884252
4377622476790
4377626364766
4377631334008
4377656189666
4377668809288
4377679590963
4377681811085
4377690603597
4377700194033
4377707863870
4377754903423
4377795534870
4377808172401
4377820052526
4377829897059
4377834142044
4377838739698
4377845496393
4377847380155
4377900872580
4377909421875
4377948224406
4377957677719
4377999128752
4378006139047
4378016580193
4378058870905
