4931978902156
4932001018942
4932001225213
4932029651899
4932032219556
4932044497676
4932056067886
4932056648175
4932063222045
4932176332056
4932179318889
4932181237349
4932185040217
4932197542624
4932200255177
4932213853269
4932236140644
4932262905026
4932277457472
4932287267620
4932301086725
4932306532130
4932346083695
4932348193724
4932376897626
4932404157807
4932416894025
4932417583549
4932435906600
4932460703757
4932468021731
4932506683662
4932509477961
4932511375907
4932511517316
4932514564586
4932526186293
4932561556242
4932565437952
4932595447042
4932609313935
4932621667780
4932741089334
4932762757327
4932769010681
4932781670825
4932797858106
4932799970260
4932801785430
4932803892468
4932861951213
4932861997945
4932870225834
4932872552191
4932882817116
4932965351791
4932978750715
4932987730672
4933024437810
4933034385364
4933062334823
4933066937628
4933070220323
4933072858285
4933088154252
4933095377646
4933118825080
4933141905291
4933174425486
4933180586656
4933241888998
4933263837868
4933282172057
4933288117388
4933290369138
4933342807403
4933366063123
4933371512891
4933374963818
4933384014585
4933406155050
4933412450201
4933416909057
4933440342498
4933447095809
4933453804116
4933457964965
4933474794895
4933481761810
4933528344462
4933531593601
4933566720388
4933618365000
4933620486597
4933630904092
4933632508738
4933636108347
4933641218752
4933642110759
4933651692381
4933655731636
4933671143138
4933679512018
4933694965288
4933695640368
4933701227820
4933707219440
4933718828576
4933766594535
4933790596312
4933805051550
4933840017186
4933847076164
4933847236371
4933851584525
4933881545620
4933910112478
4933934173764
4933935725663
4933959294868
4933979726999
4933991029981
4933994842579
4934033950130
4934034228916
4934072115850
4934100756835
4934122705644
4934122870228
4934142746569
4934152673191
4934160258871
4934173068288
4934195738631
4934204505600
4934205691088
4934209487627
4934219487846
4934222394320
4934243429771
4934258719814
4934293864298
4934300223096
4934311068423
4934311137863
4934371908390
4934372452664
4934412038275
4934442980123
4934527751826
4934531606853
4934548923365
4934582800127
4934611248587
4934622532933
4934625272679
4934665568538
4934671468604
4934683998620
4934710363536
4934760851706
4934763303717
4934781741786
4934847416185
4934872589497
4934883103198
4934883580049
4934889829426
4934899002676
4934904367232
4934910782169
4934916948155
4934942859704
4934943783366
4934952458895
4934982965994
4934986029154
4934997329112
4935011838568
4935035932463
4935060514998
4935061819318
4935076343582
4935139325441
4935299113899
4935303716361
4935313198616
4935317520583
4935322136420
4935349154682
4935351546512
4935357837763
4935379190863
4935396625435
4935398687807
4935403658983
4935408282930
4935414844352
4935421218502
4935467389430
4935511168954
4935524512922
4935539444082
4935540681696
4935548033130
4935549385068
4935561318988
4935568023564
4935579420178
4935601282580
4935602719618
4935649488877
4935789050780
4935789149167
4935790505387
4935791871335
4935806962858
4935818501797
4935855765904
4935856319372
4935864963616
4935870814341
4935927856048
4935964308448
4935999875201
4936030404720
4936040070699
4936074907349
4936081608638
4936081786605
4936082202146
4936087697455
4936095344100
4936118806172
4936174500342
4936207374226
4936220232562
4936301470601
4936320826111
4936331151114
4936347403723
4936385518769
4936449826368
4936461162752
4936483916653
4936496185518
4936496491822
4936499672490
4936505949959
4936506701636
4936509294047
4936524035421
4936541880396
4936557159510
4936576837547
4936591416179
4936594865319
4936599652630
4936607128221
4936622564441
4936639950305
4936656981332
4936687277984
4936708493402
4936716410029
4936759856951
4936767882668
4936778617901
4936799308078
4936812914696
4936824757081
4936849038729
4936849541422
4936905932065
4936918567147
4936939122205
4936946476606
4936952408643
4936980769134
4936990854762
4937003551769
4937004372248
4937008765921
4937037149216
4937038828738
4937075634840
4937136090515
4937192793267
4937226362898
4937245299102
4937270710927
4937295428308
4937315845071
4937330657511
4937345373319
4937386126231
4937387408777
4937388016305
4937407279053
4937458516552
4937474030174
4937475774802
4937478118968
4937514656028
4937522789522
4937528827455
4937536571235
4937559120200
4937566296387
4937598671131
4937636511018
4937649226131
4937708188187
4937725747528
4937728650464
4937729203917
4937733627954
4937738739058
4937743897069
4937753645527
4937767032620
4937782804809
4937800962287
4937807659837
4937840380226
4937844422059
4937847076802
4937854383858
4937856067151
4937863932835
4937936182099
4937948355971
4937950495626
4937974482073
4938014721694
4938032686063
4938074914644
4938123975392
4938147162750
4938156751752
4938157558668
4938169421102
4938199806037
4938214116635
4938215535276
4938222631239
4938230266230
4938258463047
4938258683322
4938273055564
4938276242555
4938280863152
4938291515839
4938316011924
4938329954049
4938334344929
4938347641652
4938355707121
4938366163181
4938372525012
4938381713712
4938390145685
4938402483622
4938459337424
4938488108597
4938527658447
4938542176379
4938547228151
4938561618162
4938623625626
4938627455407
4938627847828
4938632052606
4938632407533
4938669541447
4938708214637
4938710121037
4938713230517
4938724388323
4938749498685
4938777977838
4938810094704
4938811407685
4938843659501
4938868827908
4938938045783
4938945356197
4938954677346
4938958131404
4938977567117
