4260755382556
4260771876336
4260798786440
4260807402105
4260823606481
4260838138564
4260844292325
4260851024839
4260877896503
4260889834855
4260897830200
4260925182120
4260957188157
4260979871173
4261006803323
4261073692581
4261168581436
4261186257940
4261223754704
4261276778078
4261296337348
4261356927927
4261364326193
4261368717726
4261388995415
4261401648487
4261427985870
4261432960830
4261449245959
4261478376644
4261488304168
4261491473592
4261520819781
4261539848053
4261547085218
4261583898769
4261590340683
4261651566205
4261660072611
4261675210116
4261678329915
4261711614955
4261750125541
4261771339340
4261787658568
4261917812429
4261927937168
4261965899228
4261985514331
4262020484543
4262032810212
4262035484252
4262054244785
4262059311753
4262074628993
4262085053092
4262103322539
4262109160203
4262113028595
4262153570948
4262161950570
4262208849723
4262223239650
4262232064294
4262258923322
4262296118436
4262296993328
4262347529825
4262352059432
4262366230501
4262415211157
4262429542838
4262456779810
4262500863888
4262541770024
4262562231642
4262580913548
4262620036819
4262623027231
4262628543855
4262693160380
4262714890257
4262742705773
4262754537035
4262774676524
4262774837977
4262813506192
4262841081396
4262851161023
4262894139537
4262935415972
4262951414619
4262954617136
4262999225083
4263035655637
4263049569304
4263061026915
4263125693654
4263133581508
4263136789108
4263178874668
4263180234681
4263200943169
4263218436222
4263260559871
4263320694746
4263368952133
4263370261800
4263386248015
4263392038989
4263409303929
4263428731235
4263462498783
4263494357370
4263513706084
4263576290475
4263586849833
4263616948981
4263616994730
4263619725010
4263667546968
4263726569406
4263734394085
4263746499438
4263771030946
4263829147179
4264011698579
4264083320990
4264092880949
4264292345530
4264301493529
4264303412731
4264325293080
4264348791470
4264467331145
4264479609570
4264508279819
4264523562103
4264598359369
4264599422773
4264603553680
4264640623952
4264675231455
4264726204004
4264743404665
4264763344246
4264768835435
4264872686424
4264913137453
4264914695648
4264916514530
4264916580959
4264916587190
4264994516635
4265007673787
4265011708429
4265050191750
4265056775681
4265136036421
4265198824877
4265207202703
4265207362016
4265237956062
4265238398417
4265242039389
4265249745201
4265284681180
4265300242086
4265330012405
4265342579875
4265344200041
4265383010483
4265399779806
4265406015583
4265493239139
4265545015043
4265551972572
4265572456771
4265613010655
4265648288269
4265656633404
4265701167745
4265746547008
4265764857746
4265772350200
4265780946233
4265791226814
4265792643237
4265879105742
4265918168083
4265921324251
4265923342138
4265984568393
4266047280937
4266086235958
4266107972745
4266166973927
4266167274354
4266235592817
4266238452760
4266245509664
4266267827292
4266267903572
4266302530552
4266312295011
4266326807907
4266350751413
4266372157391
4266436206806
4266460067951
4266480951677
4266546104758
4266551124058
4266551359448
4266569202117
4266570455442
4266576759419
4266579888375
4266589748813
4266687668591
4266700606482
4266731230087
4266768520893
4266795863863
4266809268309
4266825087287
4266832864585
4266834898838
4266841578057
4266942198830
4266989986208
4266993005892
4266999738045
4267015540989
4267066012608
4267077266520
4267089437772
4267094852640
4267106983860
4267116028828
4267170228055
4267177956740
4267206934315
4267207040092
4267215172007
4267240389279
4267242876034
4267266280277
4267313399201
4267353046424
4267399569729
4267463139275
4267468530792
4267508128056
4267566200447
4267579927840
4267606520531
4267617734844
4267619660936
4267648059321
4267649732394
4267656774247
4267671461457
4267715176379
4267743222354
