3073152226463
3073187619661
3073224049285
3073242635120
3073268564631
3073292891071
3073341693335
3073352042170
3073376637991
3073379179861
3073387017613
3073394611007
3073420643056
3073456931085
3073463093418
3073477244778
3073506226002
3073544079977
3073551269985
3073562889802
3073604380158
3073629495673
3073632231139
3073650279487
3073666201208
3073682022645
3073704966959
3073713090038
3073727225086
3073735176723
3073794890796
3073814236633
3073849575660
3073867584048
3073896149187
3073901018250
3073914544754
3073918694062
3073951449663
3073965594523
3073971277783
3074016484534
3074017648633
3074019281600
3074109212159
3074136095002
3074150984311
3074161639637
3074170808027
3074182447152
3074295451987
3074325455973
3074331479693
3074338347362
3074338694096
3074363961491
3074365659049
3074384029985
3074398310083
3074407795088
3074425480994
3074440605459
3074441423504
3074449595785
3074450413545
3074465414092
3074479953954
3074481630354
3074497575135
3074503193256
3074553120707
3074554882133
3074570791818
3074583315577
3074610314503
3074622155376
3074623304657
3074624676936
3074625462882
3074635391581
3074649881208
3074673708105
3074691911541
3074709263267
3074718651831
3074725613371
3074727747478
3074766083962
3074769421680
3074812152746
3074816216690
3074834941783
3074837935969
3074871927034
3074970892538
3074981965997
3074983361234
3074985876667
3074995715511
3075006818658
3075008059742
3075061846194
3075077935618
3075079877151
3075094402754
3075116837300
3075149458959
3075151355487
3075181629772
3075219691575
3075253927014
3075257414238
3075295935442
3075315510996
3075326046084
3075330585044
3075342659640
3075345454087
3075389411797
3075431135270
3075472467612
3075480852052
3075488978889
3075492615903
3075500886727
3075510128265
3075530055099
3075543951021
3075571794686
3075583025540
3075598159192
3075600235491
3075639254255
3075660721450
3075663800617
3075663981321
3075664378375
3075688344342
3075690066138
3075740932106
3075753900559
3075755973855
3075764332682
3075787751756
3075803325191
3075857771663
3075869674759
3075909889272
3075911421835
3075934552156
3075942213028
3075973436074
3075973549730
3075998854030
3076019119810
3076021776396
3076022493175
3076043311298
3076047596375
3076069178175
3076102284556
3076121289833
3076158710599
3076165766616
3076170682998
3076183418009
3076185993716
3076206088891
3076213657610
3076245175381
3076345938015
3076349365083
3076374534542
3076423977040
3076438757190
3076445036761
3076458921112
3076515199355
3076524759129
3076577520583
3076611583177
3076627038811
3076667781373
3076679599324
3076737038176
3076789340585
3076792739878
3076811905359
3076819853659
3076822849628
3076838943463
3076847305686
3076851401326
3076854658629
3076856952741
3076864344295
3076875318563
3076882089975
3076883821464
3076885732689
3076893195034
3076908052655
3076919308424
3076933070764
3076944051899
3076946624228
3076949721471
3076952414395
3076985190019
3076990460590
3076996350745
3077016249164
3077016838821
3077033032294
3077066106210
3077088108191
3077140618010
3077148795322
3077160063479
3077187759085
3077207133528
3077224604042
3077236046213
3077269009064
3077275757855
3077311815034
3077334952355
3077356654509
3077362616897
3077368915483
3077386218148
3077391944168
3077419609953
3077423099144
