3260674981049
3260693084672
3260745363627
3260766354380
3260769735603
3260778038971
3260866042904
3260876355870
3260890134294
3260900170840
3260907055266
3260940626073
3260953489795
3260957605103
3260998424554
3261008853923
3261013439204
3261028802483
3261032479809
3261037487454
3261040422881
3261044462223
3261059280089
3261061119174
3261084429177
3261166031427
3261166818488
3261184311016
3261201654829
3261214333033
3261228499261
3261233762074
3261246599294
3261260596230
3261261281737
3261261616944
3261284795593
3261308183358
3261321857282
3261324096070
3261344446363
3261353104102
3261390608232
3261400723904
3261407963209
3261430205609
3261459821967
3261460127510
3261467000303
3261491355870
3261497873193
3261527515349
3261586523033
3261643096606
3261655974156
3261658799510
3261664802492
3261763385358
3261776034214
3261796117529
3261838136748
3261842328629
3261842374175
3261853790948
3261870394652
3261875395105
3261878253186
3261934475319
3261939176524
3261975428797
3261976263587
3261999499312
3262054333269
3262057647976
3262076416112
3262100470401
3262115562046
3262125515443
3262136854353
3262177996810
3262180223969
3262231678143
3262247243251
3262254095470
3262256571505
3262321770285
3262347595688
3262370424812
3262384744152
3262442880882
3262449642415
3262472971348
3262476027233
3262476220440
3262502067386
3262521033113
3262522409558
3262524629430
3262549391045
3262555961292
3262581050716
3262589866660
3262602970378
3262619401077
3262630726172
3262642810762
3262646541544
3262649278728
3262672495265
3262673334372
3262683662289
3262715082188
3262726676193
3262730165250
3262754623448
3262761632607
3262770713429
3262785272473
3262788750176
3262789807206
3262799437266
3262801705459
3262861435744
3262862551331
3262901773307
3262903588350
3262910716398
3262913630876
3262981680618
3263002319537
3263003924100
3263005420521
3263051879167
3263071580883
3263071925835
3263081393142
3263108640159
3263155600757
3263178286278
3263190068079
3263200380940
3263236034423
3263247430908
3263260210380
3263261996406
3263273807884
3263335564754
3263345648944
3263359658053
3263364870777
3263388421319
3263402629149
3263403460567
3263408567594
3263430920611
3263449672721
3263472977387
3263476017845
3263521572097
3263533422648
3263536000244
3263563765273
3263584519691
3263618270245
3263620699700
3263667897611
3263672403061
3263679055063
3263731099068
3263748881892
3263753314856
3263813670660
3263866950123
3263870210464
3263872452883
3263886908962
3263890802331
3263896376189
3263900725791
3263909462196
3263915979328
3263935004778
3263949407804
3263960025568
3263990767455
3264000119597
3264015403636
3264029048902
3264057963335
3264062348427
3264083637757
3264121364402
3264133125219
3264167880054
3264181378921
3264200797014
3264202801147
3264203906978
3264204427573
3264223721670
3264266120114
3264270695646
3264278975874
3264283523050
3264285202392
3264312298773
3264312485105
3264323916043
3264331082665
3264340596970
3264359395352
3264373809034
3264383860110
3264425123577
3264427800887
3264429331883
3264444822853
3264452871479
3264461966106
3264494108925
3264499208497
3264515295387
3264520744134
3264535072613
3264543149214
3264616538387
3264617955808
3264659469792
3264662006985
3264707134693
3264726917928
3264774116759
3264784925980
3264799173811
3264821929104
3264955514701
3264958275313
3264958752811
3264975381891
3264975745414
3264987182468
3264989781975
3265024249387
3265072647567
3265104055191
3265126258598
3265149753240
3265151117488
3265178751198
3265196724722
3265209494014
3265225886405
3265240177982
3265255018930
3265270335951
3265291473732
3265303544284
3265306746623
3265315752659
3265342295593
3265345476629
3265356069236
3265369254393
3265373248632
3265442854579
3265444398241
3265446079732
3265458763266
3265479502225
3265487348968
3265498627118
3265540907223
3265558152415
3265597963047
3265609409184
3265609794104
3265632708434
3265657620283
3265678285215
3265678332407
3265679646558
3265701940136
3265718974280
3265735832206
3265744363769
3265791890162
3265828677414
3265835076137
3265873568976
3265883525497
3265902250473
3265905256249
3265932967250
3265940631142
3265944295438
3266014164755
3266015582110
3266036412302
3266037859874
3266045675051
3266093434219
3266104151573
3266108868524
3266114167721
3266131623696
3266142478571
3266145718309
3266159263858
3266198775491
3266213356438
3266225630240
3266227719036
3266235336275
3266249865099
3266252526763
3266260399797
3266289888009
3266339726215
3266366700507
3266368087929
3266376241963
3266416854698
3266453830871
3266476024956
3266519399852
3266540255520
3266559483424
3266590108198
3266594351208
3266605555005
3266611999225
3266613261421
3266619040661
3266623779397
3266645746700
3266663947553
3266665346772
3266683020967
3266683575560
3266693844513
3266694652196
3266718202760
3266762323157
3266786902993
3266794781897
3266806929374
3266825753277
3266857152297
3266868677574
3266874540086
3266902568475
3266904132732
3266913506415
3266944013982
3266995984752
3267000662135
3267003252581
3267003550462
3267013954227
3267052437267
3267062955009
3267082501668
3267139151521
3267161661688
3267168038537
3267180110474
3267196684856
3267198996384
3267210526296
3267227922778
3267274339469
3267289011447
3267338338574
3267386829340
3267395406538
3267397343431
3267429022006
3267444157290
3267466204572
3267543290210
3267579015497
3267613827805
3267647621719
