3260748966510
3260769777389
3260802682645
3260817055366
3260836976567
3260856982011
3260875906022
3260887994985
3260931012628
3260949245239
3260973272822
3260984108889
3261002276282
3261021538401
3261045095884
3261102412975
3261102901379
3261151113513
3261151433029
3261152233285
3261225408857
3261294603931
3261349985242
3261353348319
3261370610642
3261432728812
3261555349863
3261567938589
3261567984537
3261597302249
3261608266119
3261696985657
3261707843533
3261718713998
3261723589862
3261761430864
3261787242024
3261791475515
3261813034642
3261815164619
3261870779125
3261915375124
3261943781943
3262031467654
3262114948112
3262172394577
3262220083963
3262268418130
3262302167969
3262347753060
3262364953934
3262375202003
3262394185455
3262412917982
3262448586207
3262451639794
3262461804706
3262511723725
3262546494108
3262601142725
3262653681063
3262693696117
3262694201385
3262719899907
3262720715820
3262725659548
3262729212163
3262756149767
3262799423370
3262850582689
3262855202425
3262880363290
3262940773456
3262957423290
3262972995557
3262981793173
3262992377374
3263005884334
3263035603505
3263042654976
3263045407228
3263047790372
3263120273413
3263216515754
3263222565215
3263231197169
3263237369450
3263254063725
3263274243587
3263380281397
3263448836338
3263459986712
3263515513450
3263547859949
3263585676779
3263602542950
3263612266207
3263642690301
3263645951174
3263652606694
3263652910737
3263707673681
3263749179433
3263878339366
3263904591653
3263955401533
3263961264919
3263961532357
3264019206009
3264019572364
3264038108152
3264045386076
3264048164850
3264085718441
3264096979985
3264131501177
3264216375716
3264236237158
3264284976775
3264291014463
3264312401112
3264321572520
3264365189472
3264368159076
3264371915675
3264400991755
3264415535317
3264430086093
3264451917152
3264456441903
3264490671352
3264511684308
3264512285740
3264529543805
3264559751837
3264562416267
3264575027249
3264594451331
3264610131871
3264652570905
3264675723524
3264748176499
3264750101486
3264751594259
3264765050494
3264773468514
3264781076930
3264790765267
3264826494080
3264859627447
3264864672322
3264884864684
3264912893206
3264932945692
3264957673712
3264963138316
3264989191217
3265010324923
3265021921757
3265024761423
3265025855509
3265049106077
3265070838589
3265075467634
3265107574816
3265109475035
3265181985323
3265268952347
3265288103790
3265294973280
3265346443299
3265357462344
3265380455539
3265387698280
3265395849773
3265436082779
3265517797794
3265530061226
3265536442630
3265563622466
3265579186553
3265606120975
3265627212051
3265659461368
3265693813122
3265796954491
3265798500887
3265831120344
3266048358137
3266056034984
3266084536954
3266132173696
3266152726692
3266175599651
3266194204191
3266209263224
3266276548773
3266295797797
3266303588407
3266311958422
3266321095166
3266326419729
3266431001668
3266474574263
3266475544628
3266515078551
3266537069847
3266589194076
3266601446525
3266688255035
3266689422450
3266739877533
3266744693963
3266765815965
3266859258093
3266963056116
3266988129678
3267084612336
3267085783212
3267093843120
3267143680002
3267212269484
3267258124787
3267309280194
3267312561605
3267343085778
3267370198809
3267385943308
3267438500000
3267455506712
3267478591518
3267549953947
3267550336236
3267609843192
3267624788920
3267637585750
3267723978137
3267733029987
3267733964381
