3340736634781
3340778886270
3340808293398
3340833695567
3340880959706
3340894651277
3340901254186
3340986478902
3340992756366
3341007960758
3341022834083
3341118155105
3341139489442
3341182899863
3341290520440
3341341240029
3341374649833
3341379734458
3341406227210
3341414686761
3341447141525
3341460684693
3341466066642
3341479955582
3341490168257
3341494698020
3341502061806
3341547112245
3341574011919
3341597195065
3341602554903
3341631772051
3341636705698
3341705564838
3341709324835
3341770121805
3341858429029
3341863143518
3341910366281
3341917193428
3341931367762
3341994440389
3342079867708
3342113663880
3342160561828
3342172446889
3342216466413
3342268479824
3342276165460
3342350115986
3342353675318
3342353952704
3342358205052
3342358806435
3342416219793
3342511733816
3342619229278
3342679587171
3342691965812
3342728334006
3342759832260
3342799303412
3342812737696
3342830880520
3342850731160
3342865156550
3342927183533
3342994318779
3343046540869
3343142002801
3343142373806
3343167268778
3343224012259
3343230527565
3343257725621
3343266723840
3343293664310
3343317701456
3343368105089
3343375386150
3343404164869
3343425884479
3343437745224
3343450983523
3343465602144
3343517473971
3343527663591
3343551552228
3343569204110
3343620956849
3343657907221
3343666115347
3343691613994
3343698426265
3343721623307
3343733213120
3343733657746
3343762143563
3343797427992
3343821616489
3343846124231
3343878543760
3343896553786
3343954204976
3344012017632
3344024861312
3344031951337
3344044872674
3344102851868
3344108629736
3344173194484
3344223735477
3344229347398
3344259898313
3344271914644
3344278035030
3344292052789
3344298615213
3344307725175
3344481952538
3344528854689
3344614937951
3344627741583
3344632541245
3344660587016
3344693074683
3344723576994
3344750086914
3344760566330
3344822202792
3344823507647
3344877300195
3344894525253
3344905233474
3344947578912
3344956053987
3344957109018
3344957509989
3344964962253
3344967869586
3345002232479
3345033980534
3345034871247
3345095831848
3345103862806
3345128917772
3345183241101
3345192952844
3345196416290
3345212158737
3345235112663
3345235407177
3345255392385
3345273468637
3345294900131
3345360876897
3345381575954
3345428080458
3345433663224
3345451984131
3345535203971
3345558254824
3345570172925
3345593211139
3345675129262
3345687600224
3345700467997
3345707116411
3345762169222
3345780242836
3345787580021
3345810962246
3345859840429
3345909557017
3345924675663
3345956412440
3345968430614
3345992606437
3346021449514
3346033943801
3346044361053
3346070410876
3346122462758
3346127021662
3346144954550
3346164618101
3346243880871
3346263549765
3346273499405
3346441019283
3346451633177
3346451904483
3346457682596
3346469937028
3346500443233
3346541134314
3346551427195
3346626886278
3346640068727
3346673854147
3346742275636
3346743040202
3346757543667
3346763417643
3346780349287
3346830646114
3346872676068
3346917158665
3346967622563
3346977912421
3347033392654
3347061828689
3347078752096
3347110059403
3347112287785
3347125857284
3347158338497
3347182772906
3347186033452
3347247458467
3347250761167
3347270816323
3347343667386
3347363718652
3347399388574
3347403310140
3347431539980
3347494930842
3347497310888
3347498037542
3347550219717
3347629041816
3347630446258
3347642522438
3347698987495
3347730394614
